"V1","V2","V3","V4","V5","V6","V7","V8","V9","V10","V11","V12","V13","V14","V15","V16","V17","V18","V19","V20","V21","V22","V23","V24","V25","V26","V27","V28","V29","V30","V31","V32","V33","V34","V35","V36","V37","V38","V39","V40","V41","V42","V43","V44","V45","V46","V47","V48","V49","V50"
"000001.java",0,0,0,0,0,0,0,0.00437636761487965,0,0,0,0,0,0,0,0.0109409190371991,0.00656455142231947,0.00218818380743982,0,0.0328227571115974,0,0,0,0.0109409190371991,0.00218818380743982,0,0,0,0,0,0.0306345733041575,0,0.00218818380743982,0,0,0,0,0,0.0240700218818381,0.634573304157549,0,0.00218818380743982,0,0,0,0.00656455142231947,0,0.221006564551422,0,0.0087527352297593
"000002.java",0,0.0245098039215686,0,0,0,0,0,0.00245098039215686,0,0,0,0.0379901960784314,0,0,0.0134803921568627,0,0,0,0,0.153186274509804,0,0,0,0,0,0,0.0122549019607843,0,0,0,0.00367647058823529,0,0,0,0,0,0,0,0,0.75,0,0,0,0,0,0.00245098039215686,0,0,0,0
"000003.java",0,0.000565291124929339,0.00395703787450537,0.00282645562464669,0,0,0,0,0,0,0.00960994912379876,0,0,0,0.00678349349915206,0,0,0,0,0,0,0.00169587337478802,0,0,0,0,0,0,0.0073487846240814,0.00226116449971735,0.000565291124929339,0,0,0,0,0,0,0,0,0.875635952515545,0,0,0,0,0,0,0,0.0887507066139062,0,0
"000004.java",0,0,0,0,0,0,0,0,0,0,0,0.158940397350993,0,0.0033112582781457,0,0,0,0,0,0.241721854304636,0,0,0,0,0.23841059602649,0,0,0,0.0198675496688742,0,0,0,0,0,0,0,0,0,0,0,0,0,0,0,0,0,0,0.337748344370861,0,0
"000005.java",0,0,0,0,0.026431718061674,0.352422907488987,0,0,0.00440528634361234,0.00440528634361234,0,0,0,0.0440528634361234,0,0,0,0,0,0,0,0,0,0,0,0,0,0,0.00881057268722467,0,0.127753303964758,0,0,0,0,0,0.00440528634361234,0,0,0,0,0,0.00440528634361234,0,0,0,0,0.365638766519824,0,0.0572687224669604
"000006.java",0,0,0,0,0,0,0.00404858299595142,0,0,0.00404858299595142,0,0,0.0769230769230769,0.0526315789473684,0,0,0.00404858299595142,0,0,0,0,0,0,0,0,0,0,0,0,0.0121457489878543,0.287449392712551,0,0,0,0,0,0,0,0,0,0,0.0728744939271255,0.00404858299595142,0,0,0,0,0.481781376518219,0,0
"000019.java",0,0.0148514851485149,0,0,0,0,0,0,0,0,0,0,0,0,0,0,0,0,0,0.930693069306931,0,0.0148514851485149,0,0,0.00495049504950495,0.00495049504950495,0,0,0,0.00495049504950495,0,0,0,0,0.0099009900990099,0.00495049504950495,0,0,0,0,0,0,0,0.00495049504950495,0,0,0.00495049504950495,0,0,0
"000020.java",0,0,0,0,0,0,0,0,0,0,0,0,0,0,0,0,0,0,0,0.916666666666667,0,0,0,0.02,0.00333333333333333,0,0,0,0,0,0,0,0,0.0233333333333333,0.00666666666666667,0,0,0,0,0,0,0.00333333333333333,0,0,0,0,0,0.0266666666666667,0,0
"000021.java",0,0,0,0,0.0390243902439024,0,0,0,0,0,0,0,0,0,0.00975609756097561,0,0,0,0.00975609756097561,0.931707317073171,0,0,0,0,0,0,0,0,0,0,0,0,0,0,0,0.0048780487804878,0,0,0,0,0,0,0,0.0048780487804878,0,0,0,0,0,0
"000024.java",0,0,0,0,0,0,0,0,0.782791817087846,0,0,0,0.00180505415162455,0,0,0,0,0,0,0,0,0.0192539109506619,0,0.000601684717208183,0,0,0,0,0,0,0,0,0,0,0,0,0,0,0.0072202166064982,0,0,0,0.000601684717208183,0,0,0.00180505415162455,0,0.185920577617329,0,0
"000026.java",0,0.0778642936596218,0,0.0100111234705228,0,0,0,0,0,0.0211345939933259,0,0,0,0,0,0,0.00111234705228031,0,0,0.0244716351501669,0,0,0,0,0.32035595105673,0,0.00444938820912125,0.00333704115684093,0,0,0,0,0,0,0,0.00333704115684093,0,0,0,0,0,0,0,0,0,0.00111234705228031,0,0.532814238042269,0,0
"000027.java",0,0,0,0,0,0,0,0.000169836956521739,0.000339673913043478,0,0.000339673913043478,0,0,0,0,0,0,0,0,0,0,0,0,0,0,0,0,0,0,0,0,0,0,0,0.924932065217391,0,0,0,0,0,0,0,0,0,0,0,0,0.07421875,0,0
"000031.java",0,0,0,0,0,0,0,0.000158252888115208,0,0,0,0.000158252888115208,0,0.000158252888115208,0,0,0,0,0.000474758664345624,0,0,0,0,0,0,0,0,0,0,0.000158252888115208,0,0,0,0,0,0,0,0,0,0,0.956322202880203,0,0,0,0,0,0,0.042570026902991,0,0
"000036.java",0,0.0012187690432663,0,0.0012187690432663,0.614259597806216,0,0,0,0,0,0,0,0,0,0.0036563071297989,0,0,0,0,0.0134064594759293,0,0.000609384521633151,0,0,0,0,0,0,0,0,0,0,0,0,0,0,0,0.0012187690432663,0,0,0,0,0,0,0,0,0,0.364411943936624,0,0
"000037.java",0,0,0,0,0.538345864661654,0,0,0,0,0,0,0,0,0,0,0,0,0.00150375939849624,0,0.0646616541353384,0,0,0,0,0,0,0,0,0,0,0,0,0,0,0,0,0,0,0,0,0,0,0,0,0.00150375939849624,0,0,0.390977443609023,0.00300751879699248,0
"000041.java",0,0,0,0,0,0,0,0.00112676056338028,0,0.00112676056338028,0,0.969014084507042,0,0,0,0,0,0,0,0.0225352112676056,0,0,0.00112676056338028,0,0,0,0,0,0.00507042253521127,0,0,0,0,0,0,0,0,0,0,0,0,0,0,0,0,0,0,0,0,0
"000044.java",0,0.00218340611353712,0,0,0.074235807860262,0,0,0,0,0,0,0,0,0,0,0,0,0,0.00218340611353712,0.408296943231441,0.00873362445414847,0,0.0109170305676856,0,0.292576419213974,0,0,0,0.00218340611353712,0,0,0,0,0.00218340611353712,0,0,0,0,0.00436681222707424,0.00218340611353712,0.00218340611353712,0,0,0,0.00218340611353712,0,0.0305676855895196,0.150655021834061,0,0.00436681222707424
"000045.java",0,0,0,0,0.000483325277912035,0,0.000161108425970678,0.952634122764621,0,0,0,0,0,0.00660544546479781,0,0,0,0,0.000322216851941357,0.0273884324150153,0,0.000644433703882713,0,0,0.000161108425970678,0,0,0.00096665055582407,0,0,0,0,0,0,0.000161108425970678,0,0,0,0,0,0,0,0,0,0,0,0,0.00950539713227002,0,0.00096665055582407
"000046.java",0,0,0,0,0,0,0,0.813052345343304,0.000226603217765692,0,0,0,0,0,0,0.00747790618626785,0,0.000226603217765692,0.0965329707681849,0.0405619759800589,0,0,0,0,0,0,0,0,0.000226603217765692,0,0,0,0.000226603217765692,0,0,0,0,0,0,0,0,0,0,0,0.0104237480172218,0,0,0.0308180376161342,0,0.000226603217765692
"000060.java",0,0,0,0.877748460861917,0,0,0,0,0,0,0,0,0,0,0,0.000879507475813544,0.000879507475813544,0.000879507475813544,0,0,0,0.00175901495162709,0,0,0,0.000879507475813544,0,0,0,0,0,0,0.00351802990325418,0,0.000879507475813544,0,0,0,0,0,0,0,0,0,0,0,0,0.102022867194371,0,0.0105540897097625
"000063.java",0,0,0,0,0,0,0,0,0,0,0,0.00104602510460251,0,0,0,0,0,0.675209205020921,0,0,0,0,0,0,0,0,0,0.000523012552301255,0.000523012552301255,0,0,0,0,0,0,0,0,0,0,0,0,0,0,0,0.00104602510460251,0,0,0.321652719665272,0,0
"000067.java",0,0,0,0,0,0,0,0,0,0,0,0.00117256204807504,0,0,0,0,0,0,0,0.000390854016025015,0,0,0,0,0,0,0,0.00117256204807504,0.00195427008012507,0,0,0,0.000195427008012507,0,0,0,0,0.000390854016025015,0,0,0,0,0,0,0.000586281024037522,0.000977135040062537,0,0.067422317764315,0.925737736955247,0
"000070.java",0,0,0.00487012987012987,0,0,0,0,0,0,0,0,0.00162337662337662,0.00162337662337662,0,0.0649350649350649,0,0,0,0,0.352272727272727,0,0,0,0,0,0,0,0,0,0,0,0,0.00487012987012987,0,0,0.00324675324675325,0,0,0.051948051948052,0,0.00162337662337662,0,0,0,0.277597402597403,0.00162337662337662,0,0.233766233766234,0,0
"000077.java",0,0,0.00253807106598985,0,0,0,0.347715736040609,0,0,0,0,0.032994923857868,0,0,0.0050761421319797,0,0,0,0,0.545685279187817,0,0,0.00253807106598985,0,0,0,0,0.00253807106598985,0.0380710659898477,0.00253807106598985,0,0,0,0,0,0,0,0,0,0,0.00253807106598985,0.00253807106598985,0,0,0,0,0,0,0.0101522842639594,0.0050761421319797
"000082.java",0,0.194117647058824,0,0,0,0,0,0,0,0,0,0,0.0647058823529412,0,0,0.0117647058823529,0,0,0,0,0,0,0,0,0,0,0,0,0,0.0117647058823529,0.364705882352941,0,0,0,0,0.0117647058823529,0,0,0.00588235294117647,0,0,0,0,0,0,0,0,0.335294117647059,0,0
"000084.java",0,0,0,0,0,0,0,0,0,0,0,0,0,0.0542986425339367,0.00904977375565611,0,0,0,0,0,0,0,0,0,0,0,0,0,0.00452488687782805,0,0.253393665158371,0,0,0,0.00904977375565611,0,0,0,0,0,0.0633484162895928,0.0316742081447964,0.00452488687782805,0.00904977375565611,0,0,0,0.561085972850679,0,0
"000085.java",0,0,0,0,0,0,0,0,0,0,0,0.0108991825613079,0,0.00272479564032698,0,0,0,0,0,0.798365122615804,0,0,0.00272479564032698,0,0.00544959128065395,0,0,0,0,0,0,0,0,0,0,0,0,0,0,0,0,0,0.103542234332425,0.00544959128065395,0,0.0272479564032698,0,0.0435967302452316,0,0
"000096.java",0,0,0,0,0.000697350069735007,0,0,0,0,0,0,0,0.00104602510460251,0,0,0,0,0,0,0,0,0.00104602510460251,0,0,0,0,0,0,0,0,0,0,0,0,0.00209205020920502,0,0,0,0.771269177126918,0.00139470013947001,0,0,0,0,0,0,0,0.222454672245467,0,0
"000102.java",0,0.00064882400648824,0,0,0.00421735604217356,0,0,0,0,0.633414436334144,0,0,0,0.00227088402270884,0.00032441200324412,0,0,0,0,0.0240064882400649,0.00016220600162206,0,0.00016220600162206,0,0,0.00178426601784266,0,0,0,0,0.00178426601784266,0.00016220600162206,0.00016220600162206,0,0.00227088402270884,0,0,0,0.00064882400648824,0,0.00145985401459854,0.00113544201135442,0,0,0.0064882400648824,0.00291970802919708,0,0.315977291159773,0,0
"000108.java",0,0,0,0,0.0324675324675325,0.00649350649350649,0,0.012987012987013,0,0,0,0.038961038961039,0.025974025974026,0,0,0,0.00649350649350649,0,0,0.571428571428571,0,0,0,0,0,0,0,0.012987012987013,0,0,0.038961038961039,0,0,0,0,0,0.00649350649350649,0.0714285714285714,0,0,0,0,0,0,0,0,0,0.175324675324675,0,0
"000112.java",0,0,0,0,0,0,0,0,0,0,0,0,0,0,0,0,0.0222222222222222,0,0,0,0,0,0,0,0.133333333333333,0,0,0,0,0,0.622222222222222,0,0,0,0,0,0,0,0,0.0222222222222222,0,0,0,0,0,0,0,0.2,0,0
"000114.java",0,0.00107758620689655,0,0,0,0,0,0,0,0,0,0,0,0,0,0.00107758620689655,0,0,0,0.122844827586207,0.688577586206897,0,0,0,0,0,0,0,0,0.00107758620689655,0.0021551724137931,0.00107758620689655,0,0,0,0,0,0,0,0,0.00323275862068966,0,0,0,0,0.00107758620689655,0.00754310344827586,0.170258620689655,0,0
"000118.java",0,0,0,0.00238663484486874,0,0,0,0,0,0,0,0,0,0.00238663484486874,0.00715990453460621,0,0,0,0,0.128878281622912,0,0,0,0,0,0,0,0,0,0,0,0,0,0,0,0,0,0.33890214797136,0,0,0,0.0119331742243437,0,0,0,0,0,0.508353221957041,0,0
"000119.java",0.00383141762452107,0,0.00191570881226054,0,0.000957854406130268,0.000957854406130268,0,0,0.00957854406130268,0,0,0,0.00191570881226054,0,0.00478927203065134,0,0,0,0,0.0948275862068965,0,0,0.531609195402299,0,0,0,0,0,0,0,0,0,0.0028735632183908,0.000957854406130268,0,0.00478927203065134,0,0.000957854406130268,0,0,0,0.0555555555555556,0,0,0,0.0028735632183908,0,0.281609195402299,0,0
"000121.java",0.0053475935828877,0.283422459893048,0,0.0053475935828877,0,0,0,0,0,0,0,0,0,0,0,0,0,0,0,0.0481283422459893,0,0,0,0,0.0053475935828877,0.053475935828877,0,0,0,0,0.0160427807486631,0,0,0.0053475935828877,0,0,0,0,0,0,0,0.0053475935828877,0,0,0,0,0,0.181818181818182,0,0.390374331550802
"000122.java",0,0.000504795557799091,0,0,0,0,0,0,0,0,0,0,0,0.00807672892478546,0,0.000504795557799091,0,0,0,0.0519939424533064,0,0,0,0.507319535588087,0,0,0,0,0,0,0,0,0,0,0,0,0,0,0.00454316002019182,0,0.000504795557799091,0,0,0.00302877334679455,0,0.02221100454316,0.00656234225138819,0.388187783947501,0,0.00656234225138819
"000123.java",0,0,0,0,0,0,0,0,0,0.0662824207492795,0,0.00576368876080692,0,0,0,0,0,0,0,0,0,0,0,0.0489913544668588,0,0,0,0,0,0,0.432276657060519,0,0,0,0,0,0,0,0,0,0,0,0,0,0,0,0,0.285302593659942,0,0.161383285302594
"000124.java",0,0,0.00135043889264011,0,0,0,0,0,0.000675219446320054,0,0.00202565833896016,0,0,0,0,0,0,0,0,0,0,0.000675219446320054,0.00202565833896016,0,0,0,0,0,0,0.00540175557056043,0,0,0,0.000675219446320054,0.00202565833896016,0.00202565833896016,0,0,0.000675219446320054,0,0,0.00270087778528022,0,0,0,0.651586765698852,0,0.326130992572586,0,0.00202565833896016
"000125.java",0,0,0,0,0.26046511627907,0,0,0,0,0,0,0.00465116279069767,0,0.00465116279069767,0,0,0,0,0,0.441860465116279,0,0,0,0,0,0,0,0,0,0,0,0,0,0,0.00465116279069767,0,0,0,0,0,0,0,0,0,0,0.013953488372093,0,0.241860465116279,0,0.027906976744186
"000126.java",0,0,0,0,0,0,0,0,0,0,0,0,0,0,0,0,0,0,0,0,0,0,0,0,0,0.792349726775956,0,0,0,0,0,0,0,0,0,0,0,0,0,0,0,0,0.204918032786885,0,0,0,0,0.00273224043715847,0,0
"000127.java",0,0,0,0,0,0,0,0,0.00129491744901263,0,0.00420848170929103,0.00485594043379735,0,0.000647458724506313,0.00323729362253156,0,0,0,0,0.000323729362253156,0,0,0.000647458724506313,0,0,0,0,0,0,0,0,0,0,0.000323729362253156,0.00129491744901263,0,0.000323729362253156,0,0,0,0.000971188086759469,0,0,0.000323729362253156,0,0.728067335707349,0.0398187115571382,0.213013920362577,0,0.000647458724506313
"000128.java",0,0.00645161290322581,0,0,0.0032258064516129,0,0,0,0,0,0,0,0,0,0,0,0,0,0,0,0,0,0,0,0,0.638709677419355,0,0,0,0,0,0,0,0,0,0,0,0,0,0,0,0,0,0,0,0,0,0.351612903225806,0,0
"000130.java",0,0,0,0,0,0,0,0,0,0,0,0,0,0,0,0,0,0,0,0,0,0,0.00904977375565611,0.0135746606334842,0,0.972850678733032,0,0,0,0.00452488687782805,0,0,0,0,0,0,0,0,0,0,0,0,0,0,0,0,0,0,0,0
"000131.java",0,0,0,0,0,0,0,0,0,0,0,0,0,0,0,0,0.05,0,0,0,0,0,0,0,0,0.875,0,0,0,0,0,0,0,0,0,0,0,0,0.025,0,0,0,0,0,0,0,0,0,0,0.05
"000132.java",0,0,0,0.183673469387755,0,0,0.204081632653061,0,0,0,0,0,0,0,0,0,0,0,0,0.0408163265306122,0,0,0,0,0,0.244897959183673,0,0,0,0,0.26530612244898,0,0,0,0,0,0,0,0,0,0,0,0,0.0204081632653061,0,0,0,0.0408163265306122,0,0
"000133.java",0,0,0,0,0,0,0.0217142857142857,0,0,0,0.0148571428571429,0,0.00114285714285714,0,0,0,0,0,0,0,0,0.00114285714285714,0,0,0,0.948571428571429,0,0.00457142857142857,0,0,0,0,0,0,0.00114285714285714,0.00114285714285714,0,0.00342857142857143,0,0,0,0,0.00114285714285714,0,0,0,0,0.00114285714285714,0,0
"000134.java",0,0,0,0,0,0,0,0,0,0,0,0,0,0,0,0,0,0,0,0,0,0,0,0,0,0.979623824451411,0,0.00156739811912226,0.00156739811912226,0,0,0,0,0,0,0,0,0,0,0,0,0,0,0.00156739811912226,0,0,0,0.0156739811912226,0,0
"000135.java",0,0,0,0,0,0,0,0,0,0,0,0,0.17184265010352,0,0,0,0,0,0,0,0,0,0,0,0,0.405797101449275,0,0,0,0,0.418219461697723,0,0,0,0,0,0,0.0020703933747412,0,0,0,0,0,0,0.0020703933747412,0,0,0,0,0
"000136.java",0,0,0,0,0,0,0,0,0,0,0,0,0,0,0,0,0,0,0,0,0,0,0,0.00273972602739726,0.00273972602739726,0.772602739726027,0.00273972602739726,0,0,0,0,0,0,0,0,0,0,0.216438356164384,0,0,0,0,0,0,0,0,0,0,0.00273972602739726,0
"000149.java",0,0,0,0,0,0,0,0.0151999376412815,0,0,0,0,0,0.000311793592641671,0.926338763738405,0,0,7.79483981604178e-05,0,0.000233845194481253,7.79483981604178e-05,7.79483981604178e-05,0,0,0,0,0,0,7.79483981604178e-05,0,0,0,7.79483981604178e-05,0,0,0,0,0,0,0,0.000311793592641671,0,0,0,0,0,0,0.0572141242497467,0,0
"000150.java",0,0.0318627450980392,0,0.541666666666667,0,0,0,0,0,0,0,0,0,0,0,0,0,0,0,0.416666666666667,0,0.00245098039215686,0,0,0,0,0,0,0,0,0.00735294117647059,0,0,0,0,0,0,0,0,0,0,0,0,0,0,0,0,0,0,0
"000152.java",0,0.926339285714286,0,0,0,0,0,0,0,0,0,0,0,0,0,0,0,0,0,0.00111607142857143,0,0,0,0,0,0,0,0,0,0,0,0,0,0,0,0,0,0,0,0,0,0.00223214285714286,0,0,0,0,0.00446428571428571,0.0658482142857143,0,0
"000155.java",0,0,0.00116959064327485,0.0105263157894737,0,0,0,0,0,0,0,0,0.016374269005848,0,0,0,0,0,0.00116959064327485,0.271345029239766,0,0,0,0,0.00233918128654971,0,0,0,0,0,0,0,0,0.530994152046784,0,0,0,0.00116959064327485,0,0,0,0,0,0,0,0,0,0.164912280701754,0,0
"000159.java",0.650485436893204,0,0,0,0.000571102227298686,0,0,0,0,0,0,0,0,0,0,0,0,0,0,0,0,0,0,0,0,0,0,0,0,0,0.00114220445459737,0,0,0,0,0,0,0,0,0,0,0.000571102227298686,0,0.0411193603655054,0,0,0,0.306110793832096,0,0
"000160.java",0,0,0,0,0,0,0,0.00367107195301028,0.000734214390602056,0,0,0,0,0,0,0,0,0,0,0,0,0,0,0,0,0,0,0,0,0,0,0,0,0,0,0,0,0,0,0,0,0,0,0,0,0.000734214390602056,0,0.113069016152717,0.000734214390602056,0.881057268722467
"000161.java",0,0,0,0,0.00354609929078014,0,0.0815602836879433,0,0,0,0.00709219858156028,0,0,0,0,0,0,0,0,0.677304964539007,0,0.00354609929078014,0,0,0.0212765957446809,0,0,0,0.00354609929078014,0,0,0,0,0,0,0,0,0,0.00354609929078014,0,0,0,0,0,0,0,0,0.198581560283688,0,0
"000162.java",0,0,0,0,0,0,0,0.0116731517509728,0,0.0369649805447471,0,0,0,0.0214007782101167,0,0,0,0,0,0.198443579766537,0,0,0.00194552529182879,0,0,0,0,0.0155642023346304,0,0.0116731517509728,0.284046692607004,0,0,0,0,0,0,0.0155642023346304,0.00194552529182879,0,0,0,0,0,0,0,0,0.392996108949416,0.00194552529182879,0.00583657587548638
"000163.java",0,0,0,0,0,0,0,0,0,0,0,0.0225806451612903,0,0,0,0,0,0,0,0.338709677419355,0,0,0,0,0.00161290322580645,0,0,0.388709677419355,0.082258064516129,0,0,0,0.00645161290322581,0,0,0,0,0,0,0,0.00161290322580645,0,0,0,0,0,0,0.158064516129032,0,0
"000164.java",0,0,0,0,0,0,0,0,0,0,0,0,0,0,0.0259050149452009,0,0,0,0,0.161408170043175,0,0,0,0,0,0,0,0,0.545998007306543,0,0,0,0,0,0.0498173364330787,0,0,0,0,0,0,0,0,0,0.0318830953171704,0.00332115576220525,0,0.181667220192627,0,0
"000165.java",0.00108342361863489,0,0,0,0,0,0,0,0,0.00216684723726977,0,0,0.209100758396533,0,0.00108342361863489,0,0,0.0119176598049837,0,0.0433369447453954,0,0.00216684723726977,0.177681473456121,0,0,0.00216684723726977,0,0.0151679306608884,0.0368364030335861,0,0.0682556879739978,0,0,0,0,0.00325027085590466,0,0,0,0,0,0.104008667388949,0,0,0,0,0,0.319609967497291,0,0.00216684723726977
"000170.java",0,0.00149925037481259,0,0,0,0,0.00149925037481259,0,0,0,0,0,0,0,0,0,0,0,0,0.367316341829085,0,0,0,0,0,0,0,0,0,0.112443778110945,0,0,0,0,0,0.36431784107946,0,0,0,0,0.0254872563718141,0.00149925037481259,0.00149925037481259,0.00749625187406297,0,0,0,0.116941529235382,0,0
"000171.java",0,0,0,0,0,0,0,0.000848176420695505,0.0195080576759966,0,0.00169635284139101,0,0.0636132315521628,0,0.00169635284139101,0,0,0,0,0.154368108566582,0,0,0,0,0,0,0.000848176420695505,0,0.0441051738761662,0,0,0,0.515691263782867,0,0,0,0,0,0.00763358778625954,0,0,0.00593723494486853,0,0,0,0,0,0.173876166242578,0,0.0101781170483461
"000172.java",8.95335303071e-05,0,0,0,0.0004476676515355,0,8.95335303071e-05,0,0,0,0,0,0.0645536753514191,0,0.0002686005909213,0,0.0003581341212284,0,0,0,0,0.604709463694153,0,0,0,0,0,0.0002686005909213,0,0,0,0.0001790670606142,0,0,0,0,0,0,0,0,0,0.0009848688333781,0.0002686005909213,0.0001790670606142,0,0,0,0.327603187393679,0,0
"000173.java",0,0,0,0,0,0,0,0,0,0,0.000349711488022382,0,0.000699422976044763,0.000174855744011191,0,0,0,0.000174855744011191,0,0,0,0.000174855744011191,0,0.000874278720055954,0,0,0,0,0,0,0,0,0,0,0,0,0,0,0,0,0,0,0,0.924812030075188,0,0,0.000174855744011191,0.0722154222766218,0.000349711488022382,0
"000174.java",0,0.00115606936416185,0,0,0,0,0,0,0,0.00346820809248555,0,0,0,0,0,0,0.00115606936416185,0,0,0.708670520231214,0,0,0,0,0.0104046242774566,0,0,0,0,0.0046242774566474,0,0,0,0,0.0023121387283237,0.00115606936416185,0,0,0,0,0,0,0,0.00115606936416185,0.252023121387283,0,0.0023121387283237,0.0115606936416185,0,0
"000175.java",0,0,0.517971758664955,0.000641848523748395,0,0.000641848523748395,0,0,0,0,0,0,0.00128369704749679,0,0,0,0,0,0,0.112965340179718,0.000641848523748395,0,0,0.000641848523748395,0,0,0,0,0,0,0,0,0,0,0,0,0,0,0,0,0,0,0,0,0,0,0,0.365211810012837,0,0
"000176.java",0,0,0,0,0,0,0,0,0,0,0,0,0,0,0,0,0,0,0,0.74375,0,0.0666666666666667,0,0,0,0.00208333333333333,0,0,0,0,0,0,0,0,0,0.0729166666666667,0.00416666666666667,0,0,0,0,0,0,0.102083333333333,0,0,0,0.00833333333333333,0,0
"000177.java",0,0,0,0,0,0,0,0,0,0,0,0,0,0,0,0,0,0,0.039344262295082,0.40655737704918,0,0,0,0,0,0,0,0,0,0.160655737704918,0,0,0,0,0,0,0,0,0,0,0,0,0,0.019672131147541,0,0,0.0950819672131148,0.275409836065574,0.00327868852459016,0
"000178.java",0,0.0168067226890756,0,0,0,0,0,0,0,0,0,0,0,0,0.180672268907563,0,0,0.00420168067226891,0,0.563025210084034,0,0,0,0,0,0,0,0,0,0,0,0,0.134453781512605,0.00840336134453781,0,0.00420168067226891,0,0,0,0,0,0,0.00420168067226891,0.0126050420168067,0,0,0,0.0714285714285714,0,0
"000179.java",0,0,0,0,0,0,0,0.00296296296296296,0,0,0,0,0.194074074074074,0,0,0,0,0.00296296296296296,0,0,0,0,0.348148148148148,0,0,0,0,0,0,0,0,0,0.0296296296296296,0,0,0,0,0,0,0,0,0,0,0,0,0,0,0.422222222222222,0,0
"000183.java",0,0,0,0,0,0,0,0,0,0,0,0.00106157112526539,0,0,0,0,0,0,0,0,0,0,0,0,0,0,0,0,0,0.695329087048832,0,0,0,0,0,0,0,0,0,0,0.000353857041755131,0,0,0.00636942675159236,0.00212314225053079,0,0,0.294762915782024,0,0
"000185.java",0,0,0,0,0,0,0,0,0.000170212765957447,0,0,0,0,0.00153191489361702,0.000170212765957447,0,0,0,0,0.00663829787234043,0,0,0,0,0.000170212765957447,0,0,0,0,0,0,0,0,0,0,0,0,0,0,0.000170212765957447,0,0,0,0,0,0.000170212765957447,0.868255319148936,0.122723404255319,0,0
"000187.java",0,0,0,0,0,0,0,0,0,0,0,0.00808625336927224,0,0,0,0,0,0,0,0.53099730458221,0,0.00808625336927224,0,0,0,0,0,0.0107816711590297,0,0.323450134770889,0.00539083557951483,0.00269541778975741,0,0.00269541778975741,0,0,0,0,0,0,0,0,0,0,0,0,0,0.107816711590297,0,0
"000188.java",0,0,0,0,0,0,0,0.00524475524475524,0,0,0,0.00174825174825175,0,0.0034965034965035,0,0,0,0,0,0.246503496503497,0,0,0,0,0,0,0,0.00174825174825175,0,0,0,0,0.0524475524475524,0,0,0.370629370629371,0,0,0,0,0,0.0122377622377622,0,0,0,0,0.0034965034965035,0.295454545454545,0,0.00699300699300699
"000189.java",0,0,0.00639658848614072,0,0,0,0,0,0,0,0,0,0,0,0,0,0,0,0,0,0,0,0,0.114427860696517,0,0,0,0,0,0.0796019900497512,0,0,0,0,0,0,0,0,0.0170575692963753,0,0,0,0,0,0,0,0.000710732054015636,0.781094527363184,0.000710732054015636,0
"000190.java",0,0,0,0,0,0,0,0,0,0,0,0,0,0,0,0,0,0,0,0.573426573426573,0,0,0,0,0,0.0104895104895105,0,0.048951048951049,0.199300699300699,0,0,0,0,0,0.041958041958042,0.122377622377622,0,0,0,0,0,0,0,0,0,0,0,0.0034965034965035,0,0
"000191.java",0,0.00343053173241852,0,0,0,0.00171526586620926,0,0,0,0,0,0,0.00171526586620926,0.00171526586620926,0,0.032590051457976,0,0,0,0,0,0,0,0,0,0,0,0.00171526586620926,0,0.00171526586620926,0,0,0,0,0,0.924528301886792,0,0,0.0291595197255575,0.00171526586620926,0,0,0,0,0,0,0,0,0,0
"000193.java",0,0,0,0,0,0,0,0,0,0,0,0,0,0.791163382072473,0,0,0,0,0,0,0,0,0,0,0,0.000317863954227591,0,0,0,0,0,0,0,0,0,0,0,0,0,0,0,0,0,0,0,0,0.000317863954227591,0.208200890019072,0,0
"000194.java",0,0,0,0.0154320987654321,0,0,0,0,0,0,0,0,0,0.0169753086419753,0.00154320987654321,0,0,0.0108024691358025,0.00462962962962963,0,0,0,0,0,0,0,0,0.0231481481481481,0.283950617283951,0.066358024691358,0.0138888888888889,0,0,0,0,0,0,0,0,0,0,0,0,0,0.0478395061728395,0,0,0.29320987654321,0.00771604938271605,0.214506172839506
"000195.java",0,0,0,0,0,0,0,0,0,0.0386195562859491,0,0,0,0.0262941659819228,0,0,0.000821692686935086,0,0,0.414133114215283,0,0,0.00246507806080526,0,0,0,0,0,0,0.00164338537387017,0,0,0,0,0,0,0,0,0,0,0,0.00164338537387017,0,0,0.335250616269515,0.00164338537387017,0.000821692686935086,0.176663927691044,0,0
"000196.java",0,0,0,0,0,0,0,0,0,0,0,0,0,0.00205676676264912,0,0,0,0,0,0,0,0.000411353352529823,0,0,0,0,0.118881118881119,0,0,0,0,0,0,0,0,0,0,0,0,0,0,0,0,0,0.550802139037433,0,0,0.327848621966269,0,0
"000197.java",0,0,0,0,0,0,0.00265604249667995,0,0,0,0,0.00531208499335989,0.00265604249667995,0,0,0,0,0,0,0,0,0,0,0,0,0.00398406374501992,0,0.652722443559097,0,0.00132802124833997,0,0,0,0,0,0,0,0,0.0438247011952191,0,0,0,0,0.00132802124833997,0,0,0,0.286188579017264,0,0
"000198.java",0,0,0,0,0,0,0,0,0,0.0645695364238411,0,0,0,0,0,0,0,0.00496688741721854,0,0,0,0,0,0,0.374172185430464,0,0,0,0,0,0,0,0,0,0,0,0,0,0,0,0,0,0,0.0132450331125828,0,0.00165562913907285,0,0.541390728476821,0,0
"000199.java",0,0,0,0,0,0,0,0.103515625,0,0,0,0,0,0,0.279296875,0,0,0,0,0,0,0.05859375,0,0,0,0,0,0,0,0,0,0,0,0,0,0.0234375,0,0,0.001953125,0,0,0.001953125,0,0,0.125,0,0,0.396484375,0,0.009765625
"000200.java",0,0,0,0,0.00383141762452107,0,0,0,0,0,0.00383141762452107,0,0,0.226053639846743,0.0459770114942529,0,0,0,0,0.586206896551724,0,0,0,0,0,0,0,0,0.0613026819923372,0,0,0,0.00383141762452107,0,0,0,0,0,0,0,0,0,0,0,0.0114942528735632,0.00383141762452107,0,0.053639846743295,0,0
"000201.java",0,0,0.00188442211055276,0,0,0,0,0,0,0,0,0,0,0,0,0,0,0,0.812814070351759,0,0,0,0,0,0,0,0,0,0,0,0,0,0.000314070351758794,0,0,0,0,0,0,0,0,0,0,0,0,0,0,0.18498743718593,0,0
"000202.java",0,0,0,0,0,0,0,0,0,0.0150375939849624,0,0,0,0,0,0.180451127819549,0,0,0.18796992481203,0.0977443609022556,0,0,0,0,0,0,0.157894736842105,0,0,0,0.345864661654135,0,0,0,0,0,0,0,0,0,0,0,0,0,0,0,0,0.0150375939849624,0,0
"000225.java",0,0.0429530201342282,0.00134228187919463,0,0,0,0,0,0,0,0,0,0.284563758389262,0,0,0,0.00134228187919463,0.00134228187919463,0,0.436241610738255,0,0,0.00134228187919463,0.0120805369127517,0,0.00134228187919463,0.00134228187919463,0.00134228187919463,0,0,0,0,0,0,0.00402684563758389,0,0.208053691275168,0,0.00134228187919463,0,0,0,0,0,0,0.00134228187919463,0,0,0,0
"000226.java",0,0,0,0.0170940170940171,0,0.00427350427350427,0,0,0,0,0,0,0,0,0,0.00854700854700855,0,0,0,0.35042735042735,0,0.00427350427350427,0,0,0,0.153846153846154,0,0,0.0811965811965812,0,0.307692307692308,0,0,0,0,0.0213675213675214,0.0341880341880342,0,0,0,0,0,0,0,0.0128205128205128,0,0.00427350427350427,0,0,0
"000228.java",0,0,0,0.0551724137931034,0,0,0.00689655172413793,0,0,0,0,0,0,0,0,0,0.0827586206896552,0,0,0,0,0,0,0,0,0,0,0,0,0,0.455172413793103,0,0,0,0,0,0,0,0,0,0,0.0689655172413793,0,0,0,0,0.0137931034482759,0.0758620689655172,0.00689655172413793,0.23448275862069
"000232.java",0,0.436726926736441,0,0,0,0,0.00190294957183635,0,0,0.000951474785918173,0,0,0,0,0,0,0,0,0,0.128449096098953,0,0,0,0,0,0,0,0,0,0,0,0,0,0,0,0.00190294957183635,0.42721217887726,0,0,0,0,0,0,0,0,0,0.00285442435775452,0,0,0
"000234.java",0,0.101167315175097,0,0,0,0,0,0,0,0.000648508430609598,0,0,0,0,0,0,0,0,0,0.190012970168612,0,0,0,0,0,0,0,0,0,0,0,0,0,0,0,0,0.705577172503243,0,0,0,0,0,0,0,0,0,0,0.00259403372243839,0,0
"000236.java",0,0.15807560137457,0,0,0,0,0,0,0.013745704467354,0,0,0,0,0,0,0,0,0.00343642611683849,0,0.0206185567010309,0,0,0,0,0,0,0.00343642611683849,0,0,0,0.374570446735395,0,0,0,0,0,0.34020618556701,0,0,0,0,0,0,0,0,0.00687285223367698,0,0.0790378006872852,0,0
"000237.java",0,0.727272727272727,0,0,0,0,0,0,0,0,0.00432900432900433,0,0,0,0,0,0,0,0,0,0,0,0,0,0,0,0,0,0,0,0.125541125541126,0,0,0,0.00432900432900433,0,0,0,0,0,0,0,0,0,0.00432900432900433,0,0,0.134199134199134,0,0
"000247.java",0.582514734774067,0.081532416502947,0,0,0,0,0,0.000982318271119843,0,0,0,0.0235756385068762,0,0,0,0,0,0,0,0.0776031434184676,0,0.141453831041257,0,0,0,0,0,0,0,0.00196463654223969,0,0,0,0,0,0,0,0.00196463654223969,0,0,0,0,0,0,0.000982318271119843,0,0,0.087426326129666,0,0
"000248.java",0,0.170212765957447,0.0212765957446809,0.00472813238770686,0,0,0,0,0,0,0.0141843971631206,0.00236406619385343,0,0,0.00236406619385343,0,0,0,0,0.373522458628842,0,0,0,0,0.245862884160756,0,0,0,0,0,0,0,0,0,0,0,0,0.00236406619385343,0,0,0,0,0,0,0,0,0,0.163120567375887,0,0
"000286.java",0.00347826086956522,0.39304347826087,0,0,0,0,0.00173913043478261,0,0,0,0,0,0.0156521739130435,0.0121739130434783,0,0,0,0.04,0,0.0643478260869565,0.31304347826087,0,0,0,0,0,0,0,0,0,0,0,0,0,0,0.144347826086957,0,0,0.00521739130434783,0,0,0,0,0,0,0.00173913043478261,0.00173913043478261,0.00347826086956522,0,0
"000287.java",0,0.728682170542636,0,0,0,0,0,0,0,0,0.00775193798449612,0,0,0,0,0,0,0,0,0,0.116279069767442,0,0,0,0,0.0155038759689922,0,0,0,0,0.00775193798449612,0,0,0,0,0,0.0232558139534884,0,0,0,0,0,0,0,0,0,0.00775193798449612,0.0852713178294574,0,0.00775193798449612
"000288.java",0,0.739837398373984,0,0,0,0,0,0,0,0,0,0,0,0,0,0,0,0,0.00813008130081301,0.154471544715447,0.0975609756097561,0,0,0,0,0,0,0,0,0,0,0,0,0,0,0,0,0,0,0,0,0,0,0,0,0,0,0,0,0
"000289.java",0,0.617647058823529,0,0,0.00735294117647059,0,0,0,0,0,0,0,0.0318627450980392,0.00245098039215686,0,0,0,0,0,0.134803921568627,0,0,0.00245098039215686,0,0,0,0,0,0,0,0,0,0,0,0,0,0,0,0,0,0,0,0.100490196078431,0,0,0,0,0.102941176470588,0,0
"000290.java",0,0.63013698630137,0,0,0,0,0,0,0,0,0,0,0,0,0,0,0,0,0,0,0,0,0,0,0,0,0,0,0,0,0.105022831050228,0,0,0,0,0,0,0.0045662100456621,0,0,0,0,0.26027397260274,0,0,0,0,0,0,0
"000291.java",0,0.406015037593985,0,0,0,0,0,0,0,0.0075187969924812,0,0,0,0,0,0.0075187969924812,0,0.0075187969924812,0,0.353383458646617,0,0,0,0,0.0075187969924812,0,0,0,0,0,0,0,0,0,0,0,0.150375939849624,0,0,0.0075187969924812,0,0,0,0,0,0,0.0075187969924812,0.0451127819548872,0,0
"000292.java",0,0.538775510204082,0,0,0,0,0,0,0,0,0,0,0,0,0.0408163265306122,0.0163265306122449,0,0,0,0.277551020408163,0,0.00408163265306122,0,0,0,0,0.00816326530612245,0.00408163265306122,0.00816326530612245,0,0,0,0.0122448979591837,0,0,0,0.0448979591836735,0,0,0,0,0,0,0,0,0,0,0.0285714285714286,0,0.0163265306122449
"000293.java",0,0.359712230215827,0,0,0,0,0,0,0,0,0,0,0,0,0,0,0,0,0,0.00719424460431655,0,0,0,0,0,0,0,0,0.0215827338129496,0,0.273381294964029,0,0,0,0,0,0.0431654676258993,0,0,0,0,0,0.00719424460431655,0.0143884892086331,0,0,0,0.266187050359712,0,0.00719424460431655
"000294.java",0,0,0.000762921991226397,0,0,0,0,0.000190730497806599,0,0,0,0,0,0.000190730497806599,0.000381460995613199,0,0,0,0,0,0,0,0,0.000572191493419798,0,0.000190730497806599,0.701125309937059,0.000190730497806599,0,0.00781995041007057,0,0.000953652489032996,0,0,0,0,0.000762921991226397,0,0,0,0,0,0,0,0.00991798588594316,0,0,0.276940682815182,0,0
"000295.java",0,0,0,0.001,0,0,0,0,0,0,0,0,0,0,0,0.733,0,0,0,0,0,0,0,0,0,0,0.014,0,0,0,0,0,0,0,0.001,0,0,0,0,0,0,0,0,0,0,0,0,0.251,0,0
"000300.java",0,0,0,0,0,0,0,0,0,0,0,0,0,0,0,0,0.000296912114014252,0,0,0.00742280285035629,0,0,0,0,0,0,0.0133610451306413,0,0,0,0,0.790380047505938,0,0,0,0,0,0,0,0,0,0,0.000296912114014252,0,0,0,0,0.188242280285036,0,0
"000305.java",0,0,0,0,0,0,0,0,0,0.00229734164752215,0.804725959960617,0,0.000656383327863472,0,0,0,0,0,0,0.0669510994420742,0.000328191663931736,0,0,0,0.000984574991795208,0.0118148999015425,0,0,0,0,0.00229734164752215,0,0,0.000656383327863472,0,0.000984574991795208,0,0,0,0,0,0,0,0,0.000656383327863472,0,0,0.104693140794224,0,0.00295372497538563
"000306.java",0,0,0,0,0,0,0,0,0,0,0.0100502512562814,0,0,0,0,0,0,0.0050251256281407,0,0,0,0.0050251256281407,0,0,0,0.798994974874372,0.0201005025125628,0,0.0100502512562814,0,0.0351758793969849,0,0,0,0,0,0.0402010050251256,0,0,0,0.0201005025125628,0.0050251256281407,0,0,0,0,0.0050251256281407,0,0,0.0452261306532663
"000364.java",0,0.0757575757575758,0.0606060606060606,0,0,0,0,0,0,0,0,0,0,0,0,0,0,0,0,0,0,0,0,0,0,0.272727272727273,0,0.0151515151515152,0,0,0.454545454545455,0,0,0,0,0,0,0,0,0.0151515151515152,0,0,0,0,0,0,0,0.0151515151515152,0,0.0909090909090909
"000367.java",0.000569476082004556,0,0,0,0,0,0,0,0,0,0,0,0.721526195899772,0,0,0,0,0,0,0.00227790432801822,0,0.00968109339407745,0.000569476082004556,0,0,0,0.000569476082004556,0,0,0,0,0,0,0,0,0,0.000569476082004556,0,0,0,0,0,0,0,0,0,0,0.264236902050114,0,0
"000377.java",0,0,0,0,0,0,0,0,0,0,0.292929292929293,0,0,0,0,0,0,0,0,0,0,0,0,0,0,0.464646464646465,0,0,0,0,0,0,0,0,0,0,0,0,0,0,0,0,0,0,0,0,0,0.242424242424242,0,0
"000379.java",0,0,0,0,0,0,0,0,0,0,0,0,0,0,0,0,0,0,0,0,0,0,0,0,0.0273224043715847,0.819672131147541,0,0,0,0,0.103825136612022,0,0,0,0,0,0,0,0,0,0,0,0,0,0,0.0109289617486339,0,0.0382513661202186,0,0
"000463.java",0,0.270588235294118,0,0,0,0,0,0,0,0,0,0,0,0,0,0,0.645751633986928,0.00065359477124183,0,0.0176470588235294,0,0,0,0,0,0,0,0.00065359477124183,0,0,0,0,0,0,0,0,0,0,0,0,0,0,0,0,0,0,0,0.0647058823529412,0,0
"000481.java",0,0,0,0,0,0,0,0,0,0,0,0,0.0143884892086331,0,0,0,0.115107913669065,0,0,0,0,0,0,0,0.00719424460431655,0,0,0,0,0,0.697841726618705,0,0,0,0,0.0143884892086331,0,0,0,0,0,0,0,0,0,0,0,0.136690647482014,0,0.0143884892086331
"000482.java",0,0,0,0,0.0137741046831956,0,0,0,0,0,0,0,0.0165289256198347,0,0,0,0.0661157024793388,0,0,0.0192837465564738,0,0,0,0,0,0,0,0,0,0,0,0,0,0,0,0.00826446280991736,0,0,0,0,0,0,0,0.0192837465564738,0,0,0,0.0606060606060606,0,0.796143250688705
"000488.java",0,0,0,0,0,0,0,0.000191424196018377,0,0,0,0,0,0,0.000191424196018377,0,0,0,0,0,0,0,0,0,0.000191424196018377,0,0,0,0,0.000191424196018377,0,0.000191424196018377,0.000191424196018377,0,0,0,0,0,0.000191424196018377,0,0,0.731431852986217,0,0.000765696784073507,0,0,0,0.26646248085758,0,0
"000489.java",0,0,0,0,0,0.0277777777777778,0.277777777777778,0,0,0,0,0,0,0,0,0,0,0,0,0,0,0,0,0,0,0,0,0,0,0,0.638888888888889,0,0,0,0,0,0,0,0,0,0,0,0.0277777777777778,0.0277777777777778,0,0,0,0,0,0
"000490.java",0,0.00215982721382289,0,0,0,0.365010799136069,0,0,0,0,0.00215982721382289,0,0,0,0,0,0,0,0,0.552915766738661,0,0.00431965442764579,0,0,0,0,0,0,0,0,0,0,0,0,0,0,0,0,0,0,0,0,0,0,0,0,0,0.0734341252699784,0,0
"000491.java",0,0.0940919037199125,0,0.00218818380743982,0,0,0.352297592997812,0,0,0,0.00218818380743982,0,0,0,0.0175054704595186,0,0,0,0,0,0,0,0,0,0,0.0700218818380744,0.00218818380743982,0,0,0,0,0,0,0,0,0,0,0,0,0.00437636761487965,0,0,0,0,0,0.00218818380743982,0,0.260393873085339,0,0.192560175054705
