"V1","V2","V3","V4","V5","V6","V7","V8","V9","V10","V11","V12","V13","V14","V15","V16","V17","V18","V19","V20","V21","V22","V23","V24","V25","V26","V27","V28","V29","V30","V31","V32","V33","V34","V35","V36","V37","V38","V39","V40","V41","V42","V43","V44","V45","V46","V47","V48","V49","V50"
"000001.java",0,0,0.00218818380743982,0,0,0,0,0.579868708971554,0,0,0.0700218818380744,0,0,0.00218818380743982,0,0.0262582056892779,0.0437636761487965,0.0131291028446389,0,0,0,0,0,0,0,0,0,0,0.25164113785558,0.00218818380743982,0,0,0,0,0,0,0,0,0,0,0,0,0,0,0.00218818380743982,0,0,0,0,0.00656455142231947
"000002.java",0,0,0,0,0,0,0,0.72671568627451,0.017156862745098,0,0,0,0,0,0.00122549019607843,0,0.0147058823529412,0.00367647058823529,0.00490196078431373,0,0,0.00245098039215686,0,0,0,0,0,0,0.126225490196078,0,0,0,0,0,0,0,0,0,0,0,0,0,0,0,0.0183823529411765,0,0,0,0.0845588235294118,0
"000003.java",0,0,0,0,0,0.0305257207461843,0,0.830977953646128,0,0,0.0265686828716789,0,0,0,0,0,0,0.00960994912379876,0,0.00339174674957603,0,0,0,0,0.00169587337478802,0,0.00508762012436405,0,0.0853589598643301,0,0,0.000565291124929339,0,0,0,0,0,0.00395703787450537,0,0,0,0,0.00113058224985868,0.00113058224985868,0,0,0,0,0,0
"000004.java",0,0,0,0,0,0,0,0,0,0,0,0,0,0,0,0,0,0,0,0,0,0,0,0.0165562913907285,0.0033112582781457,0,0,0,0.562913907284768,0.145695364238411,0,0,0,0,0.158940397350993,0.0629139072847682,0.0364238410596026,0,0.0033112582781457,0,0,0,0,0.00993377483443709,0,0,0,0,0,0
"000005.java",0,0,0,0,0,0,0.33920704845815,0,0,0,0,0,0.00440528634361234,0,0,0,0,0,0,0,0,0,0.0572687224669604,0,0,0,0.0969162995594714,0,0.45374449339207,0,0,0,0,0,0,0,0.00881057268722467,0,0.00440528634361234,0,0,0.00881057268722467,0.00440528634361234,0.0220264317180617,0,0,0,0,0,0
"000006.java",0,0,0,0,0,0,0,0,0.109311740890688,0,0,0,0,0,0,0,0,0,0.0121457489878543,0,0,0,0,0.00404858299595142,0.17004048582996,0,0,0,0.619433198380567,0,0,0,0,0.0121457489878543,0,0.00404858299595142,0,0,0.00404858299595142,0,0,0,0,0.0647773279352227,0,0,0,0,0,0
"000019.java",0,0,0,0,0,0,0,0,0,0,0,0,0,0,0,0.00495049504950495,0,0,0,0,0,0.00495049504950495,0.0099009900990099,0,0,0.0544554455445545,0,0,0.143564356435644,0,0,0,0,0,0,0.767326732673267,0,0,0,0,0,0,0,0.00495049504950495,0,0.0099009900990099,0,0,0,0
"000020.java",0,0,0,0,0,0.00666666666666667,0,0,0,0,0,0.0233333333333333,0,0,0,0.06,0,0,0.00333333333333333,0,0,0,0,0.01,0.00666666666666667,0,0,0,0.21,0.0133333333333333,0.00333333333333333,0,0,0,0,0.626666666666667,0,0,0,0,0,0.03,0,0,0,0,0.00666666666666667,0,0,0
"000021.java",0,0,0.0048780487804878,0,0,0,0,0,0,0,0.0048780487804878,0,0,0,0,0.0292682926829268,0,0.0146341463414634,0,0,0,0.00975609756097561,0.0487804878048781,0,0,0.0146341463414634,0,0,0,0,0,0,0,0.00975609756097561,0,0.858536585365854,0,0,0,0,0,0.0048780487804878,0,0,0,0,0,0,0,0
"000024.java",0,0,0.0469314079422383,0,0,0.000601684717208183,0,0,0,0,0.00120336943441637,0.000601684717208183,0,0,0,0,0.00180505415162455,0.00782190132370638,0.752707581227437,0,0,0,0,0,0.000601684717208183,0,0,0,0.160649819494585,0,0,0,0,0,0,0.0258724428399519,0,0,0.00120336943441637,0,0,0,0,0,0,0,0,0,0,0
"000026.java",0,0,0,0,0,0,0,0,0,0,0,0,0,0,0,0,0,0.00111234705228031,0,0,0,0,0,0,0.00444938820912125,0,0,0,0.468298109010011,0.331479421579533,0,0,0,0,0.00444938820912125,0.0422691879866518,0,0,0.00333704115684093,0.0255839822024472,0,0,0,0,0,0,0,0,0.119021134593993,0
"000027.java",0,0,0,0,0,0,0,0,0,0,0,0.961277173913043,0,0,0,0,0,0.000169836956521739,0.000339673913043478,0,0,0,0,0,0,0,0,0.000339673913043478,0.0370244565217391,0,0,0,0,0,0,0,0.000679347826086957,0,0.000169836956521739,0,0,0,0,0,0,0,0,0,0,0
"000031.java",0,0,0,0.000158252888115208,0,0,0,0,0.000316505776230416,0,0,0,0,0,0,0,0,0,0,0,0,0,0.000158252888115208,0,0,0,0,0.953315398006014,0.0455768317771799,0,0,0,0,0,0,0,0,0,0,0,0,0,0,0,0,0,0.000474758664345624,0,0,0
"000036.java",0,0,0,0,0,0,0,0,0,0,0,0,0,0,0,0,0,0,0.000609384521633151,0,0,0,0.649603900060938,0,0,0.0134064594759293,0,0,0.185862279098111,0,0,0,0,0,0,0.142595978062157,0,0,0,0,0,0,0,0.0048750761730652,0.00304692260816575,0,0,0,0,0
"000037.java",0,0,0,0,0,0.00451127819548872,0,0,0,0,0,0,0,0,0,0,0,0,0,0,0,0,0.526315789473684,0,0.00150375939849624,0.043609022556391,0,0,0.333834586466165,0,0.00150375939849624,0,0,0,0,0.087218045112782,0,0,0,0,0,0,0,0,0.00150375939849624,0,0,0,0,0
"000041.java",0,0,0,0,0,0,0,0,0,0,0,0,0,0,0,0,0,0.0028169014084507,0,0.000563380281690141,0,0,0,0,0,0.000563380281690141,0,0,0.176338028169014,0,0,0,0,0,0,0,0.819154929577465,0,0,0,0,0,0,0,0,0,0,0,0,0.000563380281690141
"000044.java",0,0,0,0,0,0,0.200873362445415,0,0,0.0873362445414847,0,0,0,0,0,0,0,0,0,0,0,0,0.0262008733624454,0,0,0.174672489082969,0,0,0.251091703056769,0.0393013100436681,0,0,0,0,0,0.218340611353712,0,0,0.00218340611353712,0,0,0,0,0,0,0,0,0,0,0
"000045.java",0.00177219268567746,0,0.000644433703882713,0,0,0.00096665055582407,0,0,0,0,0,0,0,0.000161108425970678,0.000483325277912035,0,0,0,0,0.000161108425970678,0,0,0.000161108425970678,0,0,0,0,0,0.0354438537135492,0,0,0,0,0,0,0,0,0,0,0,0.000322216851941357,0,0.000161108425970678,0.00531657805703238,0.954406315450298,0,0,0,0,0
"000046.java",0,0,0,0,0,0,0,0,0,0,0,0,0,0,0,0,0,0,0,0,0,0.000226603217765692,0,0,0,0.000226603217765692,0,0,0.0663947428053478,0,0,0,0,0,0,0,0.000226603217765692,0,0,0,0.100158622252436,0,0,0,0.832766825288919,0,0,0,0,0
"000060.java",0,0,0,0,0.876868953386104,0,0,0,0,0,0,0,0,0,0,0.000879507475813544,0,0,0,0.000879507475813544,0,0,0,0,0.000879507475813544,0,0.000879507475813544,0,0.118733509234828,0,0,0,0,0,0,0,0,0,0,0,0,0,0,0,0,0.000879507475813544,0,0,0,0
"000063.java",0,0,0.172071129707113,0,0.189330543933054,0,0,0,0.128138075313808,0,0,0,0,0,0,0,0.000523012552301255,0,0,0,0,0.000523012552301255,0,0,0,0,0.000523012552301255,0,0,0,0,0,0,0,0.194560669456067,0.313807531380753,0,0,0,0,0,0,0,0,0,0,0.000523012552301255,0,0,0
"000067.java",0,0,0,0,0,0,0,0,0.000195427008012507,0.000195427008012507,0.00586281024037522,0,0,0,0,0,0,0.00136798905608755,0,0,0,0,0,0,0,0,0,0,0.053156146179402,0,0.92436974789916,0,0,0,0,0.0148524526089506,0,0,0,0,0,0,0,0,0,0,0,0,0,0
"000070.java",0,0,0,0,0,0,0,0.00811688311688312,0,0,0.0438311688311688,0.00487012987012987,0,0,0.0746753246753247,0,0,0,0,0,0,0,0,0,0,0.00162337662337662,0,0,0.100649350649351,0,0,0,0,0.274350649350649,0,0.480519480519481,0,0,0,0,0.00649350649350649,0,0,0.00162337662337662,0,0.00324675324675325,0,0,0,0
"000077.java",0,0,0.00253807106598985,0,0,0,0,0.00253807106598985,0,0,0,0.0279187817258883,0,0,0,0,0,0,0,0,0,0,0,0,0,0,0,0,0.116751269035533,0,0,0,0,0,0.0532994923857868,0.390862944162437,0.0050761421319797,0,0,0,0,0,0,0,0.00761421319796954,0,0,0,0.00761421319796954,0.385786802030457
"000082.java",0,0,0,0,0.123529411764706,0.00588235294117647,0,0,0,0,0,0,0,0,0,0,0,0,0,0,0,0,0,0,0,0,0,0,0.564705882352941,0,0,0,0,0,0,0,0,0,0,0,0,0,0,0,0,0.294117647058824,0,0.00588235294117647,0.00588235294117647,0
"000084.java",0.0180995475113122,0,0,0,0,0.00452488687782805,0,0,0,0,0.0180995475113122,0,0.00452488687782805,0,0,0,0,0,0,0,0,0,0,0,0.144796380090498,0,0,0.081447963800905,0.683257918552036,0,0,0,0,0,0,0,0,0,0,0,0,0,0,0.0407239819004525,0,0,0,0,0.00452488687782805,0
"000085.java",0,0,0,0,0,0,0,0.00544959128065395,0,0,0,0,0,0,0,0,0,0.00272479564032698,0,0.00817438692098093,0,0,0,0,0,0,0,0,0,0,0,0,0.00817438692098093,0,0,0.967302452316076,0,0,0,0,0,0.00817438692098093,0,0,0,0,0,0,0,0
"000096.java",0,0,0,0,0,0,0,0,0,0,0.841352859135286,0,0,0,0,0,0,0,0,0,0,0,0,0,0,0.0285913528591353,0.000348675034867503,0,0.128312412831241,0,0,0,0,0,0,0,0,0,0,0.000697350069735007,0,0,0,0,0,0,0,0.000697350069735007,0,0
"000102.java",0,0.00016220600162206,0,0,0,0,0.00016220600162206,0,0.00016220600162206,0,0,0,0,0,0,0.00016220600162206,0,0,0.00016220600162206,0,0,0,0.00016220600162206,0.00016220600162206,0,0.0244931062449311,0.00016220600162206,0,0.282238442822384,0,0,0,0.00064882400648824,0.0141119221411192,0.00032441200324412,0.0227088402270884,0,0.00048661800486618,0,0.646228710462287,0,0.00275750202757502,0,0.0016220600162206,0,0,0,0.00210867802108678,0.00064882400648824,0.00032441200324412
"000108.java",0.012987012987013,0,0,0,0,0,0,0,0,0,0,0,0.00649350649350649,0.00649350649350649,0.012987012987013,0,0,0,0,0,0,0.025974025974026,0.012987012987013,0,0,0,0,0,0.545454545454545,0.0974025974025974,0,0,0,0,0,0.24025974025974,0,0,0.012987012987013,0,0,0,0,0,0,0.0194805194805195,0,0,0,0.00649350649350649
"000112.java",0,0,0,0,0,0,0.222222222222222,0,0,0,0,0,0,0,0,0,0.0222222222222222,0.0444444444444444,0,0,0,0,0,0,0.0444444444444444,0,0,0,0.511111111111111,0,0,0,0,0,0,0,0,0.0444444444444444,0,0,0,0,0,0,0,0,0.0222222222222222,0,0,0.0888888888888889
"000114.java",0,0,0,0,0,0.0118534482758621,0,0,0,0,0.00323275862068966,0,0,0,0,0,0.00107758620689655,0,0,0.676724137931034,0,0,0,0,0.0021551724137931,0.0118534482758621,0,0,0.105603448275862,0,0,0,0,0,0,0.1875,0,0,0,0,0,0,0,0,0,0,0,0,0,0
"000118.java",0.00477326968973747,0,0,0,0,0,0,0,0,0,0.00238663484486874,0,0,0,0,0,0,0.00954653937947494,0,0,0,0,0,0,0,0.0214797136038186,0,0,0.374701670644391,0.39618138424821,0,0,0.00238663484486874,0,0,0.186157517899761,0,0,0,0,0,0,0,0.00238663484486874,0,0,0,0,0,0
"000119.java",0,0,0,0,0,0,0,0.000957854406130268,0.146551724137931,0.416666666666667,0,0,0,0,0.00862068965517241,0,0,0,0.00862068965517241,0,0,0,0,0,0,0.00191570881226054,0,0,0.0727969348659004,0,0,0,0,0,0,0.338122605363985,0.00478927203065134,0,0,0,0,0,0,0,0.000957854406130268,0,0,0,0,0
"000121.java",0,0,0.0213903743315508,0,0,0,0,0,0,0,0,0,0,0,0,0,0,0,0,0.0053475935828877,0,0,0,0,0.0053475935828877,0,0.358288770053476,0,0.262032085561497,0,0,0,0,0,0,0,0,0.106951871657754,0.0160427807486631,0,0,0,0,0,0,0,0,0,0.219251336898396,0.0053475935828877
"000122.java",0,0,0.00151438667339727,0,0,0,0,0,0,0,0.170620898536093,0,0,0,0,0,0.22766279656739,0,0,0,0,0.00100959111559818,0,0,0,0,0.00757193336698637,0,0.211509338717819,0,0,0.000504795557799091,0,0,0,0.223624432104997,0,0,0,0.00151438667339727,0,0.099444724886421,0.0489651691065119,0.00201918223119637,0,0,0,0,0.00403836446239273,0
"000123.java",0,0,0,0,0,0,0,0,0,0,0.00288184438040346,0,0,0,0,0.00288184438040346,0,0,0,0,0,0,0,0,0,0.0144092219020173,0.357348703170029,0,0.423631123919308,0,0.0115273775216138,0,0,0,0.0576368876080692,0,0.0172910662824208,0,0,0.112391930835735,0,0,0,0,0,0,0,0,0,0
"000124.java",0.000675219446320054,0,0.0168804861580014,0,0,0.00405131667792032,0,0,0.00135043889264011,0.000675219446320054,0.00270087778528022,0,0,0,0,0,0,0,0.00202565833896016,0,0,0,0,0,0,0,0.000675219446320054,0,0.12626603646185,0,0,0,0,0,0,0.395003376097232,0,0,0,0,0,0.449696151249156,0,0,0,0,0,0,0,0
"000125.java",0,0,0,0,0,0,0,0,0,0,0,0,0,0.00930232558139535,0.0186046511627907,0.00465116279069767,0,0,0,0.0976744186046512,0,0,0,0,0,0.111627906976744,0,0,0.358139534883721,0,0,0,0,0,0,0.395348837209302,0,0,0,0,0,0,0,0,0.00465116279069767,0,0,0,0,0
"000126.java",0,0,0,0,0,0,0,0,0,0,0,0,0,0.046448087431694,0,0,0,0,0,0,0,0,0,0,0,0,0,0,0,0.00546448087431694,0,0,0,0,0,0,0,0.948087431693989,0,0,0,0,0,0,0,0,0,0,0,0
"000127.java",0,0.000323729362253156,0,0,0,0.00776950469407575,0,0.000323729362253156,0,0,0,0,0,0.00453221107154419,0.0113305276788605,0,0,0,0.000647458724506313,0,0,0,0,0,0,0.0203949498219489,0,0.00194237617351894,0,0,0,0,0.000323729362253156,0,0.00161864681126578,0.45645840077695,0,0,0,0,0,0.477824538685659,0.014567821301392,0,0,0.00194237617351894,0,0,0,0
"000128.java",0,0,0,0,0,0,0,0,0,0,0,0,0,0,0,0,0,0,0,0,0,0,0,0,0,0,0,0,0.267741935483871,0,0,0,0,0,0,0.138709677419355,0,0.587096774193548,0,0,0,0,0,0,0,0,0.00645161290322581,0,0,0
"000130.java",0,0,0,0,0.0271493212669683,0,0,0,0,0,0,0,0,0,0,0,0,0,0,0,0,0,0,0,0,0,0,0,0.0361990950226244,0,0,0,0,0,0,0,0,0.918552036199095,0,0,0,0,0,0,0,0,0.0180995475113122,0,0,0
"000131.java",0,0.025,0,0,0,0,0,0,0,0,0,0,0,0,0,0,0,0,0,0,0,0,0,0,0,0,0.025,0,0,0,0,0,0,0,0,0,0,0.925,0,0,0,0,0,0,0,0,0,0,0,0.025
"000132.java",0,0,0,0.0408163265306122,0,0,0,0,0,0,0,0,0,0,0,0,0,0,0,0,0,0,0,0,0,0,0.448979591836735,0,0,0,0,0.163265306122449,0,0,0,0,0,0.346938775510204,0,0,0,0,0,0,0,0,0,0,0,0
"000133.java",0,0,0,0,0,0,0,0,0,0,0,0,0,0,0,0,0,0,0,0,0,0,0,0,0,0,0.00228571428571429,0,0,0,0,0,0,0,0,0.00228571428571429,0,0.981714285714286,0,0,0,0.00571428571428571,0,0,0,0.00342857142857143,0,0.00342857142857143,0,0.00114285714285714
"000134.java",0,0,0,0,0,0.0156739811912226,0,0,0,0,0,0,0,0,0,0,0,0,0,0,0,0,0,0,0,0,0,0,0,0,0,0,0,0,0,0.00470219435736677,0,0.978056426332288,0,0,0,0,0,0,0.00156739811912226,0,0,0,0,0
"000135.java",0,0,0,0,0.113871635610766,0,0,0,0,0,0,0,0.236024844720497,0,0,0,0,0,0,0.0020703933747412,0,0,0.0020703933747412,0,0.0082815734989648,0,0.0496894409937888,0,0,0,0.0062111801242236,0,0,0,0,0,0.0020703933747412,0.575569358178054,0,0,0,0,0,0,0,0.0020703933747412,0,0.0020703933747412,0,0
"000136.java",0,0,0,0,0,0,0,0,0,0,0,0,0,0,0,0,0,0,0,0,0,0,0,0,0,0,0,0,0.00273972602739726,0,0.00273972602739726,0,0,0,0,0,0,0.994520547945206,0,0,0,0,0,0,0,0,0,0,0,0
"000149.java",0,0,0,0,0,0.00530049107490841,0,0,0,0,0,0,0,0.000311793592641671,0.773326058149505,0,0,0,0.000779483981604178,0,0,0,0,0,0,0.182944890482501,0,7.79483981604178e-05,0.0325824304310546,0,0,0.000155896796320836,0,0,0,0,0,0,0,0,0,0,0,0,0.00444305869514381,0,0,0,0,7.79483981604178e-05
"000150.java",0,0,0,0,0,0,0,0,0,0,0,0,0,0,0,0,0,0,0,0,0,0,0,0,0,0,0,0,0,0,0,0.649509803921569,0,0.00490196078431373,0,0.330882352941176,0,0,0,0,0,0,0,0,0,0.0122549019607843,0,0,0.00245098039215686,0
"000152.java",0,0,0,0,0,0,0,0.00111607142857143,0,0,0,0,0,0,0,0,0,0,0,0,0,0,0,0,0,0.00558035714285714,0,0,0.0792410714285714,0,0,0,0,0,0,0,0,0.00111607142857143,0.00334821428571429,0,0,0,0,0.00111607142857143,0,0,0,0,0.908482142857143,0
"000155.java",0,0,0,0.00116959064327485,0.0187134502923977,0,0,0,0,0.415204678362573,0,0.0619883040935673,0,0,0.00233918128654971,0,0,0,0,0,0,0,0,0,0,0.0631578947368421,0,0,0.0818713450292398,0,0,0,0,0,0.0690058479532164,0.286549707602339,0,0,0,0,0,0,0,0,0,0,0,0,0,0
"000159.java",0.00171330668189606,0,0.155339805825243,0,0,0,0,0,0.594517418617933,0,0,0,0,0,0,0,0,0.000571102227298686,0,0,0,0,0.00114220445459737,0,0.00171330668189606,0,0,0,0.225585379782981,0.0114220445459737,0,0,0,0,0,0,0.00171330668189606,0,0.00114220445459737,0,0,0,0,0.00399771559109081,0,0.00114220445459737,0,0,0,0
"000160.java",0.000734214390602056,0,0,0,0,0.0168869309838473,0,0,0,0,0,0,0,0,0,0,0,0,0,0,0,0,0,0.00146842878120411,0,0,0.900881057268722,0,0.079295154185022,0,0,0,0,0,0,0,0,0,0,0,0,0,0,0,0,0,0,0,0.000734214390602056,0
"000161.java",0,0,0,0,0,0,0,0,0,0,0,0,0,0,0,0.049645390070922,0,0.00354609929078014,0,0,0,0,0,0,0,0.00354609929078014,0,0,0.443262411347518,0.0212765957446809,0,0,0,0,0.00354609929078014,0.393617021276596,0,0,0,0,0,0,0,0,0,0,0,0,0,0.0815602836879433
"000162.java",0,0,0,0,0,0,0,0,0,0,0,0,0,0,0,0.0486381322957198,0,0,0,0,0,0,0,0,0.219844357976654,0.0933852140077821,0,0,0.581712062256809,0,0,0,0,0,0.00972762645914397,0,0,0.00583657587548638,0,0.0408560311284047,0,0,0,0,0,0,0,0,0,0
"000163.java",0,0,0,0,0,0,0,0,0,0.00161290322580645,0,0,0,0,0.00483870967741936,0.0725806451612903,0.290322580645161,0.0112903225806452,0,0,0.00161290322580645,0,0,0,0,0.00161290322580645,0,0,0.362903225806452,0,0,0,0,0,0.137096774193548,0.0516129032258065,0.0403225806451613,0,0,0.00161290322580645,0,0,0,0,0.0225806451612903,0,0,0,0,0
"000164.java",0.0013284623048821,0,0,0,0,0.013284623048821,0,0,0.00298904018598472,0,0.0288940551311857,0.0458319495184324,0,0,0.00066423115244105,0.000332115576220525,0,0.0112919295914978,0,0,0,0,0,0,0,0.0640983062105613,0,0,0.188309531717038,0,0,0,0,0.0501494520092992,0.523082032547326,0.067087346396546,0.000332115576220525,0,0,0,0,0,0,0.00066423115244105,0,0,0,0,0,0.00166057788110262
"000165.java",0.0130010834236186,0,0,0,0,0,0,0,0.489707475622969,0,0,0,0,0,0,0.0628385698808234,0,0.00433369447453954,0,0,0,0,0,0,0,0,0,0,0.361863488624052,0,0.00325027085590466,0,0,0,0.0162513542795233,0,0,0,0,0,0,0,0,0,0,0.0465872156013001,0,0.00216684723726977,0,0
"000170.java",0,0,0,0,0,0,0,0,0.0344827586206897,0,0,0,0,0.0494752623688156,0,0.476761619190405,0,0.00899550224887556,0,0,0,0,0,0,0.00149925037481259,0,0,0,0.36431784107946,0,0,0,0,0,0.00149925037481259,0.0599700149925037,0,0,0,0,0,0,0,0,0,0,0,0,0.00299850074962519,0
"000171.java",0.0364715860899067,0,0,0,0,0,0,0,0.0500424088210348,0,0.00678541136556404,0.089058524173028,0,0,0,0,0,0,0.473282442748092,0,0,0,0,0,0,0,0.0195080576759966,0,0.241730279898219,0,0,0,0,0,0.0780322307039864,0.00339270568278202,0,0,0,0.00169635284139101,0,0,0,0,0,0,0,0,0,0
"000172.java",0.65144596651446,0,0,0,0,0.0011639358939923,0,0,0,0,8.95335303071e-05,0,0,8.95335303071e-05,0.0015220700152207,0,0,0.25624496373892,0,0,0,0,0.0002686005909213,0,0,0.0007162682424568,0,0,0.0849673202614379,0,0,0,0,0,0,0.0027755394395201,0.0003581341212284,0.0001790670606142,0,0,0,0,0,0,0,0.0001790670606142,0,0,0,0
"000173.java",0.00157370169610072,0,0.92218919391502,0,0,0,0,0,0.000174855744011191,0,0,0,0,0.000174855744011191,0.00139884595208953,0,0,0,0,0,0,0,0,0,0,0.000349711488022382,0,0,0.0720405665326106,0,0.000699422976044763,0,0,0,0,0,0.00104913446406714,0,0,0,0,0,0,0,0,0.000349711488022382,0,0,0,0
"000174.java",0,0,0,0,0,0,0,0,0.0023121387283237,0.00115606936416185,0,0.00115606936416185,0,0.00578034682080925,0.0023121387283237,0.0450867052023121,0,0,0,0,0,0.0023121387283237,0,0,0,0.0104046242774566,0,0,0.268208092485549,0,0.00115606936416185,0,0,0.247398843930636,0.0173410404624277,0.383815028901734,0,0,0,0.0104046242774566,0,0,0.00115606936416185,0,0,0,0,0,0,0
"000175.java",0.000641848523748395,0,0,0.000641848523748395,0,0.000641848523748395,0.000641848523748395,0,0,0,0,0.000641848523748395,0.520539152759949,0,0,0,0,0,0,0,0,0,0,0,0,0,0,0,0.274711168164313,0,0.00128369704749679,0,0,0,0,0.197047496790757,0.000641848523748395,0,0,0.00256739409499358,0,0,0,0,0,0,0,0,0,0
"000176.java",0.0791666666666667,0,0.0916666666666667,0,0,0,0,0,0,0,0,0,0,0,0,0.372916666666667,0,0,0,0,0,0,0,0,0,0,0,0,0.429166666666667,0,0,0,0,0,0,0,0,0,0,0,0,0,0.0270833333333333,0,0,0,0,0,0,0
"000177.java",0,0.00327868852459016,0,0,0,0,0,0,0,0,0,0,0.00655737704918033,0.20983606557377,0,0.259016393442623,0,0.0131147540983607,0.00655737704918033,0,0,0.00327868852459016,0,0,0,0,0,0,0.419672131147541,0,0,0,0,0,0,0.0360655737704918,0,0,0,0,0,0,0.0426229508196721,0,0,0,0,0,0,0
"000178.java",0,0,0.0252100840336134,0,0,0,0,0,0.00420168067226891,0,0,0.0882352941176471,0,0.00420168067226891,0.126050420168067,0.239495798319328,0,0,0,0,0,0,0,0.00420168067226891,0,0.00420168067226891,0,0.0126050420168067,0.361344537815126,0,0,0,0,0,0.0966386554621849,0.0252100840336134,0,0,0,0,0,0,0,0,0,0.00840336134453781,0,0,0,0
"000179.java",0.620740740740741,0,0,0,0,0,0,0,0.0592592592592593,0,0,0.0222222222222222,0,0,0,0,0,0,0,0,0,0,0,0,0,0,0,0,0.0488888888888889,0,0,0,0,0,0,0.248888888888889,0,0,0,0,0,0,0,0,0,0,0,0,0,0
"000183.java",0,0,0,0,0,0.00106157112526539,0,0.000353857041755131,0,0,0.00106157112526539,0,0,0.784501061571125,0.000707714083510262,0,0,0,0,0,0,0,0,0,0.000707714083510262,0.00707714083510262,0,0,0.182944090587403,0.000707714083510262,0,0,0,0,0.00247699929228592,0.0184005661712668,0,0,0,0,0,0,0,0,0,0,0,0,0,0
"000185.java",0,0,0,0,0,0,0,0,0,0,0,0,0,0,0,0,0,0.000340425531914894,0,0,0,0,0,0,0,0.614978723404255,0,0,0.0685957446808511,0,0,0,0,0,0,0.0054468085106383,0,0,0.000340425531914894,0,0,0,0.309446808510638,0.000851063829787234,0,0,0,0,0,0
"000187.java",0,0,0,0,0,0.0242587601078167,0,0,0,0,0,0,0,0.250673854447439,0,0.142857142857143,0.00269541778975741,0,0,0,0.00269541778975741,0,0,0,0,0.0566037735849057,0,0,0.425876010781671,0,0,0,0.00269541778975741,0,0,0.0835579514824798,0.00269541778975741,0,0,0,0,0,0,0,0,0,0,0,0,0.00539083557951483
"000188.java",0,0,0,0,0,0,0.00174825174825175,0.0034965034965035,0.0996503496503496,0,0,0.0524475524475524,0,0.00174825174825175,0,0.351398601398601,0,0,0,0,0,0,0,0,0,0,0,0,0.480769230769231,0,0,0,0,0,0.0034965034965035,0,0,0,0.00524475524475524,0,0,0,0,0,0,0,0,0,0,0
"000189.java",0.000710732054015636,0,0,0,0,0,0.000710732054015636,0,0,0,0.054726368159204,0,0.00568585643212509,0.10589907604833,0,0,0,0,0,0,0,0,0,0,0,0,0,0,0.792466240227434,0,0,0,0,0,0,0.0120824449182658,0,0,0,0,0,0,0.0277185501066098,0,0,0,0,0,0,0
"000190.java",0,0,0,0,0,0,0,0,0,0,0.0314685314685315,0,0,0,0,0.237762237762238,0,0,0,0,0,0,0,0,0,0,0,0,0.486013986013986,0,0,0,0,0,0.230769230769231,0,0.0034965034965035,0,0,0,0,0.00699300699300699,0,0,0,0,0,0.0034965034965035,0,0
"000191.java",0,0,0,0,0,0.00514579759862779,0,0,0,0,0.00343053173241852,0,0,0,0,0,0.00343053173241852,0,0,0,0,0,0,0,0.845626072041166,0,0,0,0.126929674099485,0,0,0,0,0,0,0,0,0,0.0154373927958834,0,0,0,0,0,0,0,0,0,0,0
"000193.java",0,0,0.00286077558804832,0,0,0,0,0.000317863954227591,0,0,0,0,0,0,0,0,0,0,0,0,0,0,0,0,0,0,0,0,0.117609663064209,0,0,0,0.0168467895740623,0,0.000953591862682772,0.000635727908455181,0.000317863954227591,0,0,0,0,0.000317863954227591,0,0.859821996185633,0.000317863954227591,0,0,0,0,0
"000194.java",0,0,0,0,0,0.290123456790123,0,0,0,0,0,0,0,0.0895061728395062,0.00617283950617284,0,0.0308641975308642,0,0,0,0,0,0,0,0,0,0.0740740740740741,0,0.175925925925926,0.00308641975308642,0,0,0,0.0324074074074074,0.283950617283951,0,0,0,0,0,0.00617283950617284,0,0,0.00771604938271605,0,0,0,0,0,0
"000195.java",0,0,0,0,0,0.00246507806080526,0,0,0,0,0.000821692686935086,0,0,0,0,0,0,0,0,0,0,0,0,0,0,0,0,0,0.136400986031224,0.00410846343467543,0,0,0,0.33771569433032,0,0.42645850451931,0,0,0,0.0484798685291701,0,0,0.000821692686935086,0.0238290879211175,0.00410846343467543,0,0.000821692686935086,0.000821692686935086,0.0123253903040263,0.000821692686935086
"000196.java",0.000411353352529823,0,0,0,0,0,0,0,0,0,0,0,0,0,0,0.000822706705059646,0,0,0,0,0,0,0,0.00411353352529823,0,0.0485396955985191,0.000822706705059646,0,0.203619909502262,0,0,0,0.0127519539284245,0.538050185109009,0,0,0,0,0.190867955573838,0,0,0,0,0,0,0,0,0,0,0
"000197.java",0,0,0,0,0,0,0,0,0.00199203187250996,0,0.0451527224435591,0.000664010624169987,0,0,0.000664010624169987,0,0.653386454183267,0,0,0.000664010624169987,0,0,0,0,0,0,0.00265604249667995,0,0.273572377158035,0.00199203187250996,0,0,0,0,0.00132802124833997,0,0.000664010624169987,0.00265604249667995,0,0,0,0,0,0.0119521912350598,0.00132802124833997,0,0.00132802124833997,0,0,0
"000198.java",0,0,0,0,0,0.445364238410596,0,0,0,0,0,0,0,0,0,0,0,0.00165562913907285,0,0,0,0,0,0,0,0,0,0,0.360927152317881,0.119205298013245,0,0,0,0,0,0,0,0,0,0.0645695364238411,0,0,0,0.00165562913907285,0.00662251655629139,0,0,0,0,0
"000199.java",0.07421875,0,0,0,0,0.361328125,0,0,0,0,0,0.00390625,0,0,0.12890625,0.0703125,0,0,0,0,0,0,0,0,0,0.06640625,0,0,0.234375,0,0,0,0,0.05859375,0,0,0,0,0,0,0,0,0,0,0,0.001953125,0,0,0,0
"000200.java",0,0,0,0,0,0.0344827586206897,0,0,0,0,0,0,0,0,0.0344827586206897,0.218390804597701,0,0,0,0,0,0,0,0.00383141762452107,0,0.126436781609195,0,0,0.371647509578544,0,0,0,0,0.0153256704980843,0,0,0,0,0,0.00383141762452107,0,0,0,0.191570881226054,0,0,0,0,0,0
"000201.java",0,0,0,0,0,0,0,0,0,0,0,0,0.000314070351758794,0,0,0,0.000314070351758794,0.000314070351758794,0.00125628140703518,0,0,0,0,0,0,0,0.000628140703517588,0,0.133165829145729,0,0,0,0.863379396984925,0,0,0,0,0,0,0,0,0,0,0.000628140703517588,0,0,0,0,0,0
"000202.java",0,0,0,0,0,0.0075187969924812,0,0,0,0,0,0,0,0,0,0.142857142857143,0,0,0,0,0,0,0,0,0,0,0,0,0.511278195488722,0,0.0075187969924812,0,0.0676691729323308,0,0,0,0,0,0.255639097744361,0,0,0,0,0,0,0.0075187969924812,0,0,0,0
"000225.java",0.240268456375839,0,0,0.2,0,0,0,0,0.0778523489932886,0,0,0,0,0,0,0.0966442953020134,0,0,0,0,0,0,0,0,0,0.00134228187919463,0,0,0.248322147651007,0,0,0,0,0,0,0,0,0,0,0.00134228187919463,0,0,0,0,0,0,0.00134228187919463,0,0.132885906040268,0
"000226.java",0,0,0,0,0.136752136752137,0.00427350427350427,0.0897435897435897,0.00427350427350427,0,0,0,0,0.0170940170940171,0,0,0.0811965811965812,0,0,0,0,0,0,0,0.00427350427350427,0,0,0.094017094017094,0,0.44017094017094,0,0,0,0,0,0,0,0,0.128205128205128,0,0,0,0,0,0,0,0,0,0,0,0
"000228.java",0,0,0,0,0,0,0,0,0.0620689655172414,0,0,0,0,0,0,0,0,0,0,0,0,0,0,0,0,0,0.737931034482759,0,0.131034482758621,0,0,0,0,0,0,0,0,0.00689655172413793,0.00689655172413793,0,0,0.00689655172413793,0,0,0,0.0482758620689655,0,0,0,0
"000232.java",0,0,0,0.560418648905804,0,0,0,0,0,0,0,0,0,0,0,0,0,0,0,0,0,0,0,0,0,0,0,0.000951474785918173,0.000951474785918173,0,0.000951474785918173,0,0,0,0,0.163653663177926,0,0,0,0,0,0,0,0,0,0,0,0.000951474785918173,0.271170313986679,0.000951474785918173
"000234.java",0,0,0,0.8715953307393,0,0,0,0,0.0012970168612192,0,0,0.000648508430609598,0,0,0.000648508430609598,0,0,0,0,0,0,0,0,0,0,0,0,0,0.103761348897536,0,0,0,0.0012970168612192,0,0,0.0175097276264591,0,0,0,0,0,0,0,0,0.000648508430609598,0,0,0.00194552529182879,0.000648508430609598,0
"000236.java",0,0,0,0.381443298969072,0.00343642611683849,0,0,0,0,0,0,0,0,0,0,0.00343642611683849,0,0,0,0,0,0,0,0.00687285223367698,0,0.013745704467354,0,0,0.120274914089347,0,0,0,0.00343642611683849,0,0,0,0,0,0,0,0,0,0,0,0,0.467353951890034,0,0,0,0
"000237.java",0,0,0,0.00216450216450216,0.00216450216450216,0,0,0,0,0,0,0,0,0,0,0,0,0.012987012987013,0,0,0,0,0,0.00216450216450216,0,0,0,0,0.168831168831169,0,0,0,0,0.00649350649350649,0,0,0,0,0,0,0.00432900432900433,0,0,0.012987012987013,0.012987012987013,0.361471861471861,0,0,0.413419913419913,0
"000247.java",0,0,0,0,0,0,0.000982318271119843,0,0,0,0,0,0,0,0,0,0,0.000982318271119843,0,0,0,0,0,0,0,0,0,0,0.0834970530451866,0,0.000982318271119843,0,0,0,0,0.158153241650295,0,0.00294695481335953,0.000982318271119843,0,0,0,0,0,0.000982318271119843,0,0.75049115913556,0,0,0
"000248.java",0,0,0,0,0,0,0.333333333333333,0,0.00236406619385343,0,0,0,0,0,0,0,0,0,0,0,0,0,0,0,0,0.00236406619385343,0,0,0.352245862884161,0,0,0,0,0.00236406619385343,0,0.297872340425532,0.00236406619385343,0,0.00236406619385343,0,0,0,0,0,0,0.00236406619385343,0.00236406619385343,0,0,0
"000286.java",0.0208695652173913,0,0.00173913043478261,0,0.00173913043478261,0,0,0,0.0956521739130435,0,0,0,0,0.00173913043478261,0,0,0,0,0,0,0,0,0.00173913043478261,0,0,0,0,0,0,0,0.00347826086956522,0,0,0,0,0.130434782608696,0,0,0,0,0.00173913043478261,0,0,0.0104347826086957,0,0.728695652173913,0.00173913043478261,0,0,0
"000287.java",0.00775193798449612,0,0,0,0,0,0,0,0,0,0,0,0,0,0,0,0,0,0,0,0,0,0,0,0,0,0,0,0.0697674418604651,0,0,0,0,0,0,0,0,0,0,0,0,0,0,0,0,0.906976744186046,0,0.00775193798449612,0,0.00775193798449612
"000288.java",0,0,0,0,0,0,0,0,0,0,0,0,0,0,0,0,0,0,0,0,0,0,0,0,0,0,0,0,0.105691056910569,0,0,0,0,0,0,0.00813008130081301,0,0,0,0,0,0,0,0,0,0.869918699186992,0,0,0,0.016260162601626
"000289.java",0,0,0.00245098039215686,0.00980392156862745,0,0,0,0,0.00245098039215686,0,0,0,0,0,0,0,0,0,0,0,0,0,0.00490196078431373,0,0,0,0,0,0.00735294117647059,0,0.00980392156862745,0,0,0,0,0.269607843137255,0,0,0,0,0,0,0,0,0,0.536764705882353,0,0,0.156862745098039,0
"000290.java",0,0,0,0,0,0.0045662100456621,0,0,0.0045662100456621,0,0,0,0,0,0,0,0,0,0,0.0045662100456621,0,0,0.0045662100456621,0,0,0,0,0,0,0,0,0,0,0,0,0.0091324200913242,0,0,0,0,0,0,0,0,0,0.954337899543379,0,0,0.0182648401826484,0
"000291.java",0,0,0,0.180451127819549,0.0075187969924812,0,0,0,0,0,0,0,0,0,0,0,0,0,0.0075187969924812,0,0,0.0075187969924812,0,0,0,0,0,0,0.263157894736842,0,0,0,0,0,0,0.24812030075188,0,0.0150375939849624,0,0,0,0,0,0,0,0.240601503759398,0,0,0.0300751879699248,0
"000292.java",0,0,0,0.110204081632653,0,0.00408163265306122,0,0,0,0,0,0,0,0,0,0,0,0,0,0,0,0,0.00408163265306122,0.0204081632653061,0.00816326530612245,0,0,0.00816326530612245,0.375510204081633,0,0,0,0,0,0,0,0,0,0,0,0,0,0,0,0,0.391836734693878,0,0,0.0775510204081633,0
"000293.java",0,0,0,0.0647482014388489,0,0,0.0647482014388489,0,0,0,0,0,0,0,0,0,0,0,0,0,0,0,0,0,0.00719424460431655,0,0,0,0.517985611510791,0,0,0,0,0,0,0.00719424460431655,0,0,0,0,0,0,0,0,0,0.338129496402878,0,0,0,0
"000294.java",0,0,0.000190730497806599,0.00190730497806599,0,0,0,0,0,0,0,0,0,0.0265115391951173,0,0,0,0,0,0,0,0,0,0.00133511348464619,0,0,0,0,0.154491703223345,0,0,0,0.000572191493419798,0.0226969292389853,0,0.000953652489032996,0,0,0.778371161548732,0.000762921991226397,0,0,0.0106809078771696,0,0.0011443829868396,0,0,0.000190730497806599,0.000190730497806599,0
"000295.java",0,0,0,0,0,0,0.001,0.001,0,0,0,0,0,0,0,0,0,0,0,0,0,0,0,0,0,0,0.021,0,0.196,0,0.058,0,0,0,0,0,0,0,0.723,0,0,0,0,0,0,0,0,0,0,0
"000300.java",0,0,0,0,0,0.00207838479809976,0,0,0,0,0,0,0,0,0.00237529691211401,0,0,0,0,0,0.000296912114014252,0,0,0.798099762470309,0,0,0.00148456057007126,0,0.168052256532067,0,0,0,0,0,0,0.0204869358669834,0.000296912114014252,0,0.00564133016627078,0,0,0,0,0,0.00118764845605701,0,0,0,0,0
"000305.java",0.000328191663931736,0,0.000328191663931736,0.000328191663931736,0.00393829996718083,0.000328191663931736,0,0,0,0,0,0,0,0.00229734164752215,0,0,0,0,0.00131276665572694,0,0,0.00196914998359042,0,0,0,0,0.0216606498194946,0,0.127994748933377,0,0,0,0,0,0,0.041023957991467,0,0,0,0,0,0,0,0,0,0,0,0.796192976698392,0.00229734164752215,0
"000306.java",0,0,0,0,0,0,0.0150753768844221,0,0.100502512562814,0,0,0.0050251256281407,0,0,0,0,0,0,0,0,0,0.0050251256281407,0,0,0.0050251256281407,0,0.0251256281407035,0.0100502512562814,0,0,0.0050251256281407,0,0,0,0,0,0,0.78894472361809,0,0,0,0,0,0,0,0,0,0.0402010050251256,0,0
"000364.java",0,0,0,0,0,0,0,0,0,0,0,0,0,0,0,0,0.0151515151515152,0,0.0151515151515152,0,0,0,0,0,0,0,0.272727272727273,0,0.0909090909090909,0,0,0,0,0,0,0,0.0454545454545455,0.53030303030303,0.0151515151515152,0,0,0,0,0,0,0.0151515151515152,0,0,0,0
"000367.java",0.890091116173121,0,0,0,0.0142369020501139,0,0,0,0.00740318906605923,0,0,0,0,0,0,0,0,0,0,0,0,0,0,0,0,0.000569476082004556,0,0,0.0865603644646925,0,0,0,0,0.000569476082004556,0,0,0,0,0,0.000569476082004556,0,0,0,0,0,0,0,0,0,0
"000377.java",0,0,0,0.0202020202020202,0.0202020202020202,0,0,0,0,0,0,0,0,0.0101010101010101,0,0.0101010101010101,0,0,0,0,0,0,0,0,0,0,0,0,0.373737373737374,0,0,0,0,0,0,0,0.0101010101010101,0.282828282828283,0,0,0,0,0,0,0,0.0202020202020202,0,0.242424242424242,0,0.0101010101010101
"000379.java",0,0,0,0,0,0.0109289617486339,0,0,0,0,0,0,0,0,0,0.00546448087431694,0,0,0,0,0,0,0,0.00546448087431694,0,0,0.147540983606557,0,0,0,0,0,0,0,0,0,0,0.819672131147541,0,0,0,0,0,0,0,0.0109289617486339,0,0,0,0
"000463.java",0,0,0,0,0,0.00392156862745098,0,0,0,0,0.00065359477124183,0,0,0,0,0,0,0,0,0,0,0.731372549019608,0,0,0,0,0,0,0.0300653594771242,0,0,0,0,0.00065359477124183,0,0.0627450980392157,0,0,0,0,0,0,0,0.00130718954248366,0,0.030718954248366,0,0,0.135947712418301,0.00261437908496732
"000481.java",0.0359712230215827,0,0,0,0,0,0,0,0,0,0.00719424460431655,0,0,0,0,0,0,0,0,0,0,0,0,0,0,0,0.539568345323741,0,0.273381294964029,0,0,0,0,0.00719424460431655,0,0,0,0,0,0,0,0,0,0,0,0.136690647482014,0,0,0,0
"000482.java",0,0,0.0220385674931129,0,0,0,0,0,0,0,0,0,0,0,0,0,0,0,0,0,0,0,0,0,0,0,0.815426997245179,0,0.104683195592287,0.0578512396694215,0,0,0,0,0,0,0,0,0,0,0,0,0,0,0,0,0,0,0,0
"000488.java",0.00133996937212864,0,0,0,0,0,0,0,0.547090352220521,0,0,0.000191424196018377,0.000382848392036753,0,0,0,0,0.159647779479326,0,0,0,0,0,0,0,0.0164624808575804,0,0.000382848392036753,0,0,0,0,0,0,0.000191424196018377,0.27354517611026,0,0,0,0,0,0,0,0,0,0,0,0.000191424196018377,0.000382848392036753,0.000191424196018377
"000489.java",0,0,0,0,0,0,0,0.0277777777777778,0,0,0.0277777777777778,0,0,0,0,0.0277777777777778,0,0,0,0,0,0,0,0,0,0,0,0,0.222222222222222,0,0,0,0,0,0,0,0,0.0277777777777778,0,0,0,0,0,0,0,0.222222222222222,0,0,0,0.444444444444444
"000490.java",0,0,0,0.00215982721382289,0,0,0,0,0,0,0,0,0,0,0,0,0,0,0,0,0,0,0,0,0,0,0,0,0.0712742980561555,0,0,0.406047516198704,0,0,0,0.516198704103672,0,0,0,0,0,0,0,0,0,0,0,0.00215982721382289,0.00215982721382289,0
"000491.java",0,0,0,0,0,0,0,0,0,0,0,0,0,0,0.0087527352297593,0,0,0.00218818380743982,0,0,0,0.00218818380743982,0,0,0,0,0.221006564551422,0.00437636761487965,0.196936542669584,0,0,0,0,0,0,0.109409190371991,0,0.0196936542669584,0,0.00656455142231947,0,0,0,0.00437636761487965,0.00218818380743982,0,0,0,0.0415754923413567,0.38074398249453
