"V1","V2","V3","V4","V5","V6","V7","V8","V9","V10","V11","V12","V13","V14","V15","V16","V17","V18","V19","V20","V21","V22","V23","V24","V25","V26","V27","V28","V29","V30","V31","V32","V33","V34","V35","V36","V37","V38","V39","V40","V41","V42","V43","V44","V45","V46","V47","V48","V49","V50"
"000001.java",0,0,0,0,0,0,0,0,0,0,0,0,0.564551422319475,0,0.00218818380743982,0.0196936542669584,0,0,0,0,0.264770240700219,0,0,0,0,0,0,0,0,0,0.0481400437636762,0.0437636761487965,0,0,0,0,0.00218818380743982,0,0,0.0547045951859956,0,0,0,0,0,0,0,0,0,0
"000002.java",0,0,0,0,0,0,0,0.00122549019607843,0,0,0,0,0.707107843137255,0,0,0,0.00122549019607843,0,0,0,0.0416666666666667,0,0.00245098039215686,0,0,0,0,0.0122549019607843,0,0,0.00735294117647059,0,0,0.0147058823529412,0.0183823529411765,0.00245098039215686,0.129901960784314,0,0.0428921568627451,0,0,0.0183823529411765,0,0,0,0,0,0,0,0
"000003.java",0,0,0,0.00904465799886942,0,0,0,0,0.000565291124929339,0,0.0197851893725269,0,0.876766534765404,0,0,0.0231769361221029,0,0,0,0,0.0412662521198417,0,0,0,0.00113058224985868,0,0,0,0,0,0,0.0220463538722442,0.000565291124929339,0,0,0,0,0,0,0.00113058224985868,0,0,0.000565291124929339,0,0,0,0,0,0,0.00395703787450537
"000004.java",0,0,0,0,0,0,0.251655629139073,0,0,0,0,0,0,0,0,0,0,0.0132450331125828,0.0033112582781457,0,0.152317880794702,0,0,0,0.00662251655629139,0,0.0860927152317881,0,0,0,0,0,0,0,0,0,0.480132450331126,0.00662251655629139,0,0,0,0,0,0,0,0,0,0,0,0
"000005.java",0,0,0,0.0484581497797357,0,0,0,0,0,0,0,0,0,0.052863436123348,0.0352422907488987,0,0,0.0220264317180617,0,0,0.242290748898678,0,0.00440528634361234,0,0,0,0,0,0,0,0,0,0,0,0,0,0.229074889867841,0,0,0,0.352422907488987,0,0,0,0.00881057268722467,0,0.00440528634361234,0,0,0
"000006.java",0,0,0,0,0,0,0,0,0.00809716599190283,0,0.00809716599190283,0,0,0,0.00404858299595142,0,0.00809716599190283,0.0607287449392713,0.00404858299595142,0,0.481781376518219,0,0.0202429149797571,0,0,0,0.00809716599190283,0.0769230769230769,0,0.0121457489878543,0,0,0.00404858299595142,0.0202429149797571,0,0.00809716599190283,0.234817813765182,0,0,0,0,0,0.0364372469635627,0,0,0.00404858299595142,0,0,0,0
"000019.java",0,0,0,0,0,0,0,0,0,0,0,0,0,0.0148514851485149,0,0.0247524752475248,0,0,0,0,0.138613861386139,0,0,0,0,0,0,0,0.00495049504950495,0,0.00495049504950495,0,0,0,0,0,0.623762376237624,0,0.183168316831683,0,0,0,0,0,0,0,0,0.00495049504950495,0,0
"000020.java",0,0,0,0,0,0,0.0166666666666667,0,0,0,0,0,0,0,0,0.0333333333333333,0,0,0,0,0.123333333333333,0,0,0,0,0.00333333333333333,0,0,0,0,0,0.01,0,0,0,0,0.553333333333333,0,0.08,0.01,0.166666666666667,0.00333333333333333,0,0,0,0,0,0,0,0
"000021.java",0,0,0,0,0,0,0,0,0,0,0,0,0.0048780487804878,0.0585365853658537,0,0,0,0,0,0,0.0926829268292683,0,0,0,0,0,0,0,0,0,0,0,0,0,0,0,0.639024390243902,0.0682926829268293,0.131707317073171,0,0,0,0,0,0,0,0,0,0.0048780487804878,0
"000024.java",0,0,0,0,0,0,0,0,0,0,0,0,0,0.000601684717208183,0,0,0.00661853188929001,0.00120336943441637,0,0,0.0511432009626955,0,0,0,0,0,0.00120336943441637,0,0,0,0,0,0,0,0,0.00421179302045728,0.157039711191336,0,0,0,0,0,0.000601684717208183,0.0174488567990373,0,0.759927797833935,0,0,0,0
"000026.java",0,0,0.00556173526140156,0,0,0,0.310344827586207,0,0,0.00222469410456062,0,0,0,0,0,0,0,0,0,0.017797552836485,0.10567296996663,0.00444938820912125,0,0,0.103448275862069,0,0,0,0,0,0,0.0478309232480534,0,0,0,0.00111234705228031,0.398220244716351,0,0,0,0,0,0,0.00111234705228031,0,0,0,0,0,0.00222469410456062
"000027.java",0,0,0,0,0,0,0,0,0,0,0,0,0.000169836956521739,0,0,0.910495923913043,0,0,0,0,0,0,0,0,0,0,0.000169836956521739,0,0,0,0.000169836956521739,0,0.000169836956521739,0,0,0,0.0867866847826087,0,0,0,0,0.000169836956521739,0,0.000679347826086957,0,0.000169836956521739,0,0,0.00101902173913043,0
"000031.java",0,0.000158252888115208,0,0,0.000158252888115208,0,0,0,0.000158252888115208,0.000474758664345624,0,0,0,0,0,0,0,0,0,0,0,0,0,0,0,0,0,0.000158252888115208,0,0,0,0.000158252888115208,0,0.000316505776230416,0,0,0.0413040037980693,0,0,0,0,0,0.000316505776230416,0,0,0,0,0,0,0.956796961544548
"000036.java",0,0,0,0,0,0,0,0,0,0,0,0,0,0.71176112126752,0,0,0,0,0,0.000609384521633151,0,0,0,0,0,0,0.0012187690432663,0,0,0,0,0,0,0,0,0,0.285801340645948,0,0,0,0.000609384521633151,0,0,0,0,0,0,0,0,0
"000037.java",0,0,0,0,0,0,0,0,0,0,0,0,0,0.631578947368421,0,0,0,0,0,0,0.0315789473684211,0,0,0,0,0,0.00451127819548872,0,0,0.00150375939849624,0,0,0,0.00150375939849624,0,0,0.324812030075188,0,0,0,0,0.00150375939849624,0,0,0,0,0,0,0.00300751879699248,0
"000041.java",0,0,0,0,0,0,0,0,0,0,0,0,0,0,0,0,0,0,0,0,0.123943661971831,0.00112676056338028,0,0,0,0,0.874366197183099,0,0,0,0,0,0,0.000563380281690141,0,0,0,0,0,0,0,0,0,0,0,0,0,0,0,0
"000044.java",0,0,0,0,0,0,0.0611353711790393,0,0,0.00655021834061135,0,0,0,0.126637554585153,0,0,0,0,0,0,0.0633187772925764,0,0.00218340611353712,0,0,0,0,0.00436681222707424,0,0,0,0,0,0.00655021834061135,0,0,0.456331877729258,0,0,0,0.231441048034935,0,0,0,0,0,0,0,0.0393013100436681,0.00218340611353712
"000045.java",0,0.000161108425970678,0,0,0,0,0.000161108425970678,0,0,0,0,0,0,0,0,0,0.00322216851941357,0.0037054937973256,0,0,0.0186885774125987,0,0,0,0,0,0,0,0,0,0,0.000644433703882713,0,0.969389399065571,0,0,0.00306106009344289,0,0,0,0,0.000322216851941357,0,0,0,0,0.000483325277912035,0.000161108425970678,0,0
"000046.java",0.0280987990029458,0.00271923861318831,0.100838431905733,0.000453206435531385,0,0.000226603217765692,0,0,0,0,0,0,0.000226603217765692,0,0,0,0,0,0.000226603217765692,0,0.00838431905733061,0,0,0,0,0,0,0,0,0,0,0,0.000226603217765692,0.80693405846363,0,0.000226603217765692,0.0507591207795151,0,0,0,0,0,0,0.000453206435531385,0,0,0,0,0.000226603217765692,0
"000060.java",0,0.00263852242744063,0,0,0,0,0,0,0,0,0,0,0,0,0,0,0,0,0.000879507475813544,0.000879507475813544,0.12664907651715,0,0.864555848724714,0,0,0,0,0,0,0,0,0,0,0,0.000879507475813544,0,0.00175901495162709,0,0,0,0,0,0,0,0,0.00175901495162709,0,0,0,0
"000063.java",0,0,0.000523012552301255,0,0.677301255230126,0,0,0,0,0,0,0,0,0,0,0,0.00156903765690377,0,0,0,0,0,0,0,0,0,0.0047071129707113,0,0,0,0,0,0,0,0,0,0.315899581589958,0,0,0,0,0,0,0,0,0,0,0,0,0
"000067.java",0,0,0,0,0,0,0,0.00156341606410006,0,0.00293140512018761,0,0,0,0,0,0.00136798905608755,0.000586281024037522,0.000195427008012507,0,0.000586281024037522,0.0193472737932382,0,0,0.000195427008012507,0,0.909908149306234,0,0,0,0,0,0,0,0,0,0,0.0576509673636897,0,0,0,0,0,0,0.00508110220832519,0,0.000586281024037522,0,0,0,0
"000070.java",0.176948051948052,0,0,0,0,0,0,0,0,0.0633116883116883,0,0,0,0,0,0,0,0,0,0,0,0,0,0,0.00811688311688312,0,0,0,0,0,0,0,0,0,0,0,0.537337662337662,0,0.163961038961039,0.0422077922077922,0,0,0,0.00487012987012987,0,0.00324675324675325,0,0,0,0
"000077.java",0,0,0,0,0,0,0,0,0,0,0,0,0,0,0,0.0126903553299492,0,0.0050761421319797,0,0,0.144670050761421,0,0,0,0,0,0,0,0,0.0050761421319797,0,0,0,0,0,0,0.241116751269036,0,0.568527918781726,0,0,0,0,0,0,0,0,0.00253807106598985,0.00761421319796954,0.0126903553299492
"000082.java",0,0,0,0.0411764705882353,0,0.223529411764706,0,0,0,0.00588235294117647,0,0,0,0,0.00588235294117647,0,0,0,0,0,0.670588235294118,0,0,0,0,0.00588235294117647,0,0,0,0.0176470588235294,0,0.0235294117647059,0,0,0,0,0,0,0,0,0,0,0,0,0,0,0,0,0.00588235294117647,0
"000084.java",0,0,0,0,0,0,0.00904977375565611,0,0,0,0,0,0,0,0,0,0.0950226244343891,0.0407239819004525,0,0,0.475113122171946,0,0,0,0,0,0.0407239819004525,0,0,0,0,0.0226244343891403,0,0,0,0,0.289592760180996,0,0,0.0135746606334842,0,0,0.0135746606334842,0,0,0,0,0,0,0
"000085.java",0,0.00272479564032698,0,0,0,0,0,0,0,0,0,0.00272479564032698,0,0,0,0,0,0,0,0.00817438692098093,0,0,0,0,0,0,0,0,0,0,0.00272479564032698,0,0,0,0,0,0.719346049046321,0,0,0,0.26158038147139,0,0,0,0,0,0,0,0.00272479564032698,0
"000096.java",0,0,0,0,0,0,0,0,0.000697350069735007,0.00104602510460251,0,0,0,0,0,0,0,0,0,0,0.00104602510460251,0,0,0,0,0,0.000348675034867503,0.000697350069735007,0,0,0,0.0376569037656904,0,0.000348675034867503,0,0.000348675034867503,0.125871687587169,0,0,0.829846582984658,0,0,0,0,0,0,0,0,0.00209205020920502,0
"000102.java",0.00291970802919708,0.00048661800486618,0,0,0,0,0,0.00032441200324412,0,0.00048661800486618,0.00178426601784266,0,0,0,0.0008110300081103,0.00048661800486618,0,0.00032441200324412,0,0.636171938361719,0.00632603406326034,0.00016220600162206,0.00048661800486618,0,0.00016220600162206,0,0.00032441200324412,0.00032441200324412,0,0,0.00016220600162206,0.120843471208435,0,0,0,0.00016220600162206,0.223033252230333,0,0.0032441200324412,0,0,0,0,0.00016220600162206,0,0,0,0,0,0.0008110300081103
"000108.java",0,0,0,0,0,0.00649350649350649,0.0779220779220779,0,0,0,0,0.00649350649350649,0,0.0454545454545455,0,0,0,0,0,0,0.253246753246753,0.025974025974026,0,0,0,0,0,0,0.012987012987013,0,0,0,0,0,0,0,0.532467532467532,0,0,0,0,0,0,0,0,0,0,0.038961038961039,0,0
"000112.java",0,0,0,0,0,0,0,0,0,0,0,0.2,0,0,0.222222222222222,0,0,0,0,0,0.533333333333333,0,0,0,0,0,0,0,0,0,0,0,0.0222222222222222,0,0,0,0,0,0,0,0.0222222222222222,0,0,0,0,0,0,0,0,0
"000114.java",0,0.0021551724137931,0.00107758620689655,0,0,0,0.00107758620689655,0,0,0.00538793103448276,0,0,0.00323275862068966,0,0.00107758620689655,0,0,0,0,0,0,0.00323275862068966,0,0,0,0,0,0,0.683189655172414,0,0,0,0,0,0,0,0.298491379310345,0,0,0,0,0,0,0,0,0.00107758620689655,0,0,0,0
"000118.java",0,0,0,0,0,0,0.374701670644391,0,0,0,0,0,0,0,0,0.00238663484486874,0.00477326968973747,0,0,0,0.0978520286396181,0,0,0.00715990453460621,0,0,0.00715990453460621,0,0.00477326968973747,0.00238663484486874,0,0,0,0,0,0,0.498806682577566,0,0,0,0,0,0,0,0,0,0,0,0,0
"000119.java",0.000957854406130268,0,0.00670498084291188,0,0.000957854406130268,0,0,0.000957854406130268,0,0,0.00383141762452107,0,0.000957854406130268,0,0,0,0,0,0.0450191570881226,0,0,0,0,0,0,0,0,0.0191570881226054,0,0,0,0.000957854406130268,0,0.00862068965517241,0,0,0.318007662835249,0,0,0,0.00191570881226054,0,0.538314176245211,0,0,0,0,0,0.053639846743295,0
"000121.java",0,0.0481283422459893,0,0.171122994652406,0.0106951871657754,0,0,0,0,0.0053475935828877,0,0.128342245989305,0,0.0106951871657754,0,0,0,0,0,0,0.411764705882353,0,0,0,0.197860962566845,0,0,0,0,0,0,0,0,0,0,0,0,0,0.0106951871657754,0,0,0.0053475935828877,0,0,0,0,0,0,0,0
"000122.java",0,0,0,0,0,0,0,0,0,0.00100959111559818,0,0,0,0,0,0,0,0,0,0,0.0625946491670873,0,0,0.00100959111559818,0.000504795557799091,0,0,0,0,0,0,0,0,0,0,0.0696617869762746,0.260474507824331,0,0,0.50530035335689,0,0,0,0,0,0,0,0,0.099444724886421,0
"000123.java",0,0,0.00288184438040346,0.146974063400576,0,0,0,0,0,0.0144092219020173,0,0.00576368876080692,0,0.00576368876080692,0,0,0.00576368876080692,0,0,0.0979827089337176,0.331412103746398,0,0,0,0.0922190201729107,0,0,0,0,0,0,0.15850144092219,0,0.00576368876080692,0,0,0,0,0.00288184438040346,0.031700288184438,0,0.0979827089337176,0,0,0,0,0,0,0,0
"000124.java",0,0,0,0.00135043889264011,0,0,0,0.00472653612424038,0,0,0,0,0,0,0,0,0.00135043889264011,0,0,0,0.000675219446320054,0,0.00202565833896016,0,0.000675219446320054,0,0.000675219446320054,0,0,0,0,0,0,0,0,0.419311276164754,0.557056043214045,0,0,0,0,0,0,0.0114787305874409,0,0,0.000675219446320054,0,0,0
"000125.java",0,0,0,0,0,0,0,0,0,0,0,0.013953488372093,0,0,0.0372093023255814,0,0,0,0,0,0.0325581395348837,0,0,0.013953488372093,0,0,0,0,0.0325581395348837,0,0.00465116279069767,0.0418604651162791,0,0,0.00465116279069767,0,0.655813953488372,0,0,0.00930232558139535,0,0,0,0,0,0,0,0,0.153488372093023,0
"000126.java",0,0,0,0,0,0,0.00819672131147541,0,0,0,0,0.967213114754098,0,0.00273224043715847,0,0,0,0,0,0,0,0,0,0,0,0,0,0,0,0,0,0.0191256830601093,0,0,0,0.00273224043715847,0,0,0,0,0,0,0,0,0,0,0,0,0,0
"000127.java",0,0,0,0,0,0,0,0.000323729362253156,0,0,0.000323729362253156,0.000323729362253156,0,0.000323729362253156,0.000323729362253156,0,0,0,0,0,0,0,0,0,0,0,0,0,0,0,0,0,0.00129491744901263,0,0.000323729362253156,0.502427970216899,0.441243120751052,0,0.0123017157656199,0,0,0,0,0,0,0,0,0,0.0407898996438977,0
"000128.java",0,0,0,0,0.00645161290322581,0.0032258064516129,0,0,0,0,0,0.674193548387097,0,0.0161290322580645,0,0,0,0,0,0,0,0,0,0,0,0,0,0,0,0,0,0,0,0,0,0,0.3,0,0,0,0,0,0,0,0,0,0,0,0,0
"000130.java",0,0,0,0,0,0,0,0,0,0.00452488687782805,0,0.959276018099548,0,0.00452488687782805,0,0,0,0,0.00452488687782805,0,0.00904977375565611,0.00904977375565611,0,0,0,0,0,0.00452488687782805,0,0,0,0,0,0,0,0,0,0,0,0.00452488687782805,0,0,0,0,0,0,0,0,0,0
"000131.java",0,0,0,0.025,0,0,0,0,0,0,0,0.875,0,0,0,0,0,0,0,0,0.1,0,0,0,0,0,0,0,0,0,0,0,0,0,0,0,0,0,0,0,0,0,0,0,0,0,0,0,0,0
"000132.java",0,0,0,0.102040816326531,0,0,0,0.0204081632653061,0,0,0,0.346938775510204,0,0,0.183673469387755,0.0408163265306122,0,0.0204081632653061,0,0,0,0,0.163265306122449,0,0,0.0816326530612245,0,0,0,0,0.0204081632653061,0,0,0.0204081632653061,0,0,0,0,0,0,0,0,0,0,0,0,0,0,0,0
"000133.java",0,0,0,0,0,0,0,0,0,0,0,0.980571428571429,0,0,0,0,0,0,0,0,0,0,0.00571428571428571,0,0,0,0.00114285714285714,0,0,0,0,0,0.00114285714285714,0,0,0,0,0,0,0,0,0,0.00571428571428571,0,0,0,0.00228571428571429,0.00228571428571429,0,0.00114285714285714
"000134.java",0,0,0,0,0,0,0,0,0,0,0,0.992163009404389,0,0,0,0,0,0,0,0,0,0,0.00156739811912226,0.00156739811912226,0,0,0,0,0,0,0,0.00313479623824451,0,0,0,0,0,0,0,0,0,0,0,0,0,0.00156739811912226,0,0,0,0
"000135.java",0,0.0020703933747412,0,0,0,0,0,0,0,0,0,0.409937888198758,0,0,0,0,0,0,0,0,0.107660455486542,0,0,0,0,0,0,0.0020703933747412,0,0.476190476190476,0,0,0,0.0020703933747412,0,0,0,0,0,0,0,0,0,0,0,0,0,0,0,0
"000136.java",0,0,0,0,0,0,0.00547945205479452,0,0,0,0,0.986301369863014,0,0.00273972602739726,0,0,0,0,0,0,0,0,0,0.00273972602739726,0,0,0,0,0,0,0,0,0,0,0,0,0,0,0,0,0,0,0,0,0,0,0,0,0.00273972602739726,0
"000149.java",7.79483981604178e-05,0,0,0,0.000389741990802089,0,0,0,0,0.978018551718762,0,0,0,0,7.79483981604178e-05,0,0,0,0,0,0.00639176864915426,0,0,0,0,0,0,7.79483981604178e-05,0,0,0,7.79483981604178e-05,0,0.014732247252319,0,0,0,0,0,0,0,0,0,0.000155896796320836,0,0,0,0,0,0
"000150.java",0,0,0,0,0,0,0,0,0,0,0,0.00980392156862745,0,0,0,0,0,0,0,0,0.00980392156862745,0,0,0,0,0,0,0,0,0,0,0.00245098039215686,0,0.00245098039215686,0,0,0.259803921568627,0,0.017156862745098,0,0,0,0,0,0,0,0.698529411764706,0,0,0
"000152.java",0,0,0,0,0,0,0,0,0.00111607142857143,0,0.00223214285714286,0.00111607142857143,0,0,0,0,0,0,0,0,0,0,0,0,0.897321428571429,0,0.00223214285714286,0,0,0,0,0,0,0.00334821428571429,0,0,0.0892857142857143,0,0.00334821428571429,0,0,0,0,0,0,0,0,0,0,0
"000155.java",0.00116959064327485,0,0,0.00350877192982456,0.00116959064327485,0.0105263157894737,0,0,0,0.0350877192982456,0,0,0,0,0.00116959064327485,0.095906432748538,0,0,0.00467836257309942,0.00116959064327485,0.0385964912280702,0,0,0.0409356725146199,0,0,0.109941520467836,0,0,0.346198830409357,0,0,0,0,0,0.00701754385964912,0.298245614035088,0.00116959064327485,0,0,0,0,0,0,0,0,0,0,0.00350877192982456,0
"000159.java",0,0,0,0,0,0,0,0.000571102227298686,0,0,0,0,0.000571102227298686,0,0,0,0.000571102227298686,0.00228440890919475,0,0,0.00685322672758424,0,0,0,0,0,0,0.643061107938321,0,0,0,0.0416904625928041,0,0.000571102227298686,0,0,0.252427184466019,0,0,0,0,0,0,0.0502569960022844,0,0,0,0,0.00114220445459737,0
"000160.java",0,0,0,0.832599118942731,0.000734214390602056,0,0,0,0,0,0,0,0,0,0,0,0,0,0,0,0.131424375917768,0,0,0,0,0,0,0,0,0,0,0.025697503671072,0,0.00146842878120411,0,0,0.00734214390602056,0,0,0.000734214390602056,0,0,0,0,0,0,0,0,0,0
"000161.java",0,0,0,0,0,0,0,0,0,0,0,0,0,0.024822695035461,0,0,0,0,0.00354609929078014,0,0.212765957446809,0,0,0,0.024822695035461,0.00354609929078014,0,0,0,0.00354609929078014,0,0.0106382978723404,0.0354609929078014,0,0,0,0.531914893617021,0.0957446808510638,0.0460992907801418,0,0,0,0,0,0,0,0,0,0.00709219858156028,0
"000162.java",0.00389105058365759,0,0,0.0136186770428016,0,0,0,0,0,0,0,0,0,0,0,0,0,0,0,0.066147859922179,0.282101167315175,0,0,0.0175097276264591,0,0,0,0,0,0,0,0.0622568093385214,0,0,0,0,0.278210116731518,0.256809338521401,0,0,0,0.0194552529182879,0,0,0,0,0,0,0,0
"000163.java",0,0,0,0,0,0,0,0.00645161290322581,0,0,0,0,0,0,0,0,0,0,0,0,0.169354838709677,0,0,0,0,0,0.05,0,0,0,0.382258064516129,0,0,0,0,0,0.240322580645161,0,0.067741935483871,0,0,0.0838709677419355,0,0,0,0,0,0,0,0
"000164.java",0.0302225174360678,0,0,0,0.0013284623048821,0,0.00066423115244105,0,0,0.0156094320823647,0,0,0,0,0,0.0730654267685154,0,0,0,0,0.0149452009299236,0,0,0.00232480903354367,0,0,0,0,0,0.000332115576220525,0,0.00332115576220525,0,0,0,0,0.280305546330123,0,0.0182663566921289,0,0,0.559282630355364,0.000332115576220525,0,0,0,0,0,0,0
"000165.java",0,0.0140845070422535,0.00216684723726977,0,0.00866738894907909,0,0,0,0,0,0,0,0,0,0,0,0.0130010834236186,0,0.0130010834236186,0,0.110509209100758,0.00108342361863489,0,0,0,0,0.00108342361863489,0.102925243770314,0,0.347778981581798,0.0249187432286024,0.00216684723726977,0,0,0,0,0.262188515709642,0,0,0,0.00108342361863489,0.0866738894907909,0.00541711809317443,0,0.00216684723726977,0,0,0,0.00108342361863489,0
"000170.java",0,0,0,0,0,0,0,0,0,0,0,0.00149925037481259,0,0.00149925037481259,0,0,0,0,0,0.00749625187406297,0.163418290854573,0,0,0.116941529235382,0.00299850074962519,0,0.0104947526236882,0,0,0,0,0,0,0,0,0,0.284857571214393,0.187406296851574,0,0,0,0,0.221889055472264,0,0.00149925037481259,0,0,0,0,0
"000171.java",0,0,0,0,0,0,0,0.553011026293469,0,0,0,0,0,0,0,0,0.0805767599660729,0,0.00169635284139101,0,0.151823579304495,0,0,0,0,0,0,0.00169635284139101,0,0,0,0,0.000848176420695505,0,0,0,0.166242578456319,0,0.00169635284139101,0.0356234096692112,0,0,0,0,0,0.00678541136556404,0,0,0,0
"000172.java",0,0,0,0.0004476676515355,0.0007162682424568,0,0,0,0,0,0,0,0,0,0,0.0008058017727639,0.972244605604799,0,0,0,0.0109230906974662,0,0,0,0,8.95335303071e-05,0,0,0,0,0,0,0,0,0,0,0.0036708747425911,0.0006267347121497,0.0043871429850479,8.95335303071e-05,0,0,0,0.0055510788790402,0,0,0,0,0.0004476676515355,0
"000173.java",0,0,0,0.000174855744011191,0,0,0,0,0,0,0,0,0,0,0,0,0,0,0,0,0,0,0,0,0,0,0,0,0,0,0,0.00909249868858192,0,0,0,0.000524567232033572,0.0615492218919391,0,0,0,0.000174855744011191,0,0,0.928484000699423,0,0,0,0,0,0
"000174.java",0.178034682080925,0,0.00115606936416185,0,0,0,0,0,0,0,0,0,0,0.00809248554913295,0,0,0,0,0,0,0.0878612716763006,0.00115606936416185,0,0,0,0,0,0,0.00115606936416185,0,0,0.00115606936416185,0,0,0.0046242774566474,0,0.536416184971098,0.0520231213872832,0.0023121387283237,0,0.121387283236994,0.00346820809248555,0.00115606936416185,0,0,0,0,0,0,0
"000175.java",0,0,0,0,0,0,0,0,0.620667522464698,0.000641848523748395,0,0,0,0,0,0,0,0,0,0,0,0.000641848523748395,0,0,0,0,0,0,0,0,0,0.000641848523748395,0,0.00192554557124519,0,0,0.374197689345314,0,0,0,0,0,0,0.00128369704749679,0,0,0,0,0,0
"000176.java",0,0,0,0,0,0,0,0,0,0,0,0,0,0,0,0,0.127083333333333,0,0,0,0.172916666666667,0,0,0,0,0,0,0,0,0,0,0,0,0,0,0,0.29375,0.297916666666667,0.00208333333333333,0.00833333333333333,0,0,0,0.0625,0,0,0,0,0.0354166666666667,0
"000177.java",0,0,0.00655737704918033,0,0,0.00327868852459016,0,0,0,0,0,0,0,0,0,0,0,0,0,0,0.429508196721311,0.00983606557377049,0,0.157377049180328,0,0,0,0,0.00327868852459016,0.00327868852459016,0,0,0,0,0,0,0.154098360655738,0.167213114754098,0,0,0,0,0,0,0,0,0,0,0.0655737704918033,0
"000178.java",0,0.00840336134453781,0.00840336134453781,0,0,0,0,0.113445378151261,0,0.0588235294117647,0,0,0,0,0,0,0.0168067226890756,0,0,0,0.159663865546218,0,0,0,0,0,0.00420168067226891,0,0.00840336134453781,0,0,0,0,0.0210084033613445,0,0,0.382352941176471,0.134453781512605,0,0,0,0,0,0.00840336134453781,0,0,0,0,0.0756302521008403,0
"000179.java",0,0,0,0,0.00444444444444444,0,0,0,0,0,0,0,0,0,0,0,0.225185185185185,0,0.00148148148148148,0,0,0,0,0,0,0,0.00148148148148148,0.297777777777778,0,0,0,0,0,0,0,0,0.448888888888889,0.00148148148148148,0.0177777777777778,0,0,0,0,0,0,0.00148148148148148,0,0,0,0
"000183.java",0,0,0,0,0,0,0,0,0,0,0,0,0,0,0,0,0.000707714083510262,0,0,0,0,0,0,0.759731068648266,0,0,0,0.000353857041755131,0,0,0,0.0449398443029016,0,0,0,0,0.193205944798301,0,0.000353857041755131,0,0,0,0,0.000707714083510262,0,0,0,0,0,0
"000185.java",0,0,0,0,0,0,0,0,0,0,0,0,0,0,0,0,0,0.00187234042553191,0,0,0,0,0,0.000170212765957447,0,0,0,0,0,0.000170212765957447,0,0,0,0,0,0,0.158127659574468,0,0,0,0,0,0,0,0,0,0,0,0.838978723404255,0.000680851063829787
"000187.java",0,0,0,0.00269541778975741,0,0,0,0,0,0,0,0,0,0,0,0,0.00269541778975741,0,0,0,0.169811320754717,0,0,0.31266846361186,0,0,0,0,0,0,0,0.0835579514824798,0,0,0,0,0.256064690026954,0.169811320754717,0,0.00269541778975741,0,0,0,0,0,0,0,0,0,0
"000188.java",0,0.00524475524475524,0,0.013986013986014,0,0,0,0.0576923076923077,0,0,0,0,0,0,0,0,0.00174825174825175,0,0,0,0.232517482517483,0,0,0,0,0,0,0,0,0,0.0157342657342657,0.0594405594405594,0,0,0,0,0.253496503496503,0.0454545454545455,0,0,0.00174825174825175,0,0.312937062937063,0,0,0,0,0,0,0
"000189.java",0,0,0,0,0,0,0,0.000710732054015636,0.000710732054015636,0,0,0,0,0,0,0.000710732054015636,0.00142146410803127,0,0,0,0.00213219616204691,0,0,0.0611229566453447,0,0,0,0,0,0,0,0.650319829424307,0.000710732054015636,0,0,0,0.235252309879176,0,0,0.0241648898365316,0,0,0,0,0,0,0,0,0.0227434257285004,0
"000190.java",0,0,0,0,0,0.0034965034965035,0,0.00699300699300699,0,0,0,0,0,0,0,0,0.0034965034965035,0,0,0,0.346153846153846,0,0,0,0,0,0,0,0.0244755244755245,0,0,0.0314685314685315,0,0,0,0,0.136363636363636,0.213286713286713,0,0,0,0.213286713286713,0,0,0,0,0,0,0,0.020979020979021
"000191.java",0,0.0480274442538593,0,0,0,0,0,0,0,0,0,0.00514579759862779,0,0,0,0,0,0,0,0,0.174957118353345,0,0,0,0,0,0,0,0,0,0,0.0205831903945112,0,0,0,0.00171526586620926,0.00171526586620926,0,0,0,0,0.00343053173241852,0,0,0.740994854202401,0,0.00343053173241852,0,0,0
"000193.java",0,0,0.00762873490146217,0,0,0,0,0.000317863954227591,0,0,0,0,0,0,0,0.00540368722186904,0,0.82326764144946,0,0.000317863954227591,0,0,0,0,0,0,0,0,0,0,0.000317863954227591,0.000635727908455181,0,0,0,0,0.161474888747616,0.000317863954227591,0,0,0,0,0,0,0,0,0,0,0.000317863954227591,0
"000194.java",0.037037037037037,0.00925925925925926,0.0108024691358025,0.138888888888889,0,0,0,0,0,0,0,0,0,0,0,0,0,0.0262345679012346,0.00154320987654321,0,0.174382716049383,0,0.00617283950617284,0.087962962962963,0,0,0,0,0,0,0.0478395061728395,0.172839506172839,0,0.0108024691358025,0,0,0.00308641975308642,0,0.00154320987654321,0,0,0.271604938271605,0,0,0,0,0,0,0,0
"000195.java",0.295809367296631,0.000821692686935086,0,0,0,0.000821692686935086,0,0.000821692686935086,0,0,0,0.00246507806080526,0,0,0.00164338537387017,0,0,0.0262941659819228,0,0.0361544782251438,0.000821692686935086,0,0,0.000821692686935086,0,0,0,0,0,0,0,0.000821692686935086,0,0,0,0,0.534100246507806,0,0.0969597370583402,0,0,0,0,0.000821692686935086,0,0,0,0.000821692686935086,0,0
"000196.java",0.501439736733854,0,0.00164541341011929,0,0,0,0,0,0,0.000411353352529823,0.000411353352529823,0,0,0,0,0.000822706705059646,0,0,0,0,0,0.00287947346770876,0.000411353352529823,0,0,0,0,0,0,0,0,0.0275606746194981,0,0,0.144385026737968,0,0.319621554915673,0,0,0,0,0,0,0,0,0,0.000411353352529823,0,0,0
"000197.java",0,0,0.000664010624169987,0,0,0,0.000664010624169987,0,0,0,0,0,0,0,0.00199203187250996,0.00464807436918991,0,0,0,0.0232403718459495,0.110889774236388,0,0.00132802124833997,0,0,0,0.00265604249667995,0.000664010624169987,0,0,0.630146082337317,0.0856573705179283,0,0,0,0.000664010624169987,0.0650730411686587,0,0,0.0710491367861886,0,0,0,0.000664010624169987,0,0,0,0,0,0
"000198.java",0,0,0,0.00496688741721854,0,0,0,0,0,0,0,0,0,0,0,0,0,0,0,0.0314569536423841,0,0,0,0,0,0,0,0,0,0,0,0.786423841059603,0,0,0,0,0.149006622516556,0,0,0,0,0,0,0.0281456953642384,0,0,0,0,0,0
"000199.java",0.06640625,0,0,0.0078125,0,0,0,0,0,0.2734375,0,0,0,0,0,0,0.1015625,0,0,0,0.076171875,0,0,0,0,0,0,0,0,0,0,0.310546875,0,0.1328125,0,0,0.009765625,0.01953125,0,0,0,0,0,0,0,0,0,0,0.001953125,0
"000200.java",0.0114942528735632,0,0,0,0,0,0,0,0,0.0766283524904215,0,0,0,0,0,0,0,0.325670498084291,0,0,0.210727969348659,0,0,0,0,0,0,0,0,0,0,0.164750957854406,0,0.0344827586206897,0,0,0,0.164750957854406,0,0,0,0.00766283524904215,0,0,0,0,0,0,0,0.00383141762452107
"000201.java",0.00282663316582915,0,0.860238693467337,0,0,0,0,0,0,0,0,0,0,0,0,0,0,0,0.000628140703517588,0,0.0144472361809045,0,0,0,0,0,0,0,0,0,0,0,0,0.00157035175879397,0,0,0.103329145728643,0,0,0,0,0,0,0,0,0,0,0,0.0169597989949749,0
"000202.java",0,0.105263157894737,0.075187969924812,0,0,0,0,0,0,0,0,0,0,0,0.0225563909774436,0,0,0,0,0,0.481203007518797,0,0,0,0,0,0,0,0,0,0,0,0,0,0.18796992481203,0,0.0451127819548872,0.075187969924812,0,0,0,0,0,0,0.0075187969924812,0,0,0,0,0
"000225.java",0,0,0,0,0,0.230872483221477,0,0,0,0.00268456375838926,0,0,0,0,0,0,0.27248322147651,0,0.122147651006711,0.00134228187919463,0.142281879194631,0.00402684563758389,0,0,0.0832214765100671,0,0,0,0,0,0,0.102013422818792,0,0,0,0,0,0.0187919463087248,0,0.0187919463087248,0,0,0,0,0,0,0,0.00134228187919463,0,0
"000226.java",0,0,0.00427350427350427,0,0,0,0,0,0,0,0,0.0769230769230769,0,0,0,0,0,0,0,0,0.585470085470085,0.00427350427350427,0.115384615384615,0.00427350427350427,0,0,0,0,0,0,0.0128205128205128,0.00427350427350427,0,0,0,0,0.0427350427350427,0.0641025641025641,0,0,0.047008547008547,0,0,0,0.0384615384615385,0,0,0,0,0
"000228.java",0,0,0,0.503448275862069,0,0,0,0,0,0,0,0.00689655172413793,0,0.00689655172413793,0,0,0.0137931034482759,0,0,0,0.248275862068966,0,0.0689655172413793,0,0,0,0,0,0,0.00689655172413793,0,0,0,0,0,0,0,0,0,0,0,0,0.00689655172413793,0,0,0,0,0.137931034482759,0,0
"000232.java",0,0,0,0,0,0.788772597526166,0,0,0,0,0,0,0,0,0,0,0,0,0,0,0,0,0,0,0.0285442435775452,0,0,0,0,0,0,0,0,0,0,0,0.176022835394862,0,0.00666032350142721,0,0,0,0,0,0,0,0,0,0,0
"000234.java",0,0.000648508430609598,0,0,0,0.899481193255512,0,0,0,0,0,0,0.000648508430609598,0,0,0,0,0,0,0.00843060959792477,0,0,0,0,0,0,0,0,0,0,0,0,0,0.0012970168612192,0,0,0.0881971465629053,0,0,0,0,0,0.000648508430609598,0,0,0,0,0.000648508430609598,0,0
"000236.java",0.0103092783505155,0,0,0,0,0.810996563573883,0,0,0,0,0,0,0,0,0,0,0,0,0,0,0.127147766323024,0,0,0,0,0,0,0,0,0,0.00343642611683849,0.0446735395189003,0,0,0,0,0,0,0,0,0,0,0.00343642611683849,0,0,0,0,0,0,0
"000237.java",0,0,0,0,0,0.41991341991342,0,0,0,0,0,0,0,0,0,0,0,0,0,0,0.0649350649350649,0,0,0.00432900432900433,0.372294372294372,0,0,0,0,0,0,0,0,0,0,0,0.138528138528139,0,0,0,0,0,0,0,0,0,0,0,0,0
"000247.java",0.00196463654223969,0,0,0,0,0,0,0,0,0,0,0,0,0,0,0,0,0,0.000982318271119843,0,0.0520628683693517,0,0,0,0,0,0.00491159135559921,0,0,0,0,0,0.753438113948919,0,0,0,0.18565815324165,0,0,0,0,0,0,0,0.000982318271119843,0,0,0,0,0
"000248.java",0,0,0,0,0,0,0,0,0.0141843971631206,0,0.00709219858156028,0,0,0.00236406619385343,0,0,0,0,0,0,0.231678486997636,0,0,0,0,0.00236406619385343,0,0,0,0,0,0,0.00472813238770686,0,0.00236406619385343,0,0.340425531914894,0,0.0401891252955083,0,0.354609929078014,0,0,0,0,0,0,0,0,0
"000286.java",0,0.00173913043478261,0,0,0,0.238260869565217,0,0,0,0,0,0,0,0,0,0,0.00173913043478261,0,0.048695652173913,0,0,0,0,0,0,0.00347826086956522,0,0,0,0,0,0,0,0,0,0,0.215652173913043,0,0,0,0,0,0,0,0.490434782608696,0,0,0,0,0
"000287.java",0,0,0,0,0,0.534883720930233,0,0,0,0,0,0,0,0.00775193798449612,0,0.00775193798449612,0,0,0,0,0.217054263565891,0,0,0.0155038759689922,0,0,0,0,0,0,0,0,0,0,0,0,0,0,0.00775193798449612,0,0,0,0,0,0.170542635658915,0,0,0.0387596899224806,0,0
"000288.java",0,0,0,0,0,0.536585365853659,0,0,0,0,0,0,0,0.016260162601626,0,0,0,0,0,0,0.268292682926829,0,0,0,0,0,0,0,0,0,0,0.016260162601626,0,0,0,0,0,0,0,0,0,0,0,0,0.16260162601626,0,0,0,0,0
"000289.java",0,0,0,0,0,0.54656862745098,0,0,0,0,0,0,0,0.017156862745098,0,0,0,0,0,0,0,0,0,0.0612745098039216,0,0,0,0,0,0,0,0,0,0,0,0,0.316176470588235,0,0,0,0,0,0,0,0,0,0,0.0588235294117647,0,0
"000290.java",0,0,0,0,0.0045662100456621,0.28310502283105,0,0,0,0,0,0,0,0,0,0,0,0,0,0,0.214611872146119,0,0,0.0182648401826484,0,0,0.191780821917808,0.0045662100456621,0,0,0,0,0,0,0,0,0,0,0,0,0.0136986301369863,0,0,0,0,0,0,0.269406392694064,0,0
"000291.java",0,0,0,0,0,0.481203007518797,0,0,0,0,0,0,0.0075187969924812,0,0.0075187969924812,0,0.0075187969924812,0,0,0,0.165413533834586,0,0,0,0,0,0,0,0,0,0,0.037593984962406,0,0,0,0,0.24812030075188,0,0,0,0.0451127819548872,0,0,0,0,0,0,0,0,0
"000292.java",0,0.036734693877551,0,0,0,0.428571428571429,0,0,0,0,0,0,0,0,0,0,0,0.00408163265306122,0,0,0.212244897959184,0.00816326530612245,0,0,0.0571428571428571,0,0,0,0,0,0,0,0,0,0,0,0.228571428571429,0,0,0,0,0,0,0,0.0204081632653061,0,0,0.00408163265306122,0,0
"000293.java",0,0,0,0,0,0.294964028776978,0,0,0.00719424460431655,0,0,0,0,0,0,0,0,0,0,0,0.453237410071942,0,0,0,0,0,0,0,0,0,0,0.0359712230215827,0,0,0,0,0.172661870503597,0,0,0,0,0,0,0,0,0.00719424460431655,0,0.0287769784172662,0,0
"000294.java",0.00438680144955178,0,0,0,0,0,0,0,0,0,0,0,0,0.000381460995613199,0,0,0.000190730497806599,0.000572191493419798,0.000381460995613199,0.000762921991226397,0.000381460995613199,0,0,0.00209803547587259,0,0,0,0,0,0,0,0.0226969292389853,0,0,0.754148388327294,0,0.212473774556552,0,0,0.000572191493419798,0,0.000190730497806599,0,0.000572191493419798,0.000190730497806599,0,0,0,0,0
"000295.java",0,0.865,0,0,0,0,0,0,0,0,0,0.006,0,0,0,0,0,0,0,0,0,0,0,0,0,0,0.003,0,0,0,0.001,0.015,0,0,0.004,0,0.106,0,0,0,0,0,0,0,0,0,0,0,0,0
"000300.java",0,0,0,0,0,0,0,0,0,0,0,0,0,0,0,0,0,0,0,0,0,0.685273159144893,0,0,0,0,0,0.000296912114014252,0.000296912114014252,0,0,0,0,0,0.0109857482185273,0,0.302850356294537,0,0,0,0,0,0.000296912114014252,0,0,0,0,0,0,0
"000305.java",0,0.000328191663931736,0,0.0137840498851329,0,0,0,0,0,0,0.814571709878569,0.000328191663931736,0,0,0,0,0,0.000328191663931736,0,0.000656383327863472,0.053495241220873,0,0,0,0,0,0.000984574991795208,0,0,0.000328191663931736,0.000328191663931736,0.00196914998359042,0,0,0.000656383327863472,0.000656383327863472,0.103380374138497,0.00426649163111257,0.00393829996718083,0,0,0,0,0,0,0,0,0,0,0
"000306.java",0,0,0,0.0201005025125628,0,0,0,0,0,0,0.0452261306532663,0.653266331658292,0.0050251256281407,0,0,0,0,0,0,0,0.175879396984925,0,0,0,0,0,0,0.0804020100502513,0,0,0,0,0,0,0,0,0,0,0,0,0,0,0.0050251256281407,0,0.0100502512562814,0,0,0,0,0.0050251256281407
"000364.java",0,0,0,0,0,0,0,0,0,0,0,0.0303030303030303,0,0,0.363636363636364,0,0,0,0,0,0.46969696969697,0,0,0,0.106060606060606,0,0,0,0,0,0,0,0,0,0.0151515151515152,0,0,0,0.0151515151515152,0,0,0,0,0,0,0,0,0,0,0
"000367.java",0,0,0,0.00170842824601367,0,0,0,0,0,0,0,0,0,0,0,0,0.561503416856492,0,0.000569476082004556,0,0,0.000569476082004556,0,0,0,0,0,0,0,0.335421412300683,0,0.000569476082004556,0,0,0,0,0.0996583143507973,0,0,0,0,0,0,0,0,0,0,0,0,0
"000377.java",0,0,0,0,0,0.0202020202020202,0,0,0,0,0.353535353535354,0.171717171717172,0,0,0,0,0,0,0,0,0.434343434343434,0,0,0,0,0,0,0,0,0,0,0.0202020202020202,0,0,0,0,0,0,0,0,0,0,0,0,0,0,0,0,0,0
"000379.java",0,0,0,0,0,0.0382513661202186,0,0,0,0,0,0.650273224043716,0,0,0,0,0,0,0,0,0.295081967213115,0.00546448087431694,0,0,0,0,0,0,0,0,0,0,0,0,0,0.00546448087431694,0,0,0,0,0,0,0.00546448087431694,0,0,0,0,0,0,0
"000463.java",0,0,0,0,0,0.0529411764705882,0,0,0,0,0.00065359477124183,0,0,0,0,0,0,0,0.00065359477124183,0.00065359477124183,0,0.00065359477124183,0,0.00065359477124183,0,0,0,0,0,0,0,0,0,0,0,0,0.130065359477124,0,0.00130718954248366,0,0,0,0,0,0,0,0,0.812418300653595,0,0
"000481.java",0,0,0,0,0,0.0215827338129496,0,0,0,0,0.0215827338129496,0,0,0,0,0,0,0,0,0,0.683453237410072,0,0.00719424460431655,0.00719424460431655,0.00719424460431655,0.0359712230215827,0,0,0,0.0215827338129496,0,0,0,0,0,0.0143884892086331,0.0359712230215827,0,0.0143884892086331,0,0,0,0,0,0,0,0,0.129496402877698,0,0
"000482.java",0,0,0,0.633608815426997,0.0165289256198347,0,0.0495867768595041,0,0,0,0,0,0,0,0,0,0,0,0,0,0.184573002754821,0,0.0110192837465565,0,0,0,0,0,0,0,0,0,0,0,0,0,0,0,0,0.00275482093663912,0,0,0,0.0303030303030303,0,0,0,0.0716253443526171,0,0
"000488.java",0,0,0.000382848392036753,0,0,0,0,0,0,0,0,0,0,0,0,0.000382848392036753,0,0,0.638399693721286,0,0,0,0,0,0.000382848392036753,0,0,0,0,0,0,0,0.000382848392036753,0,0,0,0.357963246554364,0,0,0.00057427258805513,0,0,0,0,0.000191424196018377,0,0,0,0.00114854517611026,0.000191424196018377
"000489.java",0,0,0,0,0,0,0,0,0,0,0,0,0,0,0.527777777777778,0,0,0,0,0,0.416666666666667,0,0,0,0,0,0,0.0277777777777778,0,0,0.0277777777777778,0,0,0,0,0,0,0,0,0,0,0,0,0,0,0,0,0,0,0
"000490.java",0,0,0,0,0,0,0,0,0,0,0,0,0,0,0,0,0.00215982721382289,0,0.00431965442764579,0,0,0,0,0,0,0,0,0,0,0,0,0,0,0,0,0,0.557235421166307,0,0,0,0.436285097192225,0,0,0,0,0,0,0,0,0
"000491.java",0,0,0,0.0787746170678337,0,0,0,0,0.00437636761487965,0,0,0,0,0.0131291028446389,0.490153172866521,0,0.00218818380743982,0,0,0,0.12035010940919,0,0,0,0.00656455142231947,0.00218818380743982,0,0,0,0,0,0.00437636761487965,0,0,0,0,0.271334792122538,0,0.00218818380743982,0,0.00437636761487965,0,0,0,0,0,0,0,0,0
