"V1","V2","V3","V4","V5","V6","V7","V8","V9","V10","V11","V12","V13","V14","V15","V16","V17","V18","V19","V20","V21","V22","V23","V24","V25","V26","V27","V28","V29","V30","V31","V32","V33","V34","V35","V36","V37","V38","V39","V40","V41","V42","V43","V44","V45","V46","V47","V48","V49","V50"
"000001.java",0,0,0,0.610503282275711,0,0,0,0,0,0.00437636761487965,0,0,0.216630196936543,0,0,0,0,0,0.00218818380743982,0,0.0131291028446389,0,0,0,0,0,0,0,0,0,0,0,0,0,0,0.0087527352297593,0.00437636761487965,0,0,0,0,0,0.0765864332603939,0,0,0,0,0,0.0240700218818381,0.0393873085339169
"000002.java",0.00122549019607843,0.00122549019607843,0,0.0245098039215686,0,0,0.00367647058823529,0,0.00122549019607843,0.00122549019607843,0.00367647058823529,0,0.162990196078431,0.00122549019607843,0,0,0,0,0,0.0134803921568627,0,0,0,0.00245098039215686,0,0,0,0.00245098039215686,0.00122549019607843,0,0,0,0,0,0.00612745098039216,0.00122549019607843,0,0,0,0,0,0.00245098039215686,0.75,0,0,0,0,0.0183823529411765,0.00122549019607843,0
"000003.java",0,0.00565291124929339,0,0.847371396269079,0,0,0.00169587337478802,0,0,0.000565291124929339,0,0,0.0881854154889768,0.00169587337478802,0,0,0,0,0.00226116449971735,0,0.000565291124929339,0,0,0,0,0,0,0,0,0,0,0,0,0,0,0,0,0.00169587337478802,0,0.000565291124929339,0,0,0.0469191633691351,0,0,0.000565291124929339,0,0,0,0.00226116449971735
"000004.java",0.258278145695364,0.0165562913907285,0,0,0,0,0,0,0.0033112582781457,0,0,0,0.552980132450331,0,0,0,0,0.0033112582781457,0,0.0794701986754967,0,0,0,0,0,0,0,0,0,0.0198675496688742,0,0,0,0,0.0364238410596026,0,0,0,0,0,0,0,0,0,0.0033112582781457,0.0165562913907285,0,0,0,0.00993377483443709
"000005.java",0,0,0,0,0,0,0,0.00440528634361234,0,0.00440528634361234,0,0,0.440528634361233,0,0.00881057268722467,0,0,0.00440528634361234,0.0176211453744493,0,0,0,0.0176211453744493,0,0,0,0,0,0.0352422907488987,0,0,0,0,0,0.00440528634361234,0.00881057268722467,0,0.00440528634361234,0,0.444933920704846,0,0,0,0,0,0,0,0.00440528634361234,0,0
"000006.java",0.00404858299595142,0,0,0,0,0.190283400809717,0,0.048582995951417,0,0,0,0,0.57085020242915,0,0,0.00404858299595142,0,0,0.00809716599190283,0,0,0,0,0,0,0,0,0.0121457489878543,0,0,0,0.00404858299595142,0.00809716599190283,0,0.0566801619433198,0,0,0,0,0,0.0809716599190283,0.00809716599190283,0,0,0.00404858299595142,0,0,0,0,0
"000019.java",0.0198019801980198,0,0,0,0,0,0.00495049504950495,0,0.0148514851485149,0,0,0,0.762376237623762,0,0,0,0,0,0,0,0,0,0,0,0,0,0,0,0,0,0,0,0,0.183168316831683,0.0099009900990099,0,0,0,0,0,0,0,0,0,0,0,0,0.00495049504950495,0,0
"000020.java",0.03,0,0,0,0,0,0.0133333333333333,0,0,0.0333333333333333,0.00333333333333333,0,0.73,0.00333333333333333,0,0,0,0,0,0,0.00666666666666667,0.00666666666666667,0,0,0,0,0,0,0,0,0,0.00666666666666667,0,0,0,0.00333333333333333,0,0,0,0,0,0,0,0.0233333333333333,0,0.136666666666667,0,0,0.00333333333333333,0
"000021.java",0,0,0,0,0,0,0,0,0.00975609756097561,0,0,0,0.785365853658537,0,0,0,0,0,0.00975609756097561,0,0,0,0,0,0,0,0,0,0.0926829268292683,0,0,0,0.0048780487804878,0.0975609756097561,0,0,0,0,0,0,0,0,0,0,0,0,0,0,0,0
"000024.java",0,0,0,0.00120336943441637,0,0,0.00120336943441637,0,0,0,0.783393501805054,0,0.202166064981949,0,0,0,0,0,0,0,0.00300842358604091,0,0,0,0,0,0,0,0,0,0,0.00421179302045728,0,0,0.00120336943441637,0,0,0.00300842358604091,0,0,0.000601684717208183,0,0,0,0,0,0,0,0,0
"000026.java",0.39377085650723,0,0,0,0.00111234705228031,0,0,0.00111234705228031,0,0,0,0,0.561735261401557,0.0222469410456062,0,0,0,0.00111234705228031,0,0.00889877641824249,0,0,0,0,0,0,0,0,0,0,0,0,0,0,0.00111234705228031,0.00444938820912125,0,0,0,0,0,0.00111234705228031,0,0,0.00111234705228031,0,0.00111234705228031,0,0,0.00111234705228031
"000027.java",0,0,0,0,0.000169836956521739,0,0,0,0,0,0,0,0.06640625,0,0,0,0,0,0,0.000169836956521739,0.931385869565217,0,0,0,0,0,0,0,0,0,0,0,0,0,0,0,0.00152853260869565,0,0,0,0,0,0,0.000339673913043478,0,0,0,0,0,0
"000031.java",0,0,0.000158252888115208,0,0,0,0,0,0,0,0,0,0.0392467162525716,0,0,0,0.000158252888115208,0.00142427599303687,0,0,0,0,0,0,0,0.000158252888115208,0,0,0,0.958221237537585,0,0.000158252888115208,0.000474758664345624,0,0,0,0,0,0,0,0,0,0,0,0,0,0,0,0,0
"000036.java",0,0,0,0,0,0,0,0,0,0,0,0,0.317489335770871,0,0,0,0,0,0,0,0,0,0,0,0,0,0.000609384521633151,0,0.681291895185862,0,0,0,0,0,0,0,0,0,0,0,0,0,0,0,0,0,0,0.000609384521633151,0,0
"000037.java",0.00150375939849624,0,0,0.00150375939849624,0,0,0,0,0,0,0,0,0.42406015037594,0,0,0,0,0,0,0,0,0,0,0,0,0,0,0,0.572932330827068,0,0,0,0,0,0,0,0,0,0,0,0,0,0,0,0,0,0,0,0,0
"000041.java",0,0,0,0,0,0,0.000563380281690141,0,0,0,0,0,0.207323943661972,0,0,0,0,0,0,0.788169014084507,0,0,0,0,0,0,0,0,0,0,0.000563380281690141,0,0,0,0.00112676056338028,0,0.00112676056338028,0,0,0,0,0.000563380281690141,0,0,0,0,0,0,0.000563380281690141,0
"000044.java",0.0414847161572052,0,0,0,0,0,0.00436681222707424,0,0,0,0,0,0.480349344978166,0,0,0,0,0,0,0,0,0,0.233624454148472,0,0,0,0,0,0.2117903930131,0,0.00218340611353712,0,0,0.0218340611353712,0,0,0,0,0,0,0,0,0,0,0,0.00436681222707424,0,0,0,0
"000045.java",0,0,0,0.00096665055582407,0.000483325277912035,0,0,0,0,0,0,0,0.0312550346383116,0,0,0.000161108425970678,0,0.957950700821653,0,0,0,0.000161108425970678,0,0,0.000161108425970678,0,0,0,0,0,0,0,0,0,0.0059610117609151,0,0,0.000322216851941357,0,0,0,0,0,0,0,0,0,0.00257773481553085,0,0
"000046.java",0,0,0,0,0.104917289825516,0,0,0,0,0,0.000226603217765692,0.00158622252435985,0.0580104237480172,0,0,0,0,0.831180602764559,0,0,0,0,0,0,0,0,0,0.00226603217765692,0,0,0,0,0,0,0,0,0,0.00135961930659415,0,0,0,0,0,0,0,0,0,0.000453206435531385,0,0
"000060.java",0,0,0,0,0.00175901495162709,0,0,0,0,0,0.00175901495162709,0,0.00175901495162709,0.00703605980650836,0,0,0,0,0,0.00439753737906772,0,0,0,0,0,0,0,0,0,0,0,0,0.982409850483729,0,0,0,0,0,0,0,0,0.000879507475813544,0,0,0,0,0,0,0,0
"000063.java",0,0,0,0,0,0,0.0047071129707113,0,0.000523012552301255,0,0,0,0.343096234309623,0,0,0,0,0,0,0.00418410041841004,0,0,0,0,0.000523012552301255,0,0,0,0,0,0,0,0,0,0,0,0,0,0.643828451882845,0,0,0,0,0,0,0,0.00156903765690377,0.00156903765690377,0,0
"000067.java",0,0,0,0,0,0,0,0.000195427008012507,0,0,0,0.00117256204807504,0.0717217119405902,0.000586281024037522,0,0,0,0,0.00117256204807504,0,0,0,0,0,0,0.000977135040062537,0.909517295290209,0.000195427008012507,0.000586281024037522,0,0,0,0,0,0,0.00390854016025015,0,0,0,0,0,0,0,0,0,0,0,0,0.00214969708813758,0.00781708032050029
"000070.java",0,0.0405844155844156,0,0,0,0,0,0,0.175324675324675,0.00324675324675325,0.00324675324675325,0,0.50487012987013,0,0,0,0,0,0,0,0,0,0,0,0,0,0.00162337662337662,0,0.00487012987012987,0.00162337662337662,0,0,0,0.165584415584416,0,0,0,0.0649350649350649,0,0,0,0,0,0,0,0,0.00162337662337662,0,0,0.0324675324675325
"000077.java",0.0101522842639594,0,0,0,0,0,0,0,0,0,0,0,0.451776649746193,0.0050761421319797,0,0,0,0,0.0203045685279188,0.0050761421319797,0,0,0,0.0050761421319797,0,0,0,0,0,0,0,0,0,0.484771573604061,0,0,0,0.00253807106598985,0,0.0050761421319797,0,0,0,0,0,0.0050761421319797,0.0050761421319797,0,0,0
"000082.java",0,0,0,0,0,0,0,0,0,0,0,0,0.441176470588235,0,0,0,0.276470588235294,0,0,0,0,0,0,0,0,0,0,0,0,0,0,0,0.282352941176471,0,0,0,0,0,0,0,0,0,0,0,0,0,0,0,0,0
"000084.java",0,0,0,0,0,0.16289592760181,0,0,0,0,0,0.00452488687782805,0.6289592760181,0,0,0,0.00904977375565611,0,0,0,0,0.0407239819004525,0,0,0,0,0,0,0,0.0542986425339367,0,0,0,0,0.0542986425339367,0,0.00904977375565611,0,0.0135746606334842,0,0,0,0.00904977375565611,0,0,0,0,0.0135746606334842,0,0
"000085.java",0,0,0,0,0,0,0,0.00272479564032698,0,0,0,0,0.73841961852861,0,0,0,0,0,0,0,0,0,0,0,0,0,0,0,0,0,0,0,0,0,0,0,0,0,0,0,0,0,0,0,0,0.256130790190736,0,0,0,0.00272479564032698
"000096.java",0,0,0,0.000348675034867503,0,0,0,0,0,0,0,0,0.200836820083682,0,0.000348675034867503,0,0,0,0,0,0.00104602510460251,0.00209205020920502,0,0,0,0,0,0,0,0,0,0.00104602510460251,0,0.000348675034867503,0,0,0,0.000348675034867503,0,0,0,0,0,0,0,0,0,0,0,0.793584379358438
"000102.java",0,0.00016220600162206,0,0,0,0,0,0,0,0,0,0,0.372911597729116,0.0008110300081103,0.00016220600162206,0,0,0,0,0,0,0,0,0,0,0,0,0,0.00129764801297648,0,0.00016220600162206,0,0,0,0,0.62043795620438,0,0,0.00097323600973236,0,0,0,0.00016220600162206,0,0,0,0,0,0.00291970802919708,0
"000108.java",0.123376623376623,0,0,0,0,0,0,0,0,0,0,0,0.675324675324675,0,0,0.0194805194805195,0.0584415584415584,0,0,0,0,0.012987012987013,0,0,0.00649350649350649,0.00649350649350649,0,0,0.051948051948052,0,0,0,0,0,0.012987012987013,0,0,0,0,0.00649350649350649,0,0,0.0194805194805195,0,0,0,0,0,0,0.00649350649350649
"000112.java",0,0,0,0,0,0,0,0.133333333333333,0,0,0,0,0.266666666666667,0,0,0,0,0,0,0.0222222222222222,0,0,0.177777777777778,0,0,0,0,0,0,0.0888888888888889,0,0,0,0,0,0,0,0,0,0.311111111111111,0,0,0,0,0,0,0,0,0,0
"000114.java",0,0,0,0,0,0,0,0,0.0021551724137931,0,0.0021551724137931,0,0.288793103448276,0,0,0,0,0,0,0,0,0,0,0,0,0.0290948275862069,0,0,0.00107758620689655,0,0,0,0,0,0,0,0.00107758620689655,0,0,0,0,0.00107758620689655,0,0,0.672413793103448,0,0.00107758620689655,0.00107758620689655,0,0
"000118.java",0.420047732696897,0,0,0,0,0,0,0,0,0,0.0167064439140811,0,0.54653937947494,0,0,0.00238663484486874,0,0,0.00238663484486874,0,0,0,0,0,0,0,0,0.00715990453460621,0,0,0,0.00238663484486874,0,0,0,0,0,0,0,0,0.00238663484486874,0,0,0,0,0,0,0,0,0
"000119.java",0,0,0.00957854406130268,0,0,0.50095785440613,0,0,0,0,0,0,0.359195402298851,0,0,0,0,0,0,0,0,0,0,0.000957854406130268,0.0028735632183908,0.0383141762452107,0,0,0.000957854406130268,0,0,0.0545977011494253,0,0.000957854406130268,0,0,0,0.028735632183908,0,0,0,0,0,0,0,0,0,0.0028735632183908,0,0
"000121.java",0,0,0,0,0,0.0053475935828877,0,0.0909090909090909,0,0,0,0,0.299465240641711,0.144385026737968,0,0,0,0,0,0,0,0,0,0,0,0,0,0.0748663101604278,0,0,0,0,0,0.0053475935828877,0,0,0.347593582887701,0,0,0,0,0.0267379679144385,0,0,0,0.0053475935828877,0,0,0,0
"000122.java",0,0,0,0,0,0,0,0.000504795557799091,0,0.492680464411913,0,0,0.423523472993438,0,0,0,0,0,0,0,0,0,0,0.00151438667339727,0,0.0535083291267037,0,0,0,0,0,0.000504795557799091,0,0,0,0,0.00403836446239273,0,0,0,0.000504795557799091,0,0,0,0,0,0.000504795557799091,0,0,0.0227158001009591
"000123.java",0,0,0,0,0,0,0,0.00288184438040346,0,0.0576368876080692,0,0.00288184438040346,0.394812680115274,0,0,0,0,0,0.00576368876080692,0.0172910662824208,0,0.00288184438040346,0,0.069164265129683,0,0,0.00288184438040346,0,0,0,0,0,0,0,0,0.0576368876080692,0.377521613832853,0,0,0,0.00576368876080692,0,0.00288184438040346,0,0,0,0,0,0,0
"000124.java",0,0,0,0,0,0,0,0,0.00135043889264011,0,0,0.000675219446320054,0.386225523295071,0,0,0,0,0,0,0,0,0,0,0,0,0,0,0,0,0,0,0,0,0,0,0,0,0.00945307224848076,0,0,0,0,0,0,0,0,0.602295746117488,0,0,0
"000125.java",0,0,0,0,0,0,0,0.00465116279069767,0,0,0,0,0.646511627906977,0,0,0,0,0,0,0,0.00465116279069767,0,0,0,0,0.102325581395349,0,0,0.0930232558139535,0,0,0,0,0,0,0,0,0.0744186046511628,0,0,0,0,0,0,0.0744186046511628,0,0,0,0,0
"000126.java",0,0,0,0,0,0,0,0.948087431693989,0,0,0,0.0437158469945355,0,0,0,0,0,0,0,0,0,0,0,0,0,0,0,0,0,0,0,0.00273224043715847,0,0,0,0,0,0,0,0,0,0,0,0.00546448087431694,0,0,0,0,0,0
"000127.java",0,0,0,0,0,0.000323729362253156,0,0,0,0,0.00258983489802525,0.000323729362253156,0.289090320492069,0,0,0,0,0,0.00258983489802525,0.000323729362253156,0,0,0,0,0,0.0482356749757203,0,0,0,0,0,0,0,0,0.00226610553577209,0,0,0,0,0,0,0,0,0.000323729362253156,0,0,0.652638394302363,0.000323729362253156,0.000647458724506313,0.000323729362253156
"000128.java",0,0,0,0,0,0,0,0.6,0,0,0,0,0.387096774193548,0,0,0,0,0,0,0,0,0,0,0,0,0,0,0,0,0,0,0,0.0032258064516129,0,0,0,0,0,0,0,0.0032258064516129,0,0,0.00645161290322581,0,0,0,0,0,0
"000130.java",0,0,0,0,0,0,0,0.97737556561086,0,0.00452488687782805,0,0,0.00452488687782805,0,0,0,0,0,0,0.00452488687782805,0.00452488687782805,0,0,0,0.00452488687782805,0,0,0,0,0,0,0,0,0,0,0,0,0,0,0,0,0,0,0,0,0,0,0,0,0
"000131.java",0,0,0,0,0,0,0,0.95,0,0,0,0,0,0.025,0,0,0,0,0,0,0,0,0,0,0,0,0,0,0,0,0,0,0.025,0,0,0,0,0,0,0,0,0,0,0,0,0,0,0,0,0
"000132.java",0,0,0,0,0,0,0,0.469387755102041,0,0,0,0,0,0,0,0,0,0,0.0408163265306122,0,0,0,0,0,0,0,0,0,0,0,0,0,0.204081632653061,0,0,0,0,0,0,0.285714285714286,0,0,0,0,0,0,0,0,0,0
"000133.java",0,0,0,0.00114285714285714,0.00114285714285714,0,0,0.980571428571429,0,0,0,0,0,0,0,0,0,0,0.00114285714285714,0,0,0,0,0,0,0,0,0,0,0,0,0.00114285714285714,0.0148571428571429,0,0,0,0,0,0,0,0,0,0,0,0,0,0,0,0,0
"000134.java",0,0,0,0.00156739811912226,0,0,0,0.987460815047022,0,0,0,0,0.00156739811912226,0,0,0,0,0,0,0,0,0,0,0,0,0,0,0,0,0,0,0,0,0,0,0,0,0,0,0,0.00156739811912226,0,0,0.00156739811912226,0,0,0,0.00626959247648903,0,0
"000135.java",0,0,0,0,0,0,0,0.780538302277433,0,0,0,0.0020703933747412,0,0,0,0,0,0,0,0,0,0.169772256728778,0,0,0,0,0,0,0,0,0,0,0,0,0,0,0.0455486542443064,0,0,0,0,0,0.0020703933747412,0,0,0,0,0,0,0
"000136.java",0.00273972602739726,0,0,0,0,0,0,0.991780821917808,0,0,0,0,0,0,0,0,0,0,0,0,0,0,0,0,0,0,0.00273972602739726,0,0,0,0,0,0,0,0,0,0,0,0,0,0,0,0,0,0,0,0,0.00273972602739726,0,0
"000149.java",0,0,0,0,0,0,0,0,0,0,0,0.000779483981604178,0.0516018395821966,0,0,0,0,0.0180840283732169,0,7.79483981604178e-05,0,0,0,0,0.000155896796320836,0,7.79483981604178e-05,0,0,7.79483981604178e-05,0,0,0,0,0.000155896796320836,0,0,0.928443370488736,0.000389741990802089,0,7.79483981604178e-05,0,7.79483981604178e-05,0,0,0,0,0,0,0
"000150.java",0,0,0,0,0,0,0,0.00245098039215686,0,0,0,0,0.274509803921569,0,0,0,0,0,0,0,0,0,0,0,0,0.00490196078431373,0,0,0,0,0.713235294117647,0,0,0,0,0,0,0.00490196078431373,0,0,0,0,0,0,0,0,0,0,0,0
"000152.java",0,0,0,0,0,0,0,0,0,0,0,0,0.161830357142857,0.829241071428571,0.00111607142857143,0,0,0.00446428571428571,0,0,0,0,0.00111607142857143,0,0,0,0,0,0,0.00111607142857143,0,0,0,0,0,0,0.00111607142857143,0,0,0,0,0,0,0,0,0,0,0,0,0
"000155.java",0,0,0,0,0,0,0,0,0,0.00116959064327485,0,0,0.292397660818713,0.294736842105263,0.00350877192982456,0,0,0.00350877192982456,0,0.0690058479532164,0.0982456140350877,0,0.00116959064327485,0.00350877192982456,0,0.0619883040935673,0,0,0,0,0,0.128654970760234,0.0187134502923977,0.00116959064327485,0,0,0,0.0187134502923977,0,0,0,0,0,0,0,0,0,0,0,0.00350877192982456
"000159.java",0,0,0,0.000571102227298686,0,0,0.000571102227298686,0,0,0,0,0.000571102227298686,0.244431753283838,0,0,0,0,0,0,0,0,0.00171330668189606,0.000571102227298686,0,0,0,0,0.00228440890919475,0,0,0,0.000571102227298686,0,0,0.00171330668189606,0,0,0,0,0.00171330668189606,0.741861793260994,0.000571102227298686,0,0,0,0,0.000571102227298686,0.00228440890919475,0,0
"000160.java",0.00587371512481645,0,0.00293685756240822,0,0.000734214390602056,0,0,0,0,0,0,0,0.0323054331864905,0.00220264317180617,0,0,0,0,0,0.00220264317180617,0,0,0,0,0,0,0,0,0,0,0.00220264317180617,0,0,0,0,0,0.951541850220264,0,0,0,0,0,0,0,0,0,0,0,0,0
"000161.java",0.0106382978723404,0,0.0425531914893617,0,0,0,0,0,0,0,0,0,0.719858156028369,0,0,0.00354609929078014,0.0106382978723404,0.00354609929078014,0,0,0,0,0,0,0,0,0,0.0106382978723404,0,0,0,0,0,0.187943262411348,0,0,0,0.0106382978723404,0,0,0,0,0,0,0,0,0,0,0,0
"000162.java",0.00583657587548638,0,0,0,0,0,0,0,0,0,0,0,0.640077821011673,0,0.243190661478599,0.00194552529182879,0,0,0,0,0,0,0,0.00778210116731518,0,0,0,0,0,0,0,0,0,0.0194552529182879,0.00778210116731518,0.0311284046692607,0,0,0,0,0,0,0,0,0,0,0,0,0.0428015564202335,0
"000163.java",0,0,0,0,0.00161290322580645,0,0,0,0,0,0,0,0.42258064516129,0,0.0032258064516129,0,0,0,0,0.0129032258064516,0,0,0,0.0693548387096774,0,0,0,0,0,0.00161290322580645,0,0,0,0.0403225806451613,0,0,0,0,0,0,0,0,0.0145161290322581,0,0,0,0,0,0.433870967741936,0
"000164.java",0,0,0,0,0,0,0,0,0,0,0,0.013948854201262,0.320823646629027,0,0,0,0,0,0,0.000996346728661574,0.0528063766190634,0,0,0.559614745931584,0,0,0,0.000332115576220525,0,0.00199269345732315,0,0,0,0,0.00066423115244105,0,0,0.020259050149452,0.00365327133842577,0,0,0,0,0,0,0,0.00298904018598472,0,0.00199269345732315,0.0199269345732315
"000165.java",0,0,0,0,0,0.191765980498375,0,0,0,0,0,0,0.338028169014085,0,0,0,0,0,0,0,0,0.232936078006501,0,0,0,0,0.00216684723726977,0,0,0,0,0.119176598049837,0,0,0,0,0,0,0,0,0.0790899241603467,0,0,0,0.00108342361863489,0,0,0,0.0357529794149512,0
"000170.java",0,0,0,0,0,0.176911544227886,0,0,0,0,0,0.133433283358321,0.397301349325337,0,0.00149925037481259,0.00149925037481259,0,0,0,0,0,0,0,0,0,0,0.00449775112443778,0,0,0,0,0.00749625187406297,0.0224887556221889,0.235382308845577,0.00599700149925037,0,0,0,0,0,0,0,0,0,0,0,0,0,0,0.0134932533733133
"000171.java",0,0,0,0,0,0,0,0,0,0,0.0966921119592875,0,0.276505513146734,0,0,0,0,0,0,0.000848176420695505,0,0.133163698049194,0,0,0.000848176420695505,0,0,0,0,0,0,0,0,0,0.00339270568278202,0,0.0101781170483461,0,0.00169635284139101,0,0,0,0.468193384223919,0,0,0.00254452926208651,0.000848176420695505,0,0,0.00508905852417303
"000172.java",0,0,0,0,0,0,0,0,0,0,8.95335303071e-05,0,0.223475691646522,0,0,0,0,0.0001790670606142,8.95335303071e-05,0,0,0.232608111737846,0,0,0,0,0,0,0,0,0,0,0,0,0.0005372011818426,0,0,0,8.95335303071e-05,0,0,0,0,0,0,0,0,0.542841794251947,8.95335303071e-05,0
"000173.java",0,0,0,0,0,0,0,0.000174855744011191,0,0,0.000349711488022382,0,0.072390278020633,0,0,0.000174855744011191,0,0,0,0.000174855744011191,0,0.00122399020807834,0,0,0,0,0,0,0,0,0,0,0.000174855744011191,0,0.000174855744011191,0,0,0.000874278720055954,0.000174855744011191,0,0,0.923762895611121,0,0.000349711488022382,0,0,0,0,0,0
"000174.java",0.0092485549132948,0,0,0,0.015028901734104,0.0277456647398844,0,0,0.180346820809249,0,0,0,0.613872832369942,0,0,0,0,0,0,0,0,0,0,0.00115606936416185,0,0.0138728323699422,0,0,0,0,0,0,0,0.0508670520231214,0,0,0,0,0,0,0,0,0,0,0,0.0855491329479769,0,0.0023121387283237,0,0
"000175.java",0,0,0,0,0,0,0,0,0,0,0,0.00192554557124519,0.432605905006418,0,0,0,0,0,0,0,0,0,0.000641848523748395,0,0,0,0,0,0,0,0.000641848523748395,0,0,0,0,0,0,0,0,0,0,0,0,0.563543003851091,0,0,0,0.000641848523748395,0,0
"000176.java",0,0,0,0,0.00416666666666667,0,0,0,0,0,0,0,0.408333333333333,0,0,0,0,0,0,0,0,0.0708333333333333,0,0.00208333333333333,0,0.0104166666666667,0,0,0,0,0,0,0,0.4,0,0,0,0,0,0,0,0.104166666666667,0,0,0,0,0,0,0,0
"000177.java",0,0.0131147540983607,0,0,0,0,0,0,0,0,0,0.19344262295082,0.501639344262295,0,0,0,0,0,0,0,0,0,0,0,0,0.0655737704918033,0,0,0,0,0,0,0,0.219672131147541,0,0,0,0.00327868852459016,0,0,0,0,0,0.00327868852459016,0,0,0,0,0,0
"000178.java",0,0,0.00420168067226891,0,0,0.00420168067226891,0,0,0,0,0,0,0.487394957983193,0,0,0.00840336134453781,0,0,0,0,0,0,0,0,0,0,0.00420168067226891,0,0,0,0,0,0.00420168067226891,0.214285714285714,0,0,0,0.151260504201681,0.00420168067226891,0,0,0.0168067226890756,0.0966386554621849,0,0,0.00420168067226891,0,0,0,0
"000179.java",0,0,0,0,0,0,0,0,0,0,0,0.00148148148148148,0.402962962962963,0,0,0,0,0,0,0.00296296296296296,0,0.300740740740741,0,0,0,0,0,0,0,0,0,0.00148148148148148,0,0,0,0,0,0,0,0,0,0,0,0,0.00148148148148148,0.287407407407407,0,0.00148148148148148,0,0
"000183.java",0,0.000353857041755131,0.000353857041755131,0,0,0,0,0,0,0,0,0.768577494692144,0.223637650389243,0,0,0,0,0,0,0,0,0,0,0,0,0,0,0,0.00389242745930644,0,0,0.00106157112526539,0,0,0,0,0,0,0.000353857041755131,0.000353857041755131,0,0,0,0,0,0,0,0.00141542816702052,0,0
"000185.java",0.000170212765957447,0,0,0,0,0,0,0,0,0,0,0,0.103489361702128,0,0,0,0,0.000170212765957447,0,0,0.00119148936170213,0,0.000170212765957447,0,0,0.888,0.00051063829787234,0,0,0,0,0,0,0,0.00170212765957447,0.00459574468085106,0,0,0,0,0,0,0,0,0,0,0,0,0,0
"000187.java",0,0,0,0,0,0.00269541778975741,0,0.00808625336927224,0,0.00269541778975741,0,0.31266846361186,0.479784366576819,0,0,0,0,0,0,0.00269541778975741,0,0.00269541778975741,0,0,0,0,0,0,0,0,0,0,0,0.172506738544474,0.00539083557951483,0,0,0,0,0,0,0,0,0,0,0,0,0,0.00808625336927224,0.00269541778975741
"000188.java",0,0.00699300699300699,0,0,0,0.31993006993007,0,0,0,0,0.0034965034965035,0.00174825174825175,0.52972027972028,0,0,0,0,0,0,0,0.00174825174825175,0.00524475524475524,0,0,0,0,0,0,0.0034965034965035,0,0,0,0,0.0576923076923077,0,0,0,0,0,0,0,0,0.0681818181818182,0.00174825174825175,0,0,0,0,0,0
"000189.java",0,0.540867093105899,0,0,0,0,0,0,0.000710732054015636,0,0,0,0.456289978678038,0,0,0,0,0,0,0,0,0,0,0,0,0,0,0,0.00142146410803127,0,0,0,0,0,0,0,0,0,0,0,0,0,0,0,0.000710732054015636,0,0,0,0,0
"000190.java",0,0,0,0,0,0,0,0,0,0,0,0,0.461538461538462,0,0,0,0,0,0,0,0.020979020979021,0,0,0.234265734265734,0.0104895104895105,0,0,0,0,0,0,0,0,0.265734265734266,0,0,0,0.00699300699300699,0,0,0,0,0,0,0,0,0,0,0,0
"000191.java",0,0,0,0,0,0,0,0,0.00171526586620926,0.00171526586620926,0.00343053173241852,0,0.0600343053173242,0,0,0.00171526586620926,0,0,0,0,0,0.00171526586620926,0,0,0.92967409948542,0,0,0,0,0,0,0,0,0,0,0,0,0,0,0,0,0,0,0,0,0,0,0,0,0
"000193.java",0,0.000317863954227591,0,0,0,0,0,0,0.000317863954227591,0,0,0,0.179275270184361,0,0,0,0,0,0,0.00190718372536554,0,0,0.000317863954227591,0,0,0,0,0,0,0,0,0.000317863954227591,0,0,0.812142403051494,0.000317863954227591,0,0.000635727908455181,0,0,0,0,0,0,0,0,0,0,0.00445009535918627,0
"000194.java",0,0,0,0,0.00617283950617284,0.00154320987654321,0,0,0,0.00154320987654321,0,0.100308641975309,0.180555555555556,0,0,0,0,0,0.00925925925925926,0,0,0,0,0.402777777777778,0,0,0,0,0,0,0,0,0.0185185185185185,0,0.0216049382716049,0,0.219135802469136,0,0,0,0,0,0.0108024691358025,0,0,0,0,0,0.0277777777777778,0
"000195.java",0,0,0,0,0,0,0,0,0.290879211175021,0,0,0,0.511914543960559,0.00493015612161052,0,0,0,0,0,0,0,0,0,0,0,0.0295809367296631,0,0,0.0443714050944947,0,0,0,0,0.00821692686935086,0.0369761709120789,0.0690221857025472,0,0.00328677074774034,0,0,0,0,0,0.000821692686935086,0,0,0,0,0,0
"000196.java",0,0,0,0,0,0,0.000411353352529823,0,0.513780337309749,0.000411353352529823,0.00123406005758947,0.0102838338132456,0.317976141505553,0.000822706705059646,0.000411353352529823,0,0,0,0,0,0.000411353352529823,0,0,0,0,0,0,0.148498560263266,0,0,0,0,0,0,0.00123406005758947,0,0,0,0,0,0,0,0,0,0,0.000411353352529823,0,0,0.00411353352529823,0
"000197.java",0,0,0,0,0,0.000664010624169987,0,0,0,0,0,0.00132802124833997,0.254316069057105,0,0,0,0,0,0.00132802124833997,0,0.00597609561752988,0,0.000664010624169987,0,0.00132802124833997,0.00199203187250996,0,0,0,0,0,0,0,0,0,0,0,0,0,0,0,0,0,0,0.000664010624169987,0,0,0,0.692563081009296,0.0391766268260292
"000198.java",0.440397350993377,0,0,0,0,0,0,0,0,0,0,0.00496688741721854,0.496688741721854,0,0,0,0,0,0,0,0,0,0,0,0,0,0,0,0,0,0,0,0,0,0,0.054635761589404,0,0,0,0,0,0.0033112582781457,0,0,0,0,0,0,0,0
"000199.java",0,0,0,0.001953125,0,0,0,0,0.029296875,0,0.005859375,0.041015625,0.41796875,0,0,0,0,0.119140625,0,0,0.0078125,0.03125,0,0,0.08984375,0,0,0,0,0,0,0,0,0.037109375,0,0,0.0078125,0.197265625,0,0,0,0,0,0,0,0.00390625,0,0.009765625,0,0
"000200.java",0,0,0,0.00766283524904215,0,0,0,0,0,0,0,0,0.444444444444444,0,0,0,0,0.0344827586206897,0,0,0,0,0,0,0,0,0,0,0,0,0,0,0,0.295019157088123,0.210727969348659,0,0,0.00383141762452107,0,0,0.00383141762452107,0,0,0,0,0,0,0,0,0
"000201.java",0,0,0,0,0.838253768844221,0,0,0,0.000314070351758794,0.000628140703517588,0,0,0.147613065326633,0,0,0,0,0,0,0,0,0,0,0,0,0.0116206030150754,0,0,0,0,0,0.000314070351758794,0.000314070351758794,0.000314070351758794,0,0.000314070351758794,0,0,0,0,0,0,0,0,0,0,0.000314070351758794,0,0,0
"000202.java",0,0.0451127819548872,0,0,0.18796992481203,0,0,0.0150375939849624,0,0,0.0075187969924812,0.0075187969924812,0.315789473684211,0,0,0,0,0,0,0,0,0,0,0,0.12781954887218,0,0,0.255639097744361,0,0,0,0,0,0.0225563909774436,0,0.0075187969924812,0,0,0,0,0,0,0,0,0,0,0,0,0,0.0075187969924812
"000225.java",0,0.00134228187919463,0.00134228187919463,0,0,0,0.336912751677852,0,0,0.00402684563758389,0,0,0.316778523489933,0,0,0.00805369127516779,0,0,0,0,0,0.314093959731544,0,0,0,0,0,0,0,0,0,0,0,0.0120805369127517,0,0,0,0.00134228187919463,0.00268456375838926,0,0,0,0,0.00134228187919463,0,0,0,0,0,0
"000226.java",0,0,0,0,0.0128205128205128,0,0,0.141025641025641,0,0,0,0,0.337606837606838,0,0,0.00427350427350427,0,0,0,0,0,0,0,0,0.00854700854700855,0,0,0,0,0,0,0,0.35042735042735,0.0726495726495727,0,0,0.0256410256410256,0.00427350427350427,0,0,0,0.0213675213675214,0,0,0,0.00427350427350427,0,0.00427350427350427,0.0128205128205128,0
"000228.java",0,0,0.00689655172413793,0,0,0,0,0,0,0,0,0,0.0896551724137931,0,0,0.103448275862069,0,0,0,0,0,0.00689655172413793,0,0,0,0,0,0,0,0,0,0,0.455172413793103,0,0.00689655172413793,0,0.317241379310345,0.00689655172413793,0.00689655172413793,0,0,0,0,0,0,0,0,0,0,0
"000232.java",0,0,0,0,0,0,0.414843006660323,0,0,0,0,0,0.245480494766889,0,0,0,0,0,0,0,0,0,0.335870599429115,0,0,0,0,0,0,0,0,0,0.00285442435775452,0,0,0,0,0,0,0,0,0,0,0,0.000951474785918173,0,0,0,0,0
"000234.java",0,0,0,0.000648508430609598,0,0,0.821660181582361,0,0,0,0.000648508430609598,0,0.171854734111543,0,0,0,0,0,0,0,0,0.000648508430609598,0,0,0,0,0,0,0,0,0,0.00389105058365759,0,0,0,0,0.000648508430609598,0,0,0,0,0,0,0,0,0,0,0,0,0
"000236.java",0,0,0,0,0.00343642611683849,0,0.707903780068729,0,0,0,0,0,0.171821305841924,0,0,0,0,0,0,0,0,0,0,0,0.0103092783505155,0,0,0,0,0,0,0,0.0549828178694158,0,0,0,0.0481099656357388,0,0,0,0,0,0,0,0,0,0,0.00343642611683849,0,0
"000237.java",0,0,0,0,0,0,0,0,0,0,0,0,0.205627705627706,0.409090909090909,0,0,0.25974025974026,0.00865800865800866,0.0714285714285714,0.00432900432900433,0.00216450216450216,0,0,0,0,0,0,0,0,0,0,0,0.038961038961039,0,0,0,0,0,0,0,0,0,0,0,0,0,0,0,0,0
"000247.java",0,0,0.759332023575639,0,0,0,0,0,0,0,0,0,0.237721021611002,0,0,0,0,0,0,0,0,0,0,0.000982318271119843,0,0,0,0.00196463654223969,0,0,0,0,0,0,0,0,0,0,0,0,0,0,0,0,0,0,0,0,0,0
"000248.java",0,0,0,0,0,0,0.00236406619385343,0,0,0,0,0,0.555555555555556,0,0.00236406619385343,0,0,0,0,0,0.00472813238770686,0,0.387706855791962,0,0,0,0,0,0,0,0,0,0,0.0425531914893617,0,0,0,0,0,0,0,0.00472813238770686,0,0,0,0,0,0,0,0
"000286.java",0,0,0,0,0,0,0,0,0,0,0,0,0.123478260869565,0,0,0,0.787826086956522,0,0,0,0,0.0782608695652174,0.00173913043478261,0,0,0,0,0,0.00347826086956522,0,0,0,0,0,0,0,0,0,0.00173913043478261,0,0,0,0,0,0.00347826086956522,0,0,0,0,0
"000287.java",0,0,0,0,0,0,0,0,0,0,0,0,0.10077519379845,0,0,0,0.86046511627907,0,0,0,0,0,0,0,0,0,0,0,0,0,0,0,0.0310077519379845,0,0,0,0,0,0.00775193798449612,0,0,0,0,0,0,0,0,0,0,0
"000288.java",0,0,0,0,0,0,0,0,0,0,0,0,0.0894308943089431,0,0,0,0.910569105691057,0,0,0,0,0,0,0,0,0,0,0,0,0,0,0,0,0,0,0,0,0,0,0,0,0,0,0,0,0,0,0,0,0
"000289.java",0,0,0,0.00245098039215686,0,0,0,0,0,0,0,0.00980392156862745,0.299019607843137,0,0,0,0.681372549019608,0,0,0,0,0,0.00490196078431373,0,0,0,0,0,0,0,0,0,0,0,0,0,0,0,0,0,0,0,0,0,0,0,0,0,0.00245098039215686,0
"000290.java",0,0,0,0,0,0,0,0,0,0,0,0,0.0502283105022831,0,0,0,0.936073059360731,0,0,0,0.0091324200913242,0,0,0,0,0,0,0,0,0,0,0,0,0,0,0,0,0.0045662100456621,0,0,0,0,0,0,0,0,0,0,0,0
"000291.java",0,0,0,0,0,0,0.210526315789474,0,0,0,0,0,0.466165413533835,0,0,0,0.300751879699248,0,0,0,0,0,0.0150375939849624,0,0,0,0,0,0,0,0,0,0,0,0,0,0,0,0,0,0,0,0.0075187969924812,0,0,0,0,0,0,0
"000292.java",0,0,0,0,0,0,0.122448979591837,0,0.00408163265306122,0,0,0,0.448979591836735,0,0,0,0.383673469387755,0.00816326530612245,0,0,0,0,0,0,0.0204081632653061,0,0,0,0,0,0,0,0,0,0.00816326530612245,0,0,0,0,0,0,0,0,0,0.00408163265306122,0,0,0,0,0
"000293.java",0,0,0,0,0,0,0.0503597122302158,0,0,0.0143884892086331,0,0,0.525179856115108,0,0,0.0143884892086331,0.39568345323741,0,0,0,0,0,0,0,0,0,0,0,0,0,0,0,0,0,0,0,0,0,0,0,0,0,0,0,0,0,0,0,0,0
"000294.java",0,0,0,0,0,0,0,0,0.0366202555788671,0.000381460995613199,0,0,0.207896242609193,0,0,0,0,0,0,0,0,0,0,0,0,0.00133511348464619,0,0.742704558458898,0.00667556742323097,0,0,0,0,0,0.000762921991226397,0.00343314896051879,0,0,0,0,0,0,0,0.000190730497806599,0,0,0,0,0,0
"000295.java",0,0,0,0,0,0.001,0,0,0,0,0,0,0.22,0,0,0,0,0,0,0,0,0,0,0,0,0,0,0.762,0,0,0,0,0,0.006,0,0,0.011,0,0,0,0,0,0,0,0,0,0,0,0,0
"000300.java",0,0,0,0.000296912114014252,0,0,0,0,0.780581947743468,0,0,0.00148456057007126,0.214073634204276,0,0,0,0,0,0.000296912114014252,0,0,0,0,0,0,0.000593824228028504,0.000890736342042755,0,0,0,0,0,0.000593824228028504,0,0,0.000296912114014252,0,0.000296912114014252,0,0.000593824228028504,0,0,0,0,0,0,0,0,0,0
"000305.java",0,0,0,0,0,0.000328191663931736,0,0,0,0,0,0.000984574991795208,0.170331473580571,0.000328191663931736,0,0,0,0,0.796849360026255,0,0,0.00262553331145389,0,0,0,0,0.000984574991795208,0,0,0,0,0.000328191663931736,0,0,0,0,0.0255989497866754,0,0,0,0,0,0,0,0,0,0,0,0.000328191663931736,0.00131276665572694
"000306.java",0,0,0,0,0,0.0050251256281407,0,0.603015075376884,0,0,0,0,0,0,0,0.0050251256281407,0,0,0,0,0.0050251256281407,0,0,0.0201005025125628,0,0,0,0,0,0.0351758793969849,0,0,0,0,0,0,0,0,0.0100502512562814,0.316582914572864,0,0,0,0,0,0,0,0,0,0
"000364.java",0,0,0,0,0,0,0,0.575757575757576,0,0,0,0,0,0,0,0.0303030303030303,0,0,0,0.0303030303030303,0.0151515151515152,0,0.0303030303030303,0,0,0.0151515151515152,0,0,0,0,0,0,0,0,0,0,0.303030303030303,0,0,0,0,0,0,0,0,0,0,0,0,0
"000367.java",0,0,0,0,0,0,0,0,0,0,0,0,0.126993166287016,0,0,0.000569476082004556,0,0,0,0,0,0.869020501138952,0,0,0,0,0,0,0,0,0,0,0,0,0.00227790432801822,0,0,0,0.00113895216400911,0,0,0,0,0,0,0,0,0,0,0
"000377.java",0,0.101010101010101,0,0,0,0,0,0.444444444444444,0,0,0,0,0.0909090909090909,0,0,0,0,0,0.323232323232323,0,0,0.0101010101010101,0,0,0,0,0,0,0,0,0,0,0,0.0101010101010101,0,0,0,0.0202020202020202,0,0,0,0,0,0,0,0,0,0,0,0
"000379.java",0,0,0,0,0,0,0,0.825136612021858,0,0,0,0,0.0437158469945355,0,0,0,0.0273224043715847,0,0.0109289617486339,0,0,0,0,0,0.00546448087431694,0,0,0,0,0,0,0,0.0601092896174863,0.0273224043715847,0,0,0,0,0,0,0,0,0,0,0,0,0,0,0,0
"000463.java",0,0,0,0,0,0,0,0,0,0,0,0,0.107843137254902,0,0,0.786274509803922,0.104575163398693,0,0,0,0.00065359477124183,0,0,0,0,0,0,0,0,0,0,0,0,0,0,0,0,0,0,0,0,0,0,0,0,0,0,0,0,0.00065359477124183
"000481.java",0,0,0,0,0,0,0,0,0,0,0.00719424460431655,0.0287769784172662,0.309352517985612,0,0,0.0719424460431655,0.0215827338129496,0,0.0215827338129496,0.00719424460431655,0,0,0,0,0,0,0,0,0,0,0,0,0.517985611510791,0.00719424460431655,0,0,0,0,0,0,0.00719424460431655,0,0,0,0,0,0,0,0,0
"000482.java",0.0495867768595041,0,0,0,0,0.00275482093663912,0,0,0,0,0,0,0,0,0,0.107438016528926,0,0.00275482093663912,0,0,0,0,0,0,0,0,0,0,0,0,0,0,0.0110192837465565,0,0,0,0.815426997245179,0.00826446280991736,0,0,0,0,0,0.00275482093663912,0,0,0,0,0,0
"000488.java",0,0,0,0,0,0,0,0,0,0,0,0,0.2947932618683,0,0,0,0.000382848392036753,0,0,0.00057427258805513,0,0.00401990811638591,0,0.000191424196018377,0,0.00057427258805513,0,0,0.000191424196018377,0.000191424196018377,0,0.698698315467075,0,0,0,0,0,0.000382848392036753,0,0,0,0,0,0,0,0,0,0,0,0
"000489.java",0,0,0,0,0,0,0,0.0277777777777778,0,0,0,0,0,0,0,0,0.166666666666667,0,0,0,0,0,0,0,0.0277777777777778,0,0.111111111111111,0,0,0,0,0,0.0555555555555556,0,0,0,0,0,0,0.527777777777778,0,0.0277777777777778,0,0,0,0.0555555555555556,0,0,0,0
"000490.java",0,0,0,0,0,0,0,0,0,0,0,0.00215982721382289,0.52267818574514,0,0.457883369330454,0,0,0,0,0,0,0.00215982721382289,0,0.00215982721382289,0,0,0,0.00431965442764579,0.00647948164146868,0,0,0,0,0,0,0,0,0,0,0,0,0,0,0,0,0,0,0.00215982721382289,0,0
"000491.java",0,0,0,0,0,0,0,0,0,0,0,0,0.317286652078775,0.0481400437636762,0,0,0,0,0,0,0,0,0,0,0,0,0,0,0,0,0,0,0.00218818380743982,0,0,0,0.190371991247265,0,0,0.428884026258206,0.00218818380743982,0,0.00218818380743982,0.0087527352297593,0,0,0,0,0,0
