"V1","V2","V3","V4","V5","V6","V7","V8","V9","V10","V11","V12","V13","V14","V15","V16","V17","V18","V19","V20","V21","V22","V23","V24","V25","V26","V27","V28","V29","V30","V31","V32","V33","V34","V35","V36","V37","V38","V39","V40","V41","V42","V43","V44","V45","V46","V47","V48","V49","V50"
"000001.java",0,0.00218818380743982,0,0,0,0,0,0,0.439824945295405,0,0,0,0,0,0,0,0.0656455142231947,0,0,0,0,0,0.00218818380743982,0,0,0,0,0,0,0.0087527352297593,0,0.00218818380743982,0,0.00218818380743982,0,0,0.100656455142232,0,0,0,0.00218818380743982,0,0,0,0,0,0.0612691466083151,0.312910284463895,0,0
"000002.java",0.00122549019607843,0,0,0,0,0,0.00122549019607843,0,0,0,0,0.121323529411765,0.00735294117647059,0.00122549019607843,0,0,0,0,0,0,0,0.00367647058823529,0.0122549019607843,0.00367647058823529,0,0.00122549019607843,0,0,0,0.00735294117647059,0,0,0.00122549019607843,0,0,0,0.745098039215686,0,0,0,0,0,0,0,0,0.00122549019607843,0,0.0919117647058824,0,0
"000003.java",0,0,0,0,0.00395703787450537,0,0.00282645562464669,0,0.793668739400791,0.0192198982475975,0.00113058224985868,0.00226116449971735,0,0,0.000565291124929339,0,0.0175240248728095,0,0,0,0,0,0,0,0,0.000565291124929339,0,0,0,0,0,0,0,0,0.000565291124929339,0,0.0672696438665913,0,0,0,0,0,0,0,0.00395703787450537,0,0.00395703787450537,0.0825325042396834,0,0
"000004.java",0,0,0.241721854304636,0.0894039735099338,0.0033112582781457,0,0,0.00662251655629139,0,0.0165562913907285,0.0198675496688742,0.311258278145695,0,0,0,0,0,0,0,0,0,0,0,0,0.0033112582781457,0,0,0,0.0033112582781457,0,0,0,0,0,0,0,0,0,0,0,0,0,0,0,0,0,0.0198675496688742,0.281456953642384,0.0033112582781457,0
"000005.java",0,0.013215859030837,0,0,0,0,0.00440528634361234,0,0,0.013215859030837,0,0.242290748898678,0,0,0,0,0,0.013215859030837,0,0,0.00440528634361234,0,0,0,0,0,0,0,0,0.00440528634361234,0,0,0.00440528634361234,0.00881057268722467,0.0616740088105727,0,0.00440528634361234,0,0,0,0.026431718061674,0.00881057268722467,0,0,0,0,0,0.224669603524229,0.365638766519824,0
"000006.java",0,0,0.137651821862348,0,0,0,0.00404858299595142,0,0,0.0404858299595142,0,0.149797570850202,0.0242914979757085,0,0,0.00809716599190283,0,0,0,0,0,0,0,0,0,0.0121457489878543,0,0,0,0,0,0.149797570850202,0,0,0,0,0.00404858299595142,0,0,0,0,0,0,0,0.00404858299595142,0,0,0.465587044534413,0,0
"000019.java",0.00495049504950495,0.0099009900990099,0.00495049504950495,0,0,0,0,0,0,0,0,0.95049504950495,0.0099009900990099,0,0,0,0,0.00495049504950495,0,0,0,0,0,0,0.00495049504950495,0,0,0,0,0,0,0,0,0,0,0,0,0,0,0,0,0,0.00495049504950495,0,0,0,0.00495049504950495,0,0,0
"000020.java",0,0,0,0,0,0,0,0,0,0,0,0.613333333333333,0,0,0,0.00333333333333333,0,0,0.0233333333333333,0,0.0333333333333333,0,0.0166666666666667,0.0166666666666667,0,0,0,0.00333333333333333,0.00333333333333333,0.01,0,0,0,0,0,0,0,0,0,0,0,0,0,0,0,0,0,0.15,0.126666666666667,0
"000021.java",0,0,0,0,0,0,0,0,0,0,0,0.91219512195122,0.00975609756097561,0,0,0,0,0,0,0,0,0,0,0,0.0048780487804878,0,0,0,0,0,0,0,0,0.0048780487804878,0,0,0,0,0,0,0.0634146341463415,0,0,0,0.0048780487804878,0,0,0,0,0
"000024.java",0,0,0,0,0,0,0,0,0,0,0.00240673886883273,0.117328519855596,0.0168471720818291,0.00120336943441637,0,0,0,0,0.00481347773766546,0,0,0,0,0,0,0,0,0,0,0,0,0,0,0.00180505415162455,0,0,0,0,0,0,0,0,0,0,0.00180505415162455,0.766546329723225,0,0.0872442839951865,0,0
"000026.java",0.134593993325918,0,0.272525027808676,0.00778642936596218,0.00778642936596218,0,0,0,0,0.00556173526140156,0.00222469410456062,0.238042269187987,0.00111234705228031,0,0,0,0,0,0,0,0,0.00111234705228031,0,0.0222469410456062,0,0,0,0,0,0,0,0.00333704115684093,0,0,0,0,0,0.00889877641824249,0,0,0,0,0.00333704115684093,0,0.00111234705228031,0,0,0.282536151279199,0.00778642936596218,0
"000027.java",0,0,0,0,0.000169836956521739,0,0,0,0,0.00186820652173913,0,0.000169836956521739,0,0,0.000339673913043478,0,0,0,0,0,0,0,0,0,0,0,0,0,0,0,0,0,0,0,0,0,0,0,0,0,0,0.000169836956521739,0,0,0.959748641304348,0.000339673913043478,0,0.0371942934782609,0,0
"000031.java",0,0,0,0,0,0,0,0,0,0,0,0,0,0,0,0,0.000474758664345624,0,0,0,0,0,0,0,0,0,0,0,0.963601835733502,0,0.000158252888115208,0,0,0,0,0.000158252888115208,0,0,0.000316505776230416,0,0,0,0.00110777021680646,0,0.000316505776230416,0.000158252888115208,0,0.0337078651685393,0,0
"000036.java",0,0,0,0,0,0,0,0,0,0.0048750761730652,0.000609384521633151,0,0,0,0,0,0,0,0,0,0,0,0,0,0,0,0,0,0,0,0,0,0,0,0,0,0,0,0,0,0.781230956733699,0,0,0,0.0012187690432663,0,0,0.212065813528336,0,0
"000037.java",0,0,0,0,0,0,0,0,0,0,0,0.0977443609022556,0,0,0,0,0,0,0,0,0,0,0.00300751879699248,0,0,0,0,0.00150375939849624,0,0,0,0,0,0,0,0,0,0,0,0,0.634586466165414,0,0,0,0,0,0,0.263157894736842,0,0
"000041.java",0.000563380281690141,0,0,0.786478873239437,0,0.000563380281690141,0,0,0.00169014084507042,0,0,0,0.00225352112676056,0,0.000563380281690141,0,0,0,0,0,0,0,0.00112676056338028,0.00225352112676056,0,0,0,0,0,0,0,0.00112676056338028,0,0,0,0,0,0,0,0,0,0.00169014084507042,0,0,0,0.000563380281690141,0,0.20112676056338,0,0
"000044.java",0,0,0.0240174672489083,0,0,0,0.00436681222707424,0,0,0,0,0.504366812227074,0,0,0,0,0,0,0,0.00436681222707424,0,0,0,0,0,0,0,0,0,0,0,0,0,0,0,0,0,0.00218340611353712,0,0,0.179039301310044,0,0,0,0,0,0,0.0567685589519651,0.224890829694323,0
"000045.java",0,0,0,0,0.952795231190591,0,0,0.00338327694538424,0,0.00644433703882713,0.00161108425970678,0,0,0,0,0,0,0,0,0,0,0,0.00467214435314967,0,0,0,0,0,0,0,0,0,0,0,0,0,0,0.000161108425970678,0.00112775898179475,0,0.000483325277912035,0,0,0,0,0,0,0.0293217335266634,0,0
"000046.java",0,0,0,0,0.832540222071153,0,0,0.000679809653297077,0,0,0,0.0249263539542262,0,0,0.000679809653297077,0,0,0,0,0.0953999546793564,0,0,0.000226603217765692,0,0.00974393836392477,0,0.000226603217765692,0,0,0,0,0,0.000226603217765692,0,0,0,0,0,0.000226603217765692,0,0.00113301608882846,0,0,0,0.000679809653297077,0,0,0.0333106730115568,0,0
"000060.java",0.00879507475813544,0,0,0,0,0,0,0,0,0,0,0.000879507475813544,0.00439753737906772,0,0,0.000879507475813544,0,0,0,0,0,0.856640281442392,0,0.00175901495162709,0,0,0.00175901495162709,0,0,0,0,0,0,0,0,0,0,0,0,0,0,0,0,0,0,0.00263852242744063,0,0.122251539138083,0,0
"000063.java",0,0,0,0.00104602510460251,0,0,0,0,0,0,0,0.304393305439331,0,0,0,0,0,0,0,0,0,0.000523012552301255,0.000523012552301255,0,0,0,0,0,0,0,0.000523012552301255,0,0,0,0,0.000523012552301255,0.00104602510460251,0,0,0,0,0,0.684623430962343,0,0,0,0,0.00679916317991632,0,0
"000067.java",0,0,0,0,0,0,0,0,0,0,0,0.0556966972835646,0.000195427008012507,0,0,0,0,0,0,0,0,0,0.000390854016025015,0.0168067226890756,0,0.908540160250147,0,0,0,0,0.000586281024037522,0,0,0,0,0,0,0,0,0,0,0,0,0,0,0.000195427008012507,0,0.0175884307211257,0,0
"000070.java",0,0,0,0.00162337662337662,0,0,0,0,0,0.00162337662337662,0,0.62987012987013,0,0,0.25487012987013,0,0.0438311688311688,0,0,0,0,0.00324675324675325,0.0616883116883117,0,0,0,0,0,0,0,0,0,0.00162337662337662,0,0,0,0,0,0,0,0,0,0,0.00162337662337662,0,0,0,0,0,0
"000077.java",0,0,0,0.0152284263959391,0,0.00253807106598985,0.00253807106598985,0,0.00253807106598985,0,0.0532994923857868,0.5,0,0,0,0,0,0,0,0,0,0,0.00253807106598985,0,0,0,0,0,0,0,0,0,0,0.0253807106598985,0,0,0,0,0,0,0,0.365482233502538,0,0,0,0,0,0.0304568527918782,0,0
"000082.java",0,0.270588235294118,0,0,0,0,0,0,0,0,0,0,0,0,0,0,0,0,0,0,0,0.123529411764706,0,0,0,0,0,0,0,0.00588235294117647,0,0,0,0,0.00588235294117647,0,0,0,0.0117647058823529,0,0,0,0,0,0,0,0,0.582352941176471,0,0
"000084.java",0,0,0.126696832579186,0,0,0,0,0,0,0.0407239819004525,0.0180995475113122,0.180995475113122,0,0,0,0,0,0,0,0,0.00904977375565611,0,0.00452488687782805,0,0,0,0,0,0.0180995475113122,0,0,0,0.0769230769230769,0,0.0180995475113122,0.00452488687782805,0,0,0,0,0,0,0.00904977375565611,0,0,0,0,0.493212669683258,0,0
"000085.java",0,0,0,0,0,0,0,0,0,0,0,0.735694822888283,0,0,0,0,0,0,0.00272479564032698,0,0,0,0,0.0136239782016349,0,0.00272479564032698,0,0,0,0.00272479564032698,0,0,0,0,0,0,0,0,0,0,0,0,0,0,0,0.00272479564032698,0,0,0.239782016348774,0
"000096.java",0,0,0,0,0,0,0.000348675034867503,0.00209205020920502,0,0,0,0.0728730822873082,0,0,0,0,0.676429567642957,0,0,0,0,0,0,0.247907949790795,0,0,0,0,0,0,0,0,0,0,0,0,0,0,0,0,0,0,0,0,0,0,0.000348675034867503,0,0,0
"000102.java",0,0,0,0.00016220600162206,0,0,0,0,0,0.00308191403081914,0,0.148094079480941,0,0,0.0149229521492295,0,0,0.00016220600162206,0,0,0,0,0,0.493755068937551,0.0024330900243309,0,0,0,0,0,0,0.00064882400648824,0,0,0,0,0,0.265531224655312,0.00016220600162206,0,0.00064882400648824,0.00113544201135442,0,0,0,0,0.00016220600162206,0.0690997566909976,0,0
"000108.java",0.00649350649350649,0,0.0714285714285714,0,0,0.00649350649350649,0,0,0,0,0,0.435064935064935,0,0,0,0,0,0,0,0,0,0,0,0,0,0,0.00649350649350649,0,0,0,0,0,0,0,0,0,0,0,0.0324675324675325,0,0.103896103896104,0,0,0,0,0,0,0.337662337662338,0,0
"000112.java",0,0,0,0,0,0,0,0,0,0,0,0,0.0222222222222222,0,0,0,0,0,0.0222222222222222,0,0,0,0,0,0,0,0,0,0,0,0,0,0,0,0,0,0,0,0,0,0,0,0.0222222222222222,0.0444444444444444,0.0444444444444444,0,0,0.466666666666667,0.377777777777778,0
"000114.java",0.00862068965517241,0,0,0,0,0,0,0.195043103448276,0,0.00646551724137931,0,0,0,0,0.588362068965517,0.00538793103448276,0,0,0,0,0,0,0,0,0.00107758620689655,0,0,0.0484913793103448,0.00107758620689655,0,0,0,0,0,0,0,0.0107758620689655,0,0,0,0.0290948275862069,0.00107758620689655,0.00107758620689655,0,0,0,0,0.103448275862069,0,0
"000118.java",0,0,0.33890214797136,0,0,0.00238663484486874,0.00477326968973747,0,0,0,0,0.525059665871122,0,0.00238663484486874,0,0,0,0,0,0,0,0,0,0,0,0,0,0,0,0,0.00238663484486874,0,0,0.00477326968973747,0,0,0,0.00238663484486874,0,0,0,0,0,0,0,0,0,0.116945107398568,0,0
"000119.java",0,0,0,0.000957854406130268,0,0,0,0.0450191570881226,0,0,0,0.296934865900383,0.028735632183908,0,0,0,0,0,0,0,0,0,0,0,0,0,0,0,0,0,0,0,0,0.00191570881226054,0,0,0,0,0,0,0.0833333333333333,0,0.518199233716475,0,0,0.00670498084291188,0,0.0181992337164751,0,0
"000121.java",0.229946524064171,0,0,0,0.0053475935828877,0,0,0,0.0053475935828877,0,0,0,0.0106951871657754,0,0,0,0,0,0,0.0053475935828877,0.0106951871657754,0,0,0,0.0053475935828877,0,0,0,0,0,0,0,0,0,0.267379679144385,0.101604278074866,0,0,0,0,0,0.0106951871657754,0,0,0,0,0,0.347593582887701,0,0
"000122.java",0,0,0,0,0,0,0,0.00403836446239273,0,0,0,0.312973245835437,0,0.000504795557799091,0,0.000504795557799091,0.000504795557799091,0,0.440181726400808,0,0,0,0,0.239777889954568,0,0,0.000504795557799091,0,0,0,0,0,0,0,0.00100959111559818,0,0,0,0,0,0,0,0,0,0,0,0,0,0,0
"000123.java",0.129682997118156,0,0,0.00864553314121038,0,0,0,0,0,0,0.0749279538904899,0,0,0,0,0,0,0,0.0230547550432277,0,0,0,0.00576368876080692,0.152737752161383,0,0,0,0,0,0,0,0,0.00288184438040346,0,0.195965417867435,0,0,0,0,0,0,0,0,0,0,0,0,0.406340057636888,0,0
"000124.java",0,0,0,0,0,0,0.00337609723160027,0.000675219446320054,0,0,0,0.523970290344362,0,0,0,0,0,0,0.00337609723160027,0,0,0.00135043889264011,0,0.00540175557056043,0,0,0,0.00270087778528022,0,0.449696151249156,0.00270087778528022,0,0,0,0,0,0,0.00135043889264011,0.00337609723160027,0,0.000675219446320054,0,0.000675219446320054,0,0,0,0,0.000675219446320054,0,0
"000125.java",0,0,0,0,0,0,0,0,0,0,0,0.358139534883721,0,0,0,0,0,0,0,0,0,0,0,0,0,0,0,0,0,0.027906976744186,0,0,0,0,0.013953488372093,0,0,0,0,0,0.297674418604651,0,0,0,0,0,0,0.302325581395349,0,0
"000126.java",0,0,0,0,0,0,0,0,0,0,0,0,0,0,0,0,0,0,0,0,0,0,0,0,0,0,0.00273224043715847,0,0,0,0,0,0,0,0,0.997267759562842,0,0,0,0,0,0,0,0,0,0,0,0,0,0
"000127.java",0,0,0,0,0.000971188086759469,0,0.00388475234703788,0.0498543217869861,0,0.00161864681126578,0,0.448041437358368,0.00194237617351894,0,0,0,0,0,0,0,0,0,0,0,0,0,0,0,0,0.490773713175785,0,0,0,0,0,0,0,0,0,0,0,0,0.00226610553577209,0,0,0,0.000647458724506313,0,0,0
"000128.java",0,0,0.0032258064516129,0,0,0,0.0032258064516129,0,0,0,0,0.325806451612903,0,0,0,0,0,0,0,0,0,0,0,0,0,0,0,0,0,0,0,0,0,0,0,0.661290322580645,0,0,0,0,0.00645161290322581,0,0,0,0,0,0,0,0,0
"000130.java",0,0,0,0,0,0,0,0,0.00452488687782805,0,0,0,0.00452488687782805,0,0,0,0,0,0.00452488687782805,0,0,0,0,0,0,0,0,0,0,0,0,0,0,0,0,0.97737556561086,0,0,0,0,0,0,0,0,0,0,0,0.00904977375565611,0,0
"000131.java",0,0,0,0,0,0,0,0,0,0,0,0,0,0,0,0,0.025,0,0,0,0,0,0,0,0,0,0,0,0,0,0,0,0.05,0,0.025,0.875,0.025,0,0,0,0,0,0,0,0,0,0,0,0,0
"000132.java",0,0,0,0,0,0,0,0,0,0,0,0,0,0,0,0,0,0,0,0,0,0.346938775510204,0,0.0816326530612245,0,0.0204081632653061,0,0,0,0,0,0,0,0,0,0.285714285714286,0.0204081632653061,0,0,0,0,0.142857142857143,0,0,0.0816326530612245,0,0,0.0204081632653061,0,0
"000133.java",0,0.00114285714285714,0.00228571428571429,0,0,0,0,0,0,0,0,0,0,0,0,0,0,0,0,0,0,0.016,0,0.00228571428571429,0,0,0,0,0,0.00114285714285714,0,0,0.00114285714285714,0.0102857142857143,0,0.964571428571429,0,0,0,0,0,0,0,0.00114285714285714,0,0,0,0,0,0
"000134.java",0,0,0,0,0,0,0,0,0,0,0,0,0,0.00156739811912226,0,0,0,0,0,0,0,0,0,0,0,0,0,0,0,0.00313479623824451,0,0,0,0,0,0.995297805642633,0,0,0,0,0,0,0,0,0,0,0,0,0,0
"000135.java",0,0,0,0,0,0,0,0,0,0,0,0,0,0,0,0,0,0,0,0,0,0,0,0,0,0.0041407867494824,0,0,0.0020703933747412,0,0,0,0,0,0.0434782608695652,0.503105590062112,0,0.0020703933747412,0.445134575569358,0,0,0,0,0,0,0,0,0,0,0
"000136.java",0.00273972602739726,0,0,0,0.00273972602739726,0,0,0,0,0,0,0,0,0,0.00547945205479452,0,0,0,0,0,0,0,0,0,0,0,0,0,0,0,0,0,0,0,0,0.967123287671233,0,0,0.00273972602739726,0,0,0,0,0,0,0,0,0.0191780821917808,0,0
"000149.java",0,0,0,0,0.0122378985111856,0,0,0,0,0,0,0.0555772078883779,0,0,7.79483981604178e-05,0,0,0,0,0,0,0,0.932028996804116,0,0,0,0,0,0,0,0,0,0,0,0,0,0,0,0,0,7.79483981604178e-05,0,0,0,0,0,0,0,0,0
"000150.java",0,0,0,0,0,0.00490196078431373,0,0,0,0,0.00245098039215686,0.411764705882353,0.00735294117647059,0,0.00490196078431373,0,0,0.54656862745098,0,0.00490196078431373,0,0,0,0,0.00490196078431373,0,0,0,0,0,0,0,0,0,0,0,0.00490196078431373,0.00245098039215686,0,0,0.00245098039215686,0,0,0,0,0,0,0,0.00245098039215686,0
"000152.java",0.873883928571429,0,0,0,0,0,0,0,0,0,0,0.0669642857142857,0,0,0.00111607142857143,0.00111607142857143,0,0,0.00111607142857143,0,0.00111607142857143,0,0,0,0,0,0,0,0,0,0,0,0,0,0,0,0,0,0,0,0,0,0,0,0,0.00111607142857143,0,0.0535714285714286,0,0
"000155.java",0,0,0,0,0.00701754385964912,0,0,0.00584795321637427,0,0,0,0.329824561403509,0,0,0,0,0,0.00233918128654971,0,0,0,0.0198830409356725,0,0,0,0,0,0.460818713450292,0,0,0,0,0,0,0,0,0,0,0,0,0.087719298245614,0,0,0,0,0,0,0.0865497076023392,0,0
"000159.java",0,0,0,0,0.00114220445459737,0,0,0.000571102227298686,0,0.00456881781838949,0.00171330668189606,0.115362649914335,0,0,0,0,0,0,0,0,0,0,0,0,0,0,0,0,0,0.00171330668189606,0,0.776699029126214,0,0,0,0,0,0,0,0,0.000571102227298686,0,0,0,0,0,0,0.0976584808680754,0,0
"000160.java",0.000734214390602056,0,0,0,0,0,0,0.00146842878120411,0,0.000734214390602056,0.000734214390602056,0,0,0,0,0,0,0,0,0,0,0,0.00440528634361234,0,0.000734214390602056,0.00367107195301028,0,0,0,0,0.00220264317180617,0,0,0,0.81424375917768,0,0,0,0,0,0,0,0,0,0,0,0.00807635829662261,0.162261380323054,0.000734214390602056,0
"000161.java",0.00354609929078014,0,0,0,0,0,0,0,0,0,0,0.546099290780142,0,0,0.00354609929078014,0,0,0,0.0106382978723404,0,0,0,0,0,0,0,0,0,0,0.049645390070922,0,0,0,0,0,0,0,0,0,0,0,0.0780141843971631,0,0,0,0,0,0.308510638297872,0,0
"000162.java",0,0,0,0,0,0,0,0,0,0,0.0155642023346304,0.124513618677043,0,0,0,0.00389105058365759,0,0.239299610894942,0,0,0,0,0.0311284046692607,0.134241245136187,0.00389105058365759,0,0,0,0,0,0,0,0,0,0,0,0,0,0,0,0,0,0,0,0,0,0,0.447470817120623,0,0
"000163.java",0,0,0.00161290322580645,0.0241935483870968,0,0,0,0,0,0,0.0709677419354839,0.262903225806452,0,0,0,0,0,0,0,0,0,0,0,0.0338709677419355,0,0,0,0.00645161290322581,0,0,0.00483870967741936,0,0,0,0.00161290322580645,0,0,0,0,0,0,0,0,0,0,0,0.388709677419355,0.204838709677419,0,0
"000164.java",0,0,0,0.000332115576220525,0.000996346728661574,0,0.00697442710063102,0,0.000332115576220525,0,0.583527067419462,0.30355363666556,0,0,0.00066423115244105,0.000332115576220525,0,0,0,0,0,0,0.0235802059116573,0,0,0,0,0.000996346728661574,0.00298904018598472,0.0039853869146463,0,0.000332115576220525,0,0,0.000332115576220525,0,0,0,0,0,0,0,0,0,0.0680836931252076,0,0.00199269345732315,0.000996346728661574,0,0
"000165.java",0,0.0173347778981582,0,0,0,0,0,0,0,0,0.0617551462621885,0.216684723726977,0,0,0,0,0,0,0,0.00325027085590466,0,0,0,0,0,0,0,0,0,0,0.00108342361863489,0.147345612134345,0,0,0,0,0,0,0.352112676056338,0,0,0,0,0,0,0,0.0292524377031419,0.171180931744312,0,0
"000170.java",0,0,0,0,0,0.00299850074962519,0.088455772113943,0,0,0,0,0.176911544227886,0.0104947526236882,0,0,0,0,0.388305847076462,0,0,0,0,0,0,0.00749625187406297,0,0,0,0,0,0,0,0,0.00449775112443778,0,0,0,0,0,0,0,0,0.0104947526236882,0,0,0,0,0.310344827586207,0,0
"000171.java",0,0,0,0,0,0,0,0,0,0,0.00169635284139101,0.167090754877014,0,0,0,0,0,0,0,0,0,0,0,0.000848176420695505,0,0,0,0.453774385072095,0,0,0,0.00169635284139101,0.0390161153519932,0,0.0118744698897371,0,0.00169635284139101,0.000848176420695505,0.0178117048346056,0,0,0,0,0,0,0.156064461407973,0,0.147582697201018,0,0
"000172.java",0,0,0,0,8.95335303071e-05,0,0,0.0005372011818426,0,0.0008058017727639,0,0.229205837586176,0,0.0001790670606142,0,0,0,0,0,0,0,0,0.0005372011818426,0.0013430029546065,0,0,0,0,0,0,0,0,0.766496552959083,8.95335303071e-05,0.0002686005909213,0,0,0,0,0,0,0,0.0001790670606142,0,0,0.0002686005909213,0,0,0,0
"000173.java",0.000349711488022382,0,0.000174855744011191,0,0.000349711488022382,0,0,0,0,0,0,0,0,0,0,0,0.000349711488022382,0,0,0,0,0,0,0.0309494666899808,0,0.000174855744011191,0,0,0,0,0.914320685434517,0,0,0,0,0.000349711488022382,0,0,0,0,0,0,0,0,0,0,0,0.0529812904353908,0,0
"000174.java",0,0,0,0,0,0.00115606936416185,0.00115606936416185,0,0.0023121387283237,0,0,0.495953757225434,0,0,0.174566473988439,0,0,0,0,0.0497109826589595,0.00115606936416185,0,0,0,0,0,0,0,0.00115606936416185,0,0,0,0,0,0,0,0,0,0,0,0,0,0.0069364161849711,0,0,0,0,0.151445086705202,0.114450867052023,0
"000175.java",0,0,0.00128369704749679,0,0,0,0,0.000641848523748395,0,0,0,0.407573812580231,0,0,0,0.58408215661104,0,0,0,0,0,0,0.00256739409499358,0,0,0.00192554557124519,0,0,0,0,0,0,0,0,0,0,0,0,0,0,0,0.000641848523748395,0,0,0.000641848523748395,0,0,0,0,0.000641848523748395
"000176.java",0,0,0,0,0.0145833333333333,0,0,0.0520833333333333,0,0,0.00208333333333333,0.2625,0,0,0,0,0,0.189583333333333,0,0,0,0,0,0,0,0,0,0.00208333333333333,0,0,0.0645833333333333,0,0.0979166666666667,0,0,0,0,0,0,0,0,0,0.00416666666666667,0,0,0,0.00416666666666667,0.30625,0,0
"000177.java",0,0,0,0,0.00655737704918033,0,0.147540983606557,0.2,0,0,0,0,0,0,0,0,0,0,0,0.0688524590163934,0.0131147540983607,0,0.00327868852459016,0,0,0,0,0,0,0,0,0,0,0.00327868852459016,0,0,0,0.00655737704918033,0,0,0,0,0,0,0.00327868852459016,0,0.019672131147541,0.527868852459016,0,0
"000178.java",0,0,0,0,0,0,0,0,0.00420168067226891,0,0.00840336134453781,0.214285714285714,0,0,0,0,0,0,0,0.0378151260504202,0,0,0.218487394957983,0,0,0,0,0.15546218487395,0,0,0.0168067226890756,0,0,0,0,0,0,0,0,0,0,0,0,0,0,0,0,0.34453781512605,0,0
"000179.java",0.00296296296296296,0,0,0,0,0,0,0,0,0.00148148148148148,0,0.505185185185185,0.00148148148148148,0,0,0.00148148148148148,0.00148148148148148,0,0,0,0,0,0,0,0,0,0,0.0251851851851852,0,0,0,0,0,0,0,0,0,0,0.457777777777778,0,0,0,0,0,0,0,0.00296296296296296,0,0,0
"000183.java",0,0,0.000707714083510262,0,0,0,0.794055201698514,0,0,0,0,0.104033970276008,0,0,0,0,0,0,0,0,0,0,0,0,0,0,0,0,0,0,0,0,0,0,0,0,0,0,0,0,0.00672328379334749,0,0,0,0,0,0,0.09447983014862,0,0
"000185.java",0.000340425531914894,0,0,0,0,0,0,0.873531914893617,0,0.00306382978723404,0,0.11063829787234,0,0,0,0,0,0.000170212765957447,0,0,0,0,0,0.0107234042553191,0,0.000170212765957447,0,0,0,0.000170212765957447,0,0,0,0,0.000170212765957447,0,0,0,0,0,0.000170212765957447,0,0,0,0,0,0.000851063829787234,0,0,0
"000187.java",0,0,0,0.00269541778975741,0.00808625336927224,0,0.280323450134771,0,0,0.0943396226415094,0,0.30188679245283,0,0,0,0,0,0,0.0134770889487871,0,0.0107816711590297,0,0,0.00269541778975741,0,0,0,0,0,0,0,0,0,0,0,0,0,0,0,0,0,0,0,0,0,0,0.0215633423180593,0.264150943396226,0,0
"000188.java",0.00524475524475524,0,0,0,0,0,0,0,0,0,0,0.206293706293706,0,0,0,0,0.00174825174825175,0.311188811188811,0,0,0,0,0,0,0,0,0.00174825174825175,0.0384615384615385,0,0,0,0.0681818181818182,0,0,0.00174825174825175,0,0,0,0,0,0,0,0,0,0,0,0,0.363636363636364,0,0.00174825174825175
"000189.java",0,0,0,0,0,0,0.0753375977256574,0,0,0,0,0.18407960199005,0,0,0,0.00995024875621891,0.00284292821606254,0,0.130063965884861,0,0,0,0,0.0476190476190476,0,0,0,0,0,0,0,0.000710732054015636,0,0,0,0,0,0,0,0,0,0,0.000710732054015636,0,0.000710732054015636,0,0,0.547974413646055,0,0
"000190.java",0,0,0,0,0,0,0,0,0,0,0.223776223776224,0.136363636363636,0,0,0,0,0,0.118881118881119,0.00699300699300699,0,0,0,0,0,0,0,0,0,0,0,0,0,0,0,0,0,0,0,0,0,0,0,0,0,0.041958041958042,0,0.048951048951049,0.423076923076923,0,0
"000191.java",0,0.00171526586620926,0,0,0.00686106346483705,0,0,0.00171526586620926,0,0.00171526586620926,0,0,0.00171526586620926,0,0,0,0,0,0,0.00514579759862779,0,0,0,0,0,0,0,0,0.00171526586620926,0,0,0,0,0,0,0,0,0,0,0.771869639794168,0,0,0,0,0,0,0,0.207547169811321,0,0
"000193.java",0,0,0,0,0.000635727908455181,0,0,0.00222504767959313,0,0.853464717101081,0.000635727908455181,0.0734265734265734,0,0,0,0,0.000635727908455181,0.000317863954227591,0,0.00953591862682772,0,0,0,0.00286077558804832,0,0,0,0,0,0,0,0,0.00127145581691036,0,0,0,0,0,0,0.000317863954227591,0,0,0.000953591862682772,0,0,0,0,0.0530832803560076,0,0.000635727908455181
"000194.java",0,0,0,0,0,0,0.0864197530864197,0,0.00154320987654321,0.00925925925925926,0.334876543209877,0,0,0.00154320987654321,0.0216049382716049,0,0,0,0,0.00462962962962963,0,0.0169753086419753,0,0.00308641975308642,0,0,0,0.00154320987654321,0,0,0.00154320987654321,0,0,0,0.172839506172839,0,0,0,0,0,0,0,0,0,0,0,0.0617283950617284,0.282407407407407,0,0
"000195.java",0.00739523418241578,0,0,0.000821692686935086,0,0.000821692686935086,0.000821692686935086,0.00410846343467543,0,0.0197206244864421,0.00164338537387017,0.595727198027937,0,0,0.290879211175021,0,0.00328677074774034,0,0,0.00164338537387017,0,0,0,0.0550534100246508,0,0,0,0,0,0,0,0,0,0,0,0.00164338537387017,0,0.00328677074774034,0,0,0.0123253903040263,0,0,0,0,0,0.000821692686935086,0,0,0
"000196.java",0,0,0,0,0,0,0.00123406005758947,0,0.000822706705059646,0,0,0.223776223776224,0.000411353352529823,0,0.466886055121349,0,0,0,0.000411353352529823,0.00617030028794735,0.00123406005758947,0,0,0,0.197449609214315,0,0,0,0,0,0.000411353352529823,0,0,0,0,0,0,0,0,0,0,0,0,0,0,0,0,0.0826820238584944,0,0.018510900863842
"000197.java",0.000664010624169987,0,0,0,0,0,0,0,0,0,0,0.0292164674634794,0,0,0,0,0,0,0,0,0,0,0,0.272908366533865,0,0,0,0,0.00332005312084993,0,0,0,0,0,0,0.00265604249667995,0.000664010624169987,0,0,0,0,0,0.00132802124833997,0,0.00132802124833997,0,0.52191235059761,0.166002656042497,0,0
"000198.java",0,0,0,0,0,0,0,0.00496688741721854,0,0,0,0.120860927152318,0,0,0,0,0,0,0,0,0.478476821192053,0,0,0.109271523178808,0,0,0,0,0,0.00165562913907285,0,0,0,0,0,0,0,0,0,0,0,0.00165562913907285,0,0,0,0,0,0.283112582781457,0,0
"000199.java",0,0,0,0,0.18359375,0,0,0,0,0,0,0,0.001953125,0,0.0546875,0,0.00390625,0,0,0,0,0,0.2578125,0,0.009765625,0.00390625,0,0,0.001953125,0,0,0,0.037109375,0,0.017578125,0,0,0,0,0.09375,0,0,0,0,0,0,0,0.333984375,0,0
"000200.java",0,0,0,0.00766283524904215,0,0,0,0,0,0.325670498084291,0,0.390804597701149,0,0,0.00766283524904215,0,0,0,0.0689655172413793,0,0,0,0.00383141762452107,0,0,0,0,0,0,0,0,0.00383141762452107,0.00383141762452107,0,0,0,0,0,0,0,0,0,0,0,0,0,0,0.187739463601533,0,0
"000201.java",0,0,0,0,0,0,0,0.000314070351758794,0.00188442211055276,0,0,0.00565326633165829,0,0,0,0.00219849246231156,0.000314070351758794,0,0,0.902324120603015,0,0,0,0,0,0,0,0,0,0.000314070351758794,0,0,0,0,0,0,0,0,0,0,0,0,0,0,0,0,0,0.0866834170854271,0.000314070351758794,0
"000202.java",0,0,0,0,0,0,0,0,0,0,0,0,0,0,0,0,0,0,0,0.135338345864662,0,0,0,0,0.285714285714286,0,0,0,0,0,0,0,0,0,0,0,0,0,0,0,0,0,0,0,0,0,0,0.578947368421053,0,0
"000225.java",0,0,0,0,0,0,0,0,0,0,0,0.177181208053691,0.0912751677852349,0,0,0,0,0.00268456375838926,0,0,0,0,0,0.0161073825503356,0,0,0.296644295302013,0,0.00402684563758389,0.00134228187919463,0,0.00268456375838926,0.0953020134228188,0.00134228187919463,0,0,0,0,0.100671140939597,0,0,0,0,0,0,0,0,0.210738255033557,0,0
"000226.java",0,0,0,0,0.0384615384615385,0,0,0.00427350427350427,0,0,0,0,0,0,0,0,0,0,0,0,0,0.200854700854701,0,0,0.0213675213675214,0,0,0,0,0,0.00427350427350427,0,0,0,0.0341880341880342,0.196581196581197,0,0,0,0.00854700854700855,0,0,0,0,0,0.00427350427350427,0.00427350427350427,0.435897435897436,0.047008547008547,0
"000228.java",0,0.0551724137931034,0,0,0,0,0,0,0.00689655172413793,0,0,0,0.0482758620689655,0,0,0,0,0.0137931034482759,0,0,0,0.00689655172413793,0,0,0,0,0,0,0,0,0,0,0,0.0206896551724138,0.710344827586207,0,0,0,0,0,0,0,0,0,0,0,0,0.137931034482759,0,0
"000232.java",0.027592768791627,0,0,0,0,0,0,0,0,0,0,0.228353948620362,0,0,0.000951474785918173,0,0,0,0,0,0,0,0,0,0,0,0.742150333016175,0,0,0,0,0,0.000951474785918173,0,0,0,0,0,0,0,0,0,0,0,0,0,0,0,0,0
"000234.java",0,0,0,0,0,0.0012970168612192,0,0,0,0,0,0.0843060959792477,0,0,0,0,0,0,0,0,0,0,0,0.0220492866407263,0,0.000648508430609598,0.831387808041505,0,0.000648508430609598,0,0,0,0,0,0,0.0012970168612192,0,0,0,0,0,0,0,0,0,0,0,0.0583657587548638,0,0
"000236.java",0,0.388316151202749,0,0,0,0,0,0.00343642611683849,0,0,0.00343642611683849,0,0,0,0,0,0.00343642611683849,0,0,0,0,0,0,0,0.00343642611683849,0,0.450171821305842,0,0,0.00687285223367698,0.00687285223367698,0,0,0,0,0,0,0,0,0,0,0,0,0,0,0,0,0.134020618556701,0,0
"000237.java",0.329004329004329,0.348484848484849,0,0,0,0,0.00649350649350649,0,0,0,0,0.0930735930735931,0,0,0,0,0.00216450216450216,0,0,0,0,0,0,0,0,0,0,0,0,0,0,0,0,0.0627705627705628,0.00432900432900433,0,0,0,0,0,0.00216450216450216,0,0,0,0,0,0.0108225108225108,0.140692640692641,0,0
"000247.java",0,0.000982318271119843,0,0,0,0.000982318271119843,0,0,0,0,0,0.146365422396857,0,0.758349705304519,0,0,0,0,0,0,0,0,0,0.000982318271119843,0,0.000982318271119843,0,0,0,0,0,0.0068762278978389,0,0,0,0,0,0,0.000982318271119843,0,0.000982318271119843,0,0,0,0,0,0,0.0746561886051081,0.00785854616895874,0
"000248.java",0.00472813238770686,0,0.00236406619385343,0,0,0,0,0,0,0,0.00236406619385343,0.316784869976359,0,0,0.00472813238770686,0,0,0,0,0.00236406619385343,0,0,0.0212765957446809,0,0,0.00236406619385343,0.00709219858156028,0,0,0,0,0,0.00236406619385343,0.00709219858156028,0,0,0,0,0,0,0,0,0,0,0.0118203309692671,0,0,0.295508274231678,0.319148936170213,0
"000286.java",0.00347826086956522,0.747826086956522,0,0,0,0,0.00695652173913044,0,0,0,0,0.132173913043478,0.102608695652174,0,0,0,0,0,0,0,0,0,0,0,0,0.00173913043478261,0,0,0,0,0,0,0.00173913043478261,0,0,0,0,0,0.00173913043478261,0.00173913043478261,0,0,0,0,0,0,0,0,0,0
"000287.java",0.00775193798449612,0.837209302325581,0,0,0,0,0,0.00775193798449612,0,0,0,0,0,0,0,0,0,0,0,0,0,0,0,0,0,0,0,0,0,0.00775193798449612,0,0,0,0,0,0,0,0,0,0,0,0.00775193798449612,0,0,0,0,0,0.131782945736434,0,0
"000288.java",0,0.813008130081301,0,0,0,0,0,0,0,0,0,0,0,0,0,0,0,0,0,0,0,0,0,0,0,0,0,0,0,0,0.00813008130081301,0,0,0,0,0,0,0,0,0,0,0,0.00813008130081301,0,0,0,0,0.16260162601626,0.00813008130081301,0
"000289.java",0.0588235294117647,0.617647058823529,0,0,0,0.00245098039215686,0,0,0,0,0,0.316176470588235,0.00490196078431373,0,0,0,0,0,0,0,0,0,0,0,0,0,0,0,0,0,0,0,0,0,0,0,0,0,0,0,0,0,0,0,0,0,0,0,0,0
"000290.java",0,0.849315068493151,0,0,0,0,0,0,0,0,0.0045662100456621,0,0,0,0,0,0,0,0,0.0136986301369863,0,0,0,0,0,0,0.0045662100456621,0,0,0,0,0,0,0,0,0,0,0,0,0,0,0,0,0,0,0,0,0.127853881278539,0,0
"000291.java",0.037593984962406,0.278195488721804,0,0,0,0,0,0,0,0,0,0.233082706766917,0,0,0,0,0,0,0,0,0,0,0,0,0,0,0.270676691729323,0,0,0,0,0,0,0,0,0,0,0,0,0,0,0,0,0,0,0.0075187969924812,0,0.172932330827068,0,0
"000292.java",0.073469387755102,0.4,0,0,0,0,0,0,0,0,0,0.244897959183673,0,0,0,0,0,0,0,0,0,0,0.0122448979591837,0,0,0,0.073469387755102,0,0,0,0,0,0,0,0,0,0,0,0,0.00816326530612245,0,0,0,0,0,0.00408163265306122,0,0.183673469387755,0,0
"000293.java",0.0143884892086331,0.467625899280576,0,0,0,0,0,0,0,0,0,0.151079136690647,0,0,0,0,0,0,0.0143884892086331,0,0,0,0,0.0215827338129496,0,0,0.0431654676258993,0,0,0,0.0143884892086331,0,0,0,0,0,0,0,0,0.0143884892086331,0,0,0,0,0,0,0,0.258992805755396,0,0
"000294.java",0.000762921991226397,0,0,0,0,0,0.012397482357429,0.00133511348464619,0,0,0,0.0713332061796681,0,0,0.0150677093267213,0.000190730497806599,0,0,0,0,0,0,0,0,0.801258821285524,0,0,0,0,0.000381460995613199,0,0,0,0,0,0,0.000190730497806599,0.000190730497806599,0.000381460995613199,0,0,0,0.000953652489032996,0,0,0,0,0.0915506389471677,0,0.00400534045393859
"000295.java",0,0,0,0,0,0,0,0,0,0,0,0.001,0,0,0,0,0,0,0,0,0,0,0,0,0.784,0.022,0,0,0,0,0,0,0,0,0,0,0,0,0,0,0,0,0,0,0,0,0,0.193,0,0
"000300.java",0,0,0,0,0,0,0,0,0,0,0,0.116983372921615,0,0,0.000593824228028504,0.000296912114014252,0,0,0,0,0,0,0,0,0,0,0,0,0,0,0,0,0,0.000296912114014252,0,0,0,0,0,0.00178147268408551,0.000296912114014252,0,0.000593824228028504,0,0,0.000296912114014252,0,0.0709619952494062,0,0.807897862232779
"000305.java",0.000328191663931736,0.000328191663931736,0,0,0,0,0,0,0,0,0,0.0932064325566131,0,0,0,0,0,0.000328191663931736,0.000984574991795208,0,0,0.000328191663931736,0,0.00164095831965868,0,0.00525106662290778,0,0,0,0,0,0,0,0.809648834919593,0.012471283229406,0,0.000328191663931736,0.000328191663931736,0.00196914998359042,0,0,0.000328191663931736,0,0,0.00131276665572694,0,0,0.0712175910731867,0,0
"000306.java",0,0,0,0,0.0100502512562814,0.0050251256281407,0,0,0,0,0.0050251256281407,0,0,0,0,0,0.0050251256281407,0,0,0,0.0050251256281407,0.0603015075376884,0,0,0,0,0.0301507537688442,0,0,0,0,0,0,0.0201005025125628,0.0201005025125628,0.793969849246231,0,0,0.0050251256281407,0.0351758793969849,0,0,0,0,0,0,0,0.0050251256281407,0,0
"000364.java",0.0303030303030303,0,0,0.0151515151515152,0,0,0,0,0,0,0.0151515151515152,0,0,0,0,0,0,0,0,0,0,0,0,0,0,0.0151515151515152,0,0,0,0,0,0,0,0,0.151515151515152,0.242424242424242,0,0,0,0,0,0,0,0.121212121212121,0,0.0303030303030303,0,0.378787878787879,0,0
"000367.java",0,0,0,0,0,0,0,0,0,0,0,0.279043280182232,0,0,0,0,0,0,0,0,0,0,0,0.00284738041002278,0,0,0,0,0,0,0,0,0.0227790432801822,0,0,0,0,0,0.617881548974943,0,0,0,0,0,0,0,0,0.0774487471526196,0,0
"000377.java",0,0,0,0,0,0,0,0,0,0,0,0,0,0,0,0,0,0,0,0,0,0.0404040404040404,0.0101010101010101,0,0,0,0,0,0,0,0,0,0,0.272727272727273,0,0.181818181818182,0,0,0,0,0,0,0,0,0,0,0,0.494949494949495,0,0
"000379.java",0,0.0109289617486339,0,0,0,0,0,0,0,0,0,0,0,0,0,0,0,0,0,0.0109289617486339,0,0,0,0,0,0,0.0437158469945355,0,0,0.00546448087431694,0.00546448087431694,0,0,0.00546448087431694,0.0163934426229508,0.814207650273224,0,0,0,0,0,0,0,0,0,0,0,0.087431693989071,0,0
"000463.java",0.00130718954248366,0.0326797385620915,0,0.00196078431372549,0,0.854901960784314,0,0,0,0.00065359477124183,0,0.105228758169935,0,0,0,0,0,0,0,0,0.00130718954248366,0,0,0,0,0,0,0,0,0.00065359477124183,0,0,0,0,0,0,0,0,0,0,0,0,0,0,0,0,0,0.00065359477124183,0.00065359477124183,0
"000481.java",0,0.0575539568345324,0,0,0,0.00719424460431655,0,0,0,0,0,0,0,0,0,0,0,0,0,0,0,0,0,0,0,0.0575539568345324,0.0215827338129496,0,0,0,0,0,0,0,0.482014388489209,0,0,0,0.00719424460431655,0,0,0,0,0,0,0,0,0.366906474820144,0,0
"000482.java",0,0,0.0192837465564738,0,0,0,0,0.00275482093663912,0,0,0,0,0,0,0,0,0,0,0,0,0,0.0165289256198347,0,0.00550964187327824,0,0,0,0,0,0,0.0192837465564738,0,0,0,0.741046831955923,0,0,0,0,0,0,0,0,0,0,0,0,0.195592286501377,0,0
"000488.java",0.000382848392036753,0.000382848392036753,0,0,0,0,0,0,0,0,0,0.294410413476263,0.69927258805513,0.000191424196018377,0.000191424196018377,0,0,0,0.000191424196018377,0,0,0.000191424196018377,0,0.00306278713629403,0,0,0,0,0,0,0,0.000191424196018377,0.00057427258805513,0,0,0,0,0,0,0,0,0,0,0,0.000957120980091884,0,0,0,0,0
"000489.java",0,0.138888888888889,0,0,0,0,0,0,0,0,0,0,0,0,0,0,0,0,0,0,0,0,0,0.0277777777777778,0,0,0,0,0,0,0,0,0,0,0,0.222222222222222,0,0,0,0,0,0.527777777777778,0,0,0,0,0,0,0.0833333333333333,0
"000490.java",0,0,0.287257019438445,0.00215982721382289,0.0129589632829374,0,0,0,0,0,0,0.68682505399568,0,0,0,0,0.00431965442764579,0,0,0,0,0,0,0,0,0,0,0,0,0,0,0,0,0,0,0,0.00647948164146868,0,0,0,0,0,0,0,0,0,0,0,0,0
"000491.java",0.0415754923413567,0,0,0.00656455142231947,0,0.00218818380743982,0.00437636761487965,0,0,0,0,0.192560175054705,0,0,0,0.00218818380743982,0,0,0,0.00437636761487965,0,0,0,0,0,0,0.00218818380743982,0,0,0,0,0,0,0,0.175054704595186,0.0459518599562363,0,0,0,0,0.0196936542669584,0.367614879649891,0,0,0,0,0,0.135667396061269,0,0
