"V1","V2","V3","V4","V5","V6","V7","V8","V9","V10","V11","V12","V13","V14","V15","V16","V17","V18","V19","V20","V21","V22","V23","V24","V25","V26","V27","V28","V29","V30","V31","V32","V33","V34","V35","V36","V37","V38","V39","V40","V41","V42","V43","V44","V45","V46","V47","V48","V49","V50"
"000001.java",0,0,0.00437636761487965,0,0,0,0.00218818380743982,0.0568927789934354,0.00218818380743982,0,0,0,0,0.00218818380743982,0.0153172866520788,0,0,0.260393873085339,0,0,0.00218818380743982,0,0,0,0,0,0,0,0,0.00218818380743982,0.573304157549234,0.00656455142231947,0,0,0,0,0,0,0,0,0,0,0,0,0,0,0,0,0.0722100656455142,0
"000002.java",0,0,0,0,0,0,0.0183823529411765,0.0134803921568627,0,0,0,0,0,0.00122549019607843,0,0,0,0.0477941176470588,0.00122549019607843,0.00122549019607843,0,0,0,0,0,0,0,0,0.00122549019607843,0,0.740196078431373,0,0,0,0,0,0,0.00122549019607843,0,0,0,0,0,0.159313725490196,0,0,0,0.0134803921568627,0,0.00122549019607843
"000003.java",0,0,0,0,0,0.00282645562464669,0,0,0,0.000565291124929339,0,0,0,0.0836630864895421,0,0,0,0.00508762012436405,0.000565291124929339,0,0,0,0.0197851893725269,0,0,0.00113058224985868,0,0,0.00113058224985868,0.000565291124929339,0.864895421141888,0,0,0,0.000565291124929339,0.00113058224985868,0,0,0.00169587337478802,0.00113058224985868,0,0,0,0,0.000565291124929339,0.00395703787450537,0.000565291124929339,0,0.0101752402487281,0
"000004.java",0.198675496688742,0,0,0,0.0264900662251656,0,0,0.00662251655629139,0.0033112582781457,0.0033112582781457,0.0033112582781457,0,0,0.413907284768212,0,0,0,0.258278145695364,0,0,0,0,0,0,0,0,0,0,0.0033112582781457,0,0.00662251655629139,0,0,0,0.00662251655629139,0,0,0.0132450331125828,0,0,0,0,0,0.00662251655629139,0,0,0,0,0,0.0496688741721854
"000005.java",0,0,0,0,0.00440528634361234,0,0,0,0,0,0,0,0,0.299559471365639,0,0,0.00440528634361234,0.140969162995595,0,0,0,0,0.026431718061674,0,0,0,0.0616740088105727,0,0,0,0,0.0176211453744493,0,0,0,0,0,0.013215859030837,0,0.39647577092511,0,0,0.0308370044052863,0.00440528634361234,0,0,0,0,0,0
"000006.java",0,0,0,0,0,0,0,0.00809716599190283,0,0,0,0.00404858299595142,0,0.222672064777328,0,0,0,0.530364372469636,0,0,0,0,0.0526315789473684,0,0,0.00404858299595142,0,0,0,0.0283400809716599,0.0161943319838057,0,0.0121457489878543,0,0,0.101214574898785,0,0,0.00404858299595142,0,0,0,0,0,0,0,0,0,0.00809716599190283,0.00809716599190283
"000019.java",0,0,0.00495049504950495,0,0,0.00495049504950495,0,0.0346534653465347,0,0,0.0099009900990099,0,0,0,0,0,0,0.589108910891089,0,0,0,0,0,0,0,0,0,0,0,0,0,0,0,0,0,0,0.00495049504950495,0,0.00495049504950495,0,0,0,0,0.346534653465347,0,0,0,0,0,0
"000020.java",0,0,0,0,0,0,0,0,0,0.00333333333333333,0,0,0,0.48,0,0,0,0.266666666666667,0,0.02,0.00333333333333333,0,0,0.00333333333333333,0,0,0,0.15,0.0266666666666667,0,0,0,0,0,0,0,0,0,0,0,0,0,0,0.0466666666666667,0,0,0,0,0,0
"000021.java",0,0,0,0,0.102439024390244,0,0,0,0,0,0,0,0,0.24390243902439,0,0,0,0.419512195121951,0,0,0,0,0,0,0,0,0,0,0,0,0,0,0.0048780487804878,0,0,0,0,0,0,0,0,0,0,0.219512195121951,0.00975609756097561,0,0,0,0,0
"000024.java",0.00541516245487365,0.754512635379061,0.000601684717208183,0,0.000601684717208183,0,0.00902527075812274,0.000601684717208183,0,0,0,0,0,0,0,0,0,0.0776173285198556,0,0,0,0,0,0,0,0,0,0,0,0,0.000601684717208183,0,0,0.000601684717208183,0,0,0,0,0,0,0.00481347773766546,0,0,0.13898916967509,0,0,0,0,0.00601684717208183,0.000601684717208183
"000026.java",0,0.00333704115684093,0,0,0.268075639599555,0,0,0.0189098998887653,0,0,0,0,0,0.404894327030033,0,0,0.0311457174638487,0.014460511679644,0,0.0389321468298109,0.122358175750834,0,0,0,0,0.0100111234705228,0,0.00111234705228031,0,0,0,0,0,0,0,0,0,0,0,0,0,0,0,0.0778642936596218,0,0,0,0.00889877641824249,0,0
"000027.java",0,0,0,0,0,0.000169836956521739,0,0,0,0,0,0,0,0,0.000169836956521739,0,0,0.00254755434782609,0,0,0,0,0,0,0,0,0,0,0.945991847826087,0,0,0,0,0,0,0,0,0,0,0,0,0,0,0.0506114130434783,0.000169836956521739,0,0,0,0.000339673913043478,0
"000031.java",0,0,0,0,0.000316505776230416,0,0.000158252888115208,0,0,0,0,0,0,0.00727963285329957,0,0,0,0.00664662130083874,0,0,0,0,0,0,0,0.000158252888115208,0,0,0,0,0,0,0,0.000158252888115208,0,0.000633011552460832,0,0,0,0,0.983383446747903,0,0,0,0.000158252888115208,0.000474758664345624,0,0,0,0.000633011552460832
"000036.java",0,0,0.0012187690432663,0,0.731261425959781,0,0,0,0,0.000609384521633151,0.00975015234613041,0,0,0.20109689213894,0,0,0.000609384521633151,0.00182815356489945,0,0,0,0,0.00548446069469835,0,0,0,0,0,0,0,0,0,0,0,0,0,0,0,0,0,0,0,0,0.0481413772090189,0,0,0,0,0,0
"000037.java",0,0,0,0,0.616541353383459,0,0,0,0,0,0,0,0,0.288721804511278,0,0,0,0.0541353383458647,0,0,0,0,0,0,0,0,0,0,0,0,0,0.00150375939849624,0.00601503759398496,0,0,0,0,0,0,0,0,0,0,0.0330827067669173,0,0,0,0,0,0
"000041.java",0,0,0,0,0,0,0,0,0,0,0,0,0,0.032112676056338,0,0,0,0.00901408450704225,0,0,0.00169014084507042,0,0,0,0,0,0,0,0,0.000563380281690141,0,0,0,0,0.000563380281690141,0,0,0,0,0,0,0,0.000563380281690141,0.043943661971831,0,0,0,0,0,0.911549295774648
"000044.java",0,0,0,0,0.305676855895196,0.00218340611353712,0,0,0,0.0109170305676856,0,0,0,0,0,0,0,0.342794759825328,0,0.115720524017467,0,0.0393013100436681,0.00218340611353712,0,0,0,0,0.0109170305676856,0,0,0,0,0,0,0.00873362445414847,0,0,0.00436681222707424,0,0,0,0,0,0.157205240174672,0,0,0,0,0,0
"000045.java",0,0,0,0,0,0,0,0,0.000805542129853391,0,0.952634122764621,0,0,0.0106331561140648,0,0,0,0.0269051071371033,0,0,0,0.000644433703882713,0.00451103592717899,0,0,0,0,0,0,0,0.000644433703882713,0,0,0,0.00257773481553085,0,0,0,0,0.000322216851941357,0,0,0,0,0,0,0,0.000161108425970678,0.000161108425970678,0
"000046.java",0,0,0,0,0,0,0,0,0,0,0.755948334466349,0,0,0.0743258554271471,0,0,0,0.0151824155903014,0,0,0,0,0,0,0,0.000226603217765692,0,0,0,0,0,0,0,0,0,0,0.154090188080671,0,0,0,0,0,0,0,0,0.000226603217765692,0,0,0,0
"000060.java",0,0,0,0,0,0,0,0,0,0,0,0,0.00175901495162709,0,0,0,0,0,0,0,0.0562884784520668,0,0,0,0,0.937554969217238,0,0,0,0.00175901495162709,0,0,0,0,0,0,0.00175901495162709,0,0,0,0,0.000879507475813544,0,0,0,0,0,0,0,0
"000063.java",0,0,0.687761506276151,0,0,0,0.00209205020920502,0,0,0,0,0,0,0.24581589958159,0,0,0,0,0,0,0,0.00104602510460251,0,0,0.00104602510460251,0,0,0,0,0,0,0,0,0,0,0,0,0,0,0,0.00366108786610879,0,0,0.0580543933054393,0,0,0,0,0,0.000523012552301255
"000067.java",0.000390854016025015,0.000195427008012507,0,0,0.000195427008012507,0,0,0,0,0.000195427008012507,0,0,0,0.0699628688684776,0,0,0.000195427008012507,0,0,0,0,0,0,0,0,0,0,0,0,0,0,0,0,0,0.92593316396326,0,0,0.00136798905608755,0,0.000195427008012507,0,0,0,0.00136798905608755,0,0,0,0,0,0
"000070.java",0,0,0.00324675324675325,0,0,0,0.00324675324675325,0,0,0,0.00162337662337662,0,0,0.349025974025974,0.0633116883116883,0,0,0.0811688311688312,0,0,0,0.201298701298701,0,0,0,0,0,0,0,0,0,0,0,0,0,0,0,0,0,0,0,0.0633116883116883,0,0.170454545454545,0,0,0,0,0.0633116883116883,0
"000077.java",0.319796954314721,0,0,0,0,0,0.0050761421319797,0.00253807106598985,0,0,0,0,0,0,0,0,0,0.304568527918782,0.00253807106598985,0,0,0,0,0,0,0,0,0,0,0,0,0,0,0,0,0,0,0.0101522842639594,0,0,0,0,0,0.355329949238579,0,0,0,0,0,0
"000082.java",0,0,0,0,0,0,0,0,0,0,0,0,0,0,0,0,0,0.529411764705882,0,0,0.382352941176471,0,0,0,0,0.0823529411764706,0,0,0,0.00588235294117647,0,0,0,0,0,0,0,0,0,0,0,0,0,0,0,0,0,0,0,0
"000084.java",0,0,0.0180995475113122,0,0,0,0,0,0,0,0,0.00452488687782805,0,0.199095022624434,0.00452488687782805,0,0,0.642533936651584,0,0,0,0,0.0361990950226244,0,0,0,0.00904977375565611,0,0,0.00452488687782805,0.00452488687782805,0.00452488687782805,0,0,0,0,0,0,0,0,0.0678733031674208,0,0,0,0,0,0.00452488687782805,0,0,0
"000085.java",0,0,0,0,0.00272479564032698,0,0.00544959128065395,0,0,0.00272479564032698,0,0,0,0.403269754768392,0,0,0.00272479564032698,0.0871934604904632,0.00272479564032698,0.00817438692098093,0,0,0,0,0,0,0,0.237057220708447,0,0,0,0,0,0.0136239782016349,0,0,0,0.00272479564032698,0,0,0,0.00272479564032698,0,0.220708446866485,0,0,0,0.00272479564032698,0,0.00544959128065395
"000096.java",0,0,0,0,0,0,0.000697350069735007,0,0,0,0.000348675034867503,0,0,0.216178521617852,0.000348675034867503,0,0,0,0,0,0,0.000348675034867503,0,0,0,0,0,0,0,0,0,0,0,0,0,0,0,0,0,0,0,0,0,0,0,0.000697350069735007,0,0,0.781380753138075,0
"000102.java",0,0,0,0,0.00016220600162206,0,0,0,0,0,0,0,0,0.34095701540957,0,0,0.606974858069749,0,0,0,0,0.00778588807785888,0,0.0097323600973236,0,0,0.00016220600162206,0.00016220600162206,0,0,0,0,0,0,0,0,0,0,0,0,0,0,0,0.0317923763179238,0,0.00178426601784266,0,0.00032441200324412,0.00016220600162206,0
"000108.java",0,0,0.00649350649350649,0,0.155844155844156,0,0,0,0,0,0,0,0.012987012987013,0.298701298701299,0,0,0,0.337662337662338,0,0,0.0714285714285714,0,0,0,0,0,0,0,0,0,0,0,0,0,0,0,0,0.0324675324675325,0,0,0,0,0,0.0779220779220779,0,0.00649350649350649,0,0,0,0
"000112.java",0,0,0,0,0,0,0,0,0,0,0,0,0,0,0,0,0,0.555555555555556,0,0.2,0,0,0,0,0,0,0,0,0,0.0222222222222222,0,0,0,0,0,0,0,0,0,0,0.0222222222222222,0.2,0,0,0,0,0,0,0,0
"000114.java",0,0,0,0,0,0,0,0,0,0,0,0,0,0.245689655172414,0,0.00107758620689655,0,0.00323275862068966,0,0,0,0.00323275862068966,0,0,0,0,0,0,0.00323275862068966,0,0.00107758620689655,0.00107758620689655,0,0.688577586206897,0,0,0,0,0,0,0,0,0,0.0506465517241379,0,0,0,0.0021551724137931,0,0
"000118.java",0,0,0,0,0.350835322195704,0.00477326968973747,0,0,0,0,0,0,0,0.293556085918854,0,0,0,0.0715990453460621,0,0,0,0,0,0,0,0,0,0,0,0,0,0,0,0,0.035799522673031,0,0,0,0,0,0,0,0,0.238663484486873,0,0.00238663484486874,0,0.00238663484486874,0,0
"000119.java",0,0,0.0028735632183908,0,0,0,0.160919540229885,0.000957854406130268,0,0,0.00574712643678161,0,0,0,0,0,0,0.192528735632184,0,0,0,0,0,0.0028735632183908,0,0,0,0,0,0.313218390804598,0,0,0,0,0,0.110153256704981,0,0.0900383141762452,0,0,0,0,0,0.109195402298851,0,0,0,0,0.00957854406130268,0.00191570881226054
"000121.java",0,0,0,0,0,0,0,0,0,0,0.0053475935828877,0,0,0.213903743315508,0,0,0,0,0,0,0.267379679144385,0,0,0,0,0,0.336898395721925,0,0,0,0,0.117647058823529,0,0.0053475935828877,0.0053475935828877,0,0,0,0,0,0,0,0,0,0,0,0,0.0374331550802139,0.0106951871657754,0
"000122.java",0.000504795557799091,0,0,0,0,0.00100959111559818,0,0,0,0.425037859666835,0,0,0,0.337203432609793,0,0,0.113074204946996,0,0,0,0,0,0,0,0.00100959111559818,0,0.00656234225138819,0,0.00100959111559818,0,0.00302877334679455,0,0,0,0.000504795557799091,0,0,0.0540131246845028,0,0,0,0,0,0.0237253912165573,0,0,0,0,0.03331650681474,0
"000123.java",0.00288184438040346,0,0,0,0.0115273775216138,0,0,0,0,0.0144092219020173,0,0,0,0.22478386167147,0,0,0.0864553314121038,0.167146974063401,0.069164265129683,0,0.184438040345821,0,0,0,0,0,0.23342939481268,0,0,0,0,0.00288184438040346,0,0,0,0,0,0,0,0,0,0,0,0,0,0,0,0,0,0.00288184438040346
"000124.java",0,0.0108035111411209,0,0,0,0,0,0,0,0.512491559756921,0,0,0,0.382174206617151,0.00135043889264011,0,0,0,0,0,0,0,0,0,0,0,0.000675219446320054,0,0.00405131667792032,0,0,0,0,0,0,0.00405131667792032,0,0,0,0,0,0,0,0.0844024307900068,0,0,0,0,0,0
"000125.java",0,0,0,0,0,0.027906976744186,0,0,0,0,0.00930232558139535,0,0.00465116279069767,0.162790697674419,0,0,0,0.311627906976744,0,0,0,0,0,0,0.0232558139534884,0,0.00465116279069767,0,0,0,0,0,0,0.0372093023255814,0,0,0,0.195348837209302,0,0,0,0,0,0.209302325581395,0.00465116279069767,0,0,0,0,0.00930232558139535
"000126.java",0,0,0,0,0.00273224043715847,0,0,0,0.00273224043715847,0,0,0,0,0,0,0,0,0,0,0,0,0,0,0,0,0,0,0,0,0,0,0.989071038251366,0,0,0,0,0,0.00273224043715847,0,0,0,0,0,0.00273224043715847,0,0,0,0,0,0
"000127.java",0,0.000323729362253156,0,0.000323729362253156,0,0,0.0184525736484299,0.000323729362253156,0,0.555843314988669,0,0.000323729362253156,0,0.246358044674652,0.00938815150534154,0,0.00323729362253156,0,0,0,0,0,0.00420848170929103,0,0,0,0,0,0,0,0,0,0.0051796697960505,0,0.00194237617351894,0.00679831660731628,0,0,0,0,0,0.000323729362253156,0,0.146973130462933,0,0,0,0,0,0
"000128.java",0.00645161290322581,0,0,0,0,0,0,0,0,0,0,0,0,0.335483870967742,0,0,0,0,0,0,0,0,0,0,0,0.0032258064516129,0,0,0,0,0,0.654838709677419,0,0,0,0,0,0,0,0,0,0,0,0,0,0,0,0,0,0
"000130.java",0,0,0,0,0,0,0,0,0,0.00452488687782805,0,0,0,0,0,0,0,0,0,0,0,0,0,0,0,0.0180995475113122,0,0,0,0,0,0.959276018099548,0,0,0,0,0,0,0,0,0.00452488687782805,0,0,0.00452488687782805,0,0,0,0,0.00904977375565611,0
"000131.java",0,0,0,0,0,0,0,0.025,0,0,0,0,0,0,0,0,0,0,0,0,0,0,0,0,0.025,0,0.025,0,0,0,0,0.9,0,0,0,0,0,0,0,0.025,0,0,0,0,0,0,0,0,0,0
"000132.java",0,0,0,0,0,0,0,0,0.0408163265306122,0,0,0,0,0,0,0,0,0,0,0,0.122448979591837,0,0.0408163265306122,0,0.163265306122449,0,0.346938775510204,0,0,0,0,0.244897959183673,0,0,0,0,0,0.0408163265306122,0,0,0,0,0,0,0,0,0,0,0,0
"000133.java",0,0,0.00114285714285714,0.00114285714285714,0,0,0,0.00571428571428571,0,0,0,0,0,0,0,0,0,0,0,0,0,0,0.00228571428571429,0.00114285714285714,0,0,0,0,0,0,0.00114285714285714,0.986285714285714,0,0,0,0,0,0,0,0,0.00114285714285714,0,0,0,0,0,0,0,0,0
"000134.java",0,0,0,0,0,0,0,0,0,0,0,0,0,0,0,0,0,0,0,0,0,0.00156739811912226,0,0,0,0,0,0,0,0,0,0.993730407523511,0.00313479623824451,0,0,0,0,0,0,0.00156739811912226,0,0,0,0,0,0,0,0,0,0
"000135.java",0,0,0,0,0,0.0062111801242236,0,0,0,0,0,0.0041407867494824,0,0,0,0,0,0,0,0,0,0,0.0020703933747412,0.0434782608695652,0.0020703933747412,0,0.0372670807453416,0,0,0,0,0.89648033126294,0,0,0.0041407867494824,0,0,0,0,0,0,0,0,0,0,0.0041407867494824,0,0,0,0
"000136.java",0,0,0,0,0,0,0,0,0,0,0,0,0,0,0,0.00821917808219178,0,0,0,0,0,0,0,0,0,0,0,0,0,0,0,0.986301369863014,0,0,0,0,0,0,0,0,0,0,0,0,0,0,0,0,0,0.00547945205479452
"000149.java",0,0,0,0,0,0.000155896796320836,0,0,0,0,0.00927585938108972,0,0,0.0605659053706446,0.926806454127368,0.000311793592641671,0,0,0,0,0,0,0.000779483981604178,0,7.79483981604178e-05,0,0,0,0,0,0,0,0,0,0.000155896796320836,0.00140307116688752,0,0,7.79483981604178e-05,0,0,0,0,7.79483981604178e-05,0,0,0,7.79483981604178e-05,0.000233845194481253,0
"000150.java",0,0,0,0,0,0,0.0220588235294118,0,0,0,0,0,0,0,0,0.620098039215686,0,0.166666666666667,0,0.00245098039215686,0,0,0,0,0,0,0,0,0,0,0,0,0,0,0,0,0,0,0,0,0,0,0,0.188725490196078,0,0,0,0,0,0
"000152.java",0,0,0,0,0.00223214285714286,0,0,0,0,0,0,0,0,0.00111607142857143,0,0,0,0,0,0,0.612723214285714,0,0,0,0,0,0,0,0.00223214285714286,0,0,0,0,0,0,0,0,0,0,0,0,0,0,0.380580357142857,0,0,0,0.00111607142857143,0,0
"000155.java",0.444444444444444,0,0,0,0,0,0,0,0,0,0,0,0,0.192982456140351,0,0,0,0.102923976608187,0,0,0,0,0,0.00467836257309942,0,0.0198830409356725,0,0,0,0,0,0,0.00116959064327485,0,0,0,0,0.0654970760233918,0,0,0,0,0,0.168421052631579,0,0,0,0,0,0
"000159.java",0,0.0285551113649343,0,0,0.000571102227298686,0,0.000571102227298686,0,0,0,0,0,0,0.339805825242718,0,0,0,0,0,0,0,0,0,0,0,0,0,0,0.000571102227298686,0,0,0,0,0,0,0.629925756710451,0,0,0,0,0,0,0,0,0,0,0,0,0,0
"000160.java",0,0,0,0,0,0,0,0,0,0.000734214390602056,0,0,0,0.0807635829662261,0,0,0,0.00220264317180617,0,0,0,0,0,0,0,0,0.916299559471366,0,0,0,0,0,0,0,0,0,0,0,0,0,0,0,0,0,0,0,0,0,0,0
"000161.java",0,0,0,0,0.0106382978723404,0,0.00354609929078014,0,0,0,0,0,0,0.0851063829787234,0,0,0,0.539007092198582,0,0,0,0,0,0,0.00354609929078014,0,0.00709219858156028,0,0,0,0,0,0,0,0,0,0,0.00354609929078014,0,0,0,0,0,0.347517730496454,0,0,0,0,0,0
"000162.java",0,0,0,0,0.00389105058365759,0.301556420233463,0,0,0,0,0,0,0,0.132295719844358,0.0505836575875486,0,0.066147859922179,0.429961089494163,0,0,0,0.00194552529182879,0,0,0,0,0.00583657587548638,0,0,0,0,0,0,0,0,0,0,0,0.00194552529182879,0,0,0,0,0.00583657587548638,0,0,0,0,0,0
"000163.java",0,0,0,0,0,0,0,0.356451612903226,0,0,0.00483870967741936,0.00161290322580645,0,0.198387096774194,0.00161290322580645,0,0,0.224193548387097,0.067741935483871,0,0,0,0,0,0,0,0,0,0,0,0,0,0,0,0,0,0,0.00161290322580645,0,0,0.0032258064516129,0,0,0.0709677419354839,0,0.00483870967741936,0,0,0,0.0645161290322581
"000164.java",0,0,0.000996346728661574,0,0,0,0.00631019594818997,0.00066423115244105,0.00066423115244105,0,0,0,0,0.279973430753902,0.0292261707074062,0,0.000332115576220525,0,0.537030886748588,0,0,0.00066423115244105,0,0,0,0,0,0,0.0654267685154434,0,0,0,0.00199269345732315,0,0,0,0,0,0,0,0.00066423115244105,0.000332115576220525,0.000332115576220525,0.0727333111922949,0,0,0,0,0,0.0026569246097642
"000165.java",0,0.00108342361863489,0.00325027085590466,0,0,0,0.278439869989166,0,0,0,0,0.149512459371614,0,0.307692307692308,0,0,0,0.138678223185265,0,0,0,0,0,0,0,0,0.00108342361863489,0.00108342361863489,0,0,0,0,0,0,0.0119176598049837,0.106175514626219,0,0,0,0,0.00108342361863489,0,0,0,0,0,0,0,0,0
"000170.java",0,0,0.0614692653673163,0,0,0,0,0.00149925037481259,0,0,0,0,0,0,0.00599700149925037,0.286356821589205,0,0.466266866566717,0,0,0,0,0,0.00149925037481259,0,0.00149925037481259,0,0,0,0,0,0,0.00149925037481259,0,0,0,0,0,0,0,0.0299850074962519,0.00149925037481259,0,0.140929535232384,0,0.00149925037481259,0,0,0,0
"000171.java",0.000848176420695505,0,0,0,0,0,0.00169635284139101,0,0,0,0,0.000848176420695505,0,0.199321458863444,0,0,0,0.0432569974554707,0.000848176420695505,0,0,0,0,0.0161153519932146,0,0,0,0,0.00254452926208651,0,0,0,0,0,0,0.00593723494486853,0,0,0,0,0.0161153519932146,0.000848176420695505,0,0.102629346904156,0.000848176420695505,0.594571670907549,0,0,0.0135708227311281,0
"000172.java",0,0,0,0,0.0001790670606142,0,0.0005372011818426,8.95335303071e-05,0,0,0,0,8.95335303071e-05,0.170919509356254,0,0,0.0003581341212284,0,0,0,0,0,0,0.701584743486436,0,0,0,0,0,0,0,0.0004476676515355,0,0,0,0,0,0,0,0,0,0,0,0.125257408899633,0,0.0005372011818426,0,0,0,0
"000173.java",0,0.893862563385207,0,0,0.000524567232033572,0.000174855744011191,0,0,0,0,0.000174855744011191,0,0,0.094422101766043,0,0,0.00874278720055954,0,0.000524567232033572,0,0,0,0,0,0,0,0,0,0,0,0,0,0,0,0,0.000174855744011191,0,0,0,0,0,0,0,0,0.000174855744011191,0,0,0,0.00122399020807834,0
"000174.java",0.00115606936416185,0,0,0,0.00578034682080925,0,0,0,0,0,0,0,0,0.28092485549133,0,0,0,0.261271676300578,0,0,0,0.235838150289017,0,0,0,0.00115606936416185,0,0.0786127167630058,0,0.0023121387283237,0,0,0,0,0,0,0,0,0,0,0,0,0,0.132947976878613,0,0,0,0,0,0
"000175.java",0,0,0,0,0,0,0,0,0,0.00770218228498074,0.00128369704749679,0,0,0.282413350449294,0,0,0,0.0237483953786906,0,0,0,0,0,0,0,0,0,0,0,0.598202824133504,0.000641848523748395,0,0.00192554557124519,0,0.00256739409499358,0,0,0,0,0,0,0,0,0.0815147625160462,0,0,0,0,0,0
"000176.java",0,0.0729166666666667,0,0,0,0,0,0,0,0,0,0,0,0,0,0.0479166666666667,0,0.7125,0,0,0,0,0,0.0833333333333333,0,0,0,0,0,0,0,0,0,0,0,0,0,0.0833333333333333,0,0,0,0,0,0,0,0,0,0,0,0
"000177.java",0,0.0459016393442623,0,0,0,0,0,0,0,0,0.00327868852459016,0,0,0,0,0,0,0.714754098360656,0,0,0.00655737704918033,0,0,0,0,0,0,0,0,0.00327868852459016,0,0,0.140983606557377,0.00655737704918033,0,0,0,0.0754098360655738,0,0,0,0,0,0.00327868852459016,0,0,0,0,0,0
"000178.java",0,0,0,0,0,0,0,0,0,0,0.0210084033613445,0,0,0,0.092436974789916,0,0,0.495798319327731,0.0504201680672269,0,0.0126050420168067,0.0126050420168067,0,0,0,0,0,0,0.00420168067226891,0.00840336134453781,0,0,0,0,0,0,0,0,0,0,0,0,0,0.0126050420168067,0,0.130252100840336,0.00420168067226891,0,0,0.15546218487395
"000179.java",0,0,0.00296296296296296,0,0,0.00148148148148148,0,0,0,0,0,0,0,0.142222222222222,0,0,0,0,0,0,0,0,0,0.186666666666667,0,0,0,0,0,0,0,0,0,0,0,0.268148148148148,0,0,0,0,0,0,0,0.398518518518518,0,0,0,0,0,0
"000183.java",0,0,0,0.000707714083510262,0,0,0,0.000707714083510262,0,0,0,0,0,0.292993630573248,0.00212314225053079,0,0,0.000353857041755131,0,0,0,0.000353857041755131,0,0,0,0,0.000707714083510262,0,0,0.000353857041755131,0,0,0.700990799716914,0,0,0,0,0.000353857041755131,0,0,0,0,0,0,0,0,0,0,0,0.000353857041755131
"000185.java",0,0,0,0,0.000170212765957447,0,0,0,0,0.000340425531914894,0,0,0,0.140255319148936,0.000170212765957447,0,0,0,0,0,0,0,0.000170212765957447,0,0,0,0,0,0,0,0,0,0.000340425531914894,0,0.000680851063829787,0,0,0.85736170212766,0,0,0,0,0,0.000340425531914894,0.000170212765957447,0,0,0,0,0
"000187.java",0,0,0,0,0,0.00808625336927224,0,0.0134770889487871,0,0,0.00269541778975741,0,0,0.202156334231806,0,0,0,0.493261455525606,0,0,0,0,0.00269541778975741,0.00269541778975741,0,0,0,0,0,0,0,0.00539083557951483,0.258760107816712,0,0,0,0,0,0,0,0,0,0,0,0,0,0,0,0,0.0107816711590297
"000188.java",0,0,0.0034965034965035,0,0,0,0,0,0,0,0,0,0,0.263986013986014,0,0,0,0.347902097902098,0,0,0,0.00174825174825175,0,0,0,0,0.00174825174825175,0,0,0,0,0,0,0,0,0,0,0.0174825174825175,0,0,0,0,0,0.0367132867132867,0,0.325174825174825,0,0,0.00174825174825175,0
"000189.java",0,0,0.000710732054015636,0,0,0.452025586353945,0.00142146410803127,0,0.000710732054015636,0,0,0,0,0.532338308457711,0,0,0,0.00923951670220327,0,0,0,0,0,0,0,0,0,0,0,0,0,0,0,0,0,0,0,0.00142146410803127,0,0.00142146410803127,0.000710732054015636,0,0,0,0,0,0,0,0,0
"000190.java",0,0,0,0,0,0,0,0.0524475524475524,0,0,0,0,0,0,0,0.0559440559440559,0.0034965034965035,0.636363636363636,0.213286713286713,0,0,0,0.0314685314685315,0,0,0,0,0,0,0,0,0,0,0,0,0,0,0.00699300699300699,0,0,0,0,0,0,0,0,0,0,0,0
"000191.java",0,0.00343053173241852,0,0,0,0,0,0,0,0,0,0,0,0,0.00343053173241852,0,0,0,0.00343053173241852,0,0,0,0,0,0,0.885077186963979,0,0,0,0,0,0,0,0,0,0,0,0,0.00343053173241852,0,0,0,0,0.00171526586620926,0,0,0,0.0343053173241852,0.065180102915952,0
"000193.java",0,0,0,0,0,0,0,0.000317863954227591,0,0,0.000317863954227591,0,0,0.144945963127781,0,0,0,0.000635727908455181,0,0,0,0,0.820089001907184,0,0,0,0,0,0,0,0,0,0,0,0,0,0,0,0,0,0.000635727908455181,0,0,0.0330578512396694,0,0,0,0,0,0
"000194.java",0,0.00154320987654321,0.00154320987654321,0,0.00462962962962963,0,0,0.0277777777777778,0.0262345679012346,0,0,0,0,0.271604938271605,0,0,0,0.0756172839506173,0.251543209876543,0,0,0.0246913580246914,0.0169753086419753,0,0,0.0200617283950617,0.194444444444444,0,0,0,0,0,0.0787037037037037,0,0,0,0,0.00154320987654321,0,0.00154320987654321,0,0,0,0.00154320987654321,0,0,0,0,0,0
"000195.java",0,0,0,0,0,0,0,0,0,0,0,0,0,0.313886606409203,0,0,0.0493015612161052,0.0682004930156122,0,0,0,0.33278553820871,0.0336894001643385,0,0,0,0,0,0,0,0,0,0,0,0,0,0,0,0,0,0,0,0,0.201314708299096,0.000821692686935086,0,0,0,0,0
"000196.java",0,0,0,0,0,0,0,0,0.00987248046071575,0,0,0,0,0.32496914849856,0,0,0,0,0,0,0,0.510078157136981,0,0,0,0,0,0,0,0,0,0,0,0,0,0,0.000822706705059646,0,0,0,0,0,0.00617030028794735,0.0053475935828877,0,0,0,0.142739613327849,0,0
"000197.java",0,0,0,0.000664010624169987,0.000664010624169987,0,0.00265604249667995,0.662018592297477,0,0,0.00132802124833997,0,0,0.232403718459495,0,0,0.00132802124833997,0.0776892430278884,0,0,0,0,0,0,0,0,0,0,0,0,0.000664010624169987,0,0,0,0.000664010624169987,0,0,0.000664010624169987,0,0,0,0,0,0,0,0,0,0,0.0192563081009296,0
"000198.java",0,0.0165562913907285,0,0,0,0,0,0,0,0,0,0,0,0.518211920529801,0,0,0.0463576158940397,0,0,0,0,0,0,0,0,0,0,0,0,0,0,0,0,0.00165562913907285,0,0,0,0,0,0,0,0,0,0,0.417218543046358,0,0,0,0,0
"000199.java",0,0,0,0,0,0,0,0,0,0,0,0,0,0.27734375,0.20703125,0,0,0.23828125,0,0,0,0.05859375,0,0.037109375,0,0,0,0,0,0,0,0,0,0,0,0,0.001953125,0,0,0,0,0,0,0,0.001953125,0,0.177734375,0,0,0
"000200.java",0,0,0,0,0,0,0,0,0,0,0,0,0,0,0.0804597701149425,0,0,0.613026819923372,0.0613026819923372,0.00383141762452107,0,0,0.218390804597701,0,0,0,0,0,0,0,0,0,0.00766283524904215,0.00383141762452107,0,0,0,0,0,0,0,0,0,0.0114942528735632,0,0,0,0,0,0
"000201.java",0,0,0,0,0,0,0.000314070351758794,0,0.84893216080402,0,0,0,0,0.14572864321608,0.00219849246231156,0,0,0.00157035175879397,0,0,0,0,0,0,0,0,0,0,0,0.00125628140703518,0,0,0,0,0,0,0,0,0,0,0,0,0,0,0,0,0,0,0,0
"000202.java",0,0,0,0,0,0,0,0,0.075187969924812,0,0,0,0,0.0075187969924812,0,0,0,0.62406015037594,0,0,0,0,0,0,0,0,0,0,0,0,0,0,0,0,0,0,0,0,0,0,0,0,0.0150375939849624,0,0,0,0,0.278195488721804,0,0
"000225.java",0,0,0.00268456375838926,0,0,0,0.111409395973154,0,0,0,0,0,0,0.166442953020134,0,0,0,0.190604026845638,0,0.153020134228188,0.174496644295302,0,0,0.193288590604027,0,0,0,0,0,0,0,0,0,0,0,0,0.00134228187919463,0.00134228187919463,0,0,0,0,0.00134228187919463,0.00134228187919463,0,0,0,0,0.00268456375838926,0
"000226.java",0,0,0,0,0,0,0,0.0128205128205128,0.0128205128205128,0,0,0,0,0,0,0,0.00854700854700855,0.594017094017094,0,0,0.0811965811965812,0,0,0,0,0.205128205128205,0,0,0,0.00427350427350427,0,0.0811965811965812,0,0,0,0,0,0,0,0,0,0,0,0,0,0,0,0,0,0
"000228.java",0,0.00689655172413793,0,0,0,0,0.0344827586206897,0,0,0,0,0,0,0.137931034482759,0,0,0,0,0,0,0.110344827586207,0.00689655172413793,0,0,0,0.103448275862069,0.275862068965517,0,0,0,0,0,0,0,0,0,0,0.00689655172413793,0,0.296551724137931,0,0,0,0,0,0,0.0137931034482759,0,0.00689655172413793,0
"000232.java",0,0,0,0,0,0.000951474785918173,0,0,0,0,0,0,0,0.0152235965746908,0,0,0,0,0,0.486203615604187,0.17697431018078,0,0,0.000951474785918173,0,0,0,0,0,0,0,0,0,0,0,0,0,0,0,0,0,0,0,0.318744053282588,0,0,0.000951474785918173,0,0,0
"000234.java",0,0,0,0,0,0,0,0.000648508430609598,0,0,0,0,0,0.0622568093385214,0,0,0,0,0,0.749027237354086,0.0849546044098573,0.000648508430609598,0,0,0,0,0,0,0,0,0,0,0,0,0,0,0,0,0.000648508430609598,0,0,0,0,0.101815823605707,0,0,0,0,0,0
"000236.java",0,0,0,0,0,0.00687285223367698,0,0,0.00343642611683849,0,0,0.00343642611683849,0,0.0756013745704467,0,0,0,0,0,0.336769759450172,0.54639175257732,0,0,0,0.00343642611683849,0,0,0,0,0.00343642611683849,0,0.00343642611683849,0,0,0.0103092783505155,0,0,0,0,0,0,0,0,0,0,0,0,0,0,0.00687285223367698
"000237.java",0.00216450216450216,0,0,0,0,0,0,0,0,0,0,0,0,0.051948051948052,0,0,0,0,0,0,0.621212121212121,0,0.0238095238095238,0,0,0.00216450216450216,0,0,0,0,0.00216450216450216,0,0,0,0,0,0,0,0.00432900432900433,0,0,0,0.00216450216450216,0.281385281385281,0.00649350649350649,0,0,0,0,0.00216450216450216
"000247.java",0,0,0,0.759332023575639,0,0,0,0,0,0,0,0,0,0.150294695481336,0,0,0,0.00491159135559921,0,0,0,0,0,0,0,0,0,0,0,0,0,0,0,0,0,0.000982318271119843,0,0,0,0,0.000982318271119843,0,0,0.0825147347740668,0.000982318271119843,0,0,0,0,0
"000248.java",0,0,0,0,0,0.00236406619385343,0,0,0,0,0.00236406619385343,0,0,0,0.0118203309692671,0.00236406619385343,0,0.41371158392435,0.00236406619385343,0.309692671394799,0.0567375886524823,0,0,0,0,0,0.00236406619385343,0,0,0.00945626477541371,0,0.016548463356974,0,0.00236406619385343,0.00945626477541371,0,0,0,0,0,0,0,0,0.15839243498818,0,0,0,0,0,0
"000286.java",0,0,0,0,0,0,0,0,0,0,0.00173913043478261,0.594782608695652,0,0.0539130434782609,0.00869565217391304,0,0,0,0.00173913043478261,0,0.212173913043478,0,0,0.00347826086956522,0,0,0,0,0,0,0,0.00173913043478261,0,0,0,0,0,0.00173913043478261,0,0,0,0,0,0.12,0,0,0,0,0,0
"000287.java",0,0,0,0,0,0,0,0,0,0,0.00775193798449612,0.193798449612403,0,0,0,0,0,0,0,0,0.782945736434108,0,0,0,0,0.00775193798449612,0,0,0,0,0,0,0,0,0,0,0,0,0,0,0,0,0,0.00775193798449612,0,0,0,0,0,0
"000288.java",0,0.00813008130081301,0,0,0,0,0,0,0,0,0.032520325203252,0.146341463414634,0,0,0,0,0,0,0,0,0.804878048780488,0.00813008130081301,0,0,0,0,0,0,0,0,0,0,0,0,0,0,0,0,0,0,0,0,0,0,0,0,0,0,0,0
"000289.java",0,0.00245098039215686,0,0,0.00490196078431373,0,0,0,0,0,0,0.00980392156862745,0,0.0955882352941176,0.00245098039215686,0,0,0,0.00245098039215686,0.0147058823529412,0.561274509803922,0,0,0,0,0,0,0,0,0,0,0,0,0,0,0,0,0.0343137254901961,0,0,0,0,0,0.272058823529412,0,0,0,0,0,0
"000290.java",0,0,0,0,0.0091324200913242,0,0.0045662100456621,0,0,0,0,0,0,0,0,0,0,0,0,0.0045662100456621,0.908675799086758,0,0.0045662100456621,0.0045662100456621,0,0,0,0,0,0,0,0,0,0,0.0091324200913242,0,0,0,0,0,0,0,0,0.045662100456621,0,0,0,0,0.0045662100456621,0.0045662100456621
"000291.java",0,0,0,0,0,0,0,0,0.0075187969924812,0,0.0150375939849624,0.0075187969924812,0,0,0,0,0,0.195488721804511,0,0.142857142857143,0.443609022556391,0,0,0,0,0,0,0,0,0,0,0,0,0,0,0.0075187969924812,0,0,0,0,0,0,0,0.172932330827068,0,0,0,0.0075187969924812,0,0
"000292.java",0,0,0,0,0,0,0,0,0,0,0,0,0,0.187755102040816,0,0,0,0.106122448979592,0,0.0571428571428571,0.546938775510204,0,0,0,0,0,0,0,0,0,0,0,0,0,0,0,0.102040816326531,0,0,0,0,0,0,0,0,0,0,0,0,0
"000293.java",0,0,0,0.0215827338129496,0,0,0,0,0,0,0,0,0,0.143884892086331,0,0,0.00719424460431655,0,0,0.0431654676258993,0.683453237410072,0,0,0,0,0,0,0,0,0,0,0.0143884892086331,0,0,0,0,0,0,0,0,0,0,0,0.0647482014388489,0,0,0,0,0.0215827338129496,0
"000294.java",0,0.000572191493419798,0,0,0,0,0,0,0,0,0.00362387945832539,0.000953652489032996,0.000190730497806599,0.252527179095937,0,0,0.00171657448025939,0.000381460995613199,0,0.000572191493419798,0.000381460995613199,0.0173564753004005,0,0,0,0,0,0,0,0,0,0,0.000190730497806599,0.000953652489032996,0,0,0,0.0011443829868396,0,0,0,0,0.00228876597367919,0.0236505817280183,0,0,0,0.693496090024795,0,0
"000295.java",0,0,0,0,0,0,0,0,0,0.001,0,0,0,0.254,0,0,0,0.015,0.001,0,0.006,0,0,0,0,0,0,0,0.001,0,0,0,0,0,0.059,0,0,0,0,0,0,0,0,0.001,0,0,0,0.662,0,0
"000300.java",0,0.000296912114014252,0,0,0,0,0,0,0,0,0.00178147268408551,0,0,0.234560570071259,0,0,0,0,0,0,0,0,0,0,0,0,0,0,0,0,0,0.000296912114014252,0,0,0,0,0.000890736342042755,0,0,0,0,0,0.755938242280285,0.00296912114014252,0,0,0,0.00267220902612827,0.000593824228028504,0
"000305.java",0,0.000328191663931736,0,0,0,0.00328191663931736,0,0,0,0,0,0,0,0.111913357400722,0,0,0,0.0308500164095832,0,0,0.00164095831965868,0,0.00328191663931736,0,0,0.00328191663931736,0.0206760748276994,0,0,0,0.000984574991795208,0,0.000656383327863472,0,0,0,0,0,0.794880210042665,0,0,0,0,0.0160813915326551,0,0,0,0,0.00295372497538563,0.00918936659008861
"000306.java",0,0,0.0100502512562814,0,0,0,0,0,0.0050251256281407,0,0,0,0,0,0,0,0,0.0201005025125628,0,0,0,0,0,0,0,0,0,0,0,0,0,0.653266331658292,0,0,0,0,0,0,0,0,0,0,0,0.0050251256281407,0.301507537688442,0,0,0.0050251256281407,0,0
"000364.java",0.0454545454545455,0.0151515151515152,0,0.0151515151515152,0,0,0,0,0,0,0,0,0,0,0.0151515151515152,0,0,0,0,0,0.136363636363636,0,0,0,0,0,0.227272727272727,0,0,0,0,0.515151515151515,0,0.0151515151515152,0,0,0,0,0,0,0,0,0,0.0151515151515152,0,0,0,0,0,0
"000367.java",0,0,0,0,0,0,0,0,0.000569476082004556,0,0,0,0,0.2249430523918,0,0,0,0.000569476082004556,0,0,0,0,0,0.739179954441913,0.000569476082004556,0.00113895216400911,0,0,0,0,0,0,0,0,0,0.0318906605922551,0,0,0,0,0,0,0,0,0,0,0,0,0.00113895216400911,0
"000377.java",0,0,0,0,0,0.212121212121212,0,0,0,0,0,0,0,0.0101010101010101,0,0,0,0.151515151515152,0,0,0,0,0,0,0,0,0.0202020202020202,0,0,0,0,0.303030303030303,0,0,0,0,0,0,0.303030303030303,0,0,0,0,0,0,0,0,0,0,0
"000379.java",0,0,0,0,0,0,0,0,0,0,0,0,0,0,0,0,0,0.262295081967213,0,0,0.0273224043715847,0.0109289617486339,0,0,0,0,0,0,0,0,0,0.508196721311475,0,0,0,0,0,0,0,0.191256830601093,0,0,0,0,0,0,0,0,0,0
"000463.java",0,0,0,0,0,0,0,0.00065359477124183,0,0,0,0,0.665359477124183,0.042483660130719,0.00065359477124183,0,0,0,0,0,0.128104575163399,0,0,0,0,0,0,0,0,0.00065359477124183,0,0,0,0,0,0,0,0,0,0,0,0,0,0.162091503267974,0,0,0,0,0,0
"000481.java",0.0215827338129496,0,0,0,0,0,0,0,0,0,0,0,0.0431654676258993,0.00719424460431655,0,0,0,0.345323741007194,0,0,0.18705035971223,0,0,0,0,0.0863309352517986,0,0,0.00719424460431655,0,0,0,0,0,0,0,0,0.00719424460431655,0,0.294964028776978,0,0,0,0,0,0,0,0,0,0
"000482.java",0,0,0,0,0,0,0,0,0,0,0,0,0.0110192837465565,0,0,0,0,0.0771349862258953,0.00275482093663912,0,0,0,0,0,0,0,0.564738292011019,0,0,0,0,0,0.0165289256198347,0,0,0,0,0.0192837465564738,0,0.234159779614325,0,0,0,0,0,0,0,0.0606060606060606,0.00275482093663912,0.0110192837465565
"000488.java",0,0,0,0,0,0,0.670558958652374,0.000191424196018377,0,0,0,0,0.000191424196018377,0.244448698315467,0.00287136294027565,0,0,0,0.000191424196018377,0,0.000765696784073507,0,0,0,0,0,0,0,0,0,0,0,0,0,0,0,0,0,0,0,0,0,0,0.0805895865237366,0,0,0,0,0.000191424196018377,0
"000489.java",0,0,0,0,0,0,0,0,0,0,0,0,0,0,0,0,0,0,0,0,0.305555555555556,0,0,0,0,0.0277777777777778,0.111111111111111,0,0,0,0,0.111111111111111,0,0,0,0,0,0,0,0,0,0.444444444444444,0,0,0,0,0,0,0,0
"000490.java",0,0,0,0,0,0,0,0,0,0,0,0,0,0.295896328293737,0,0,0,0.11231101511879,0,0,0,0,0,0,0,0,0,0.442764578833693,0,0,0,0.00215982721382289,0,0.00215982721382289,0,0,0,0,0,0,0,0,0.00431965442764579,0.140388768898488,0,0,0,0,0,0
"000491.java",0,0,0,0,0,0,0,0,0.00218818380743982,0,0,0,0,0.157549234135667,0,0,0,0,0,0.0131291028446389,0.0722100656455142,0.0196936542669584,0,0,0,0,0.490153172866521,0,0,0,0,0.074398249452954,0,0,0,0,0,0.00218818380743982,0,0,0,0,0,0.157549234135667,0.00218818380743982,0,0,0,0,0.0087527352297593
