"V1","V2","V3","V4","V5","V6","V7","V8","V9","V10","V11","V12","V13","V14","V15","V16","V17","V18","V19","V20","V21","V22","V23","V24","V25","V26","V27","V28","V29","V30","V31","V32","V33","V34","V35","V36","V37","V38","V39","V40","V41","V42","V43","V44","V45","V46","V47","V48","V49","V50"
"000001.java",0,0.0087527352297593,0.0196936542669584,0,0.0087527352297593,0,0,0,0.527352297592998,0,0,0,0,0,0.00218818380743982,0,0,0,0.00437636761487965,0,0,0,0,0,0,0.301969365426696,0,0,0,0.0481400437636762,0,0.00218818380743982,0,0.00218818380743982,0,0,0,0,0,0,0,0,0,0,0,0,0.0678336980306346,0,0,0.00656455142231947
"000002.java",0,0,0,0.0318627450980392,0,0,0,0,0,0,0,0.00857843137254902,0,0,0,0,0,0,0.00122549019607843,0,0.00122549019607843,0,0,0,0,0.149509803921569,0,0.762254901960784,0,0.017156862745098,0,0,0,0,0,0,0,0,0,0.0134803921568627,0,0,0.00122549019607843,0,0,0,0.00857843137254902,0,0.00490196078431373,0
"000003.java",0.00791407574901074,0.00113058224985868,0,0,0,0,0,0,0.775579423403053,0,0,0,0,0,0,0,0,0,0,0,0,0.00226116449971735,0,0,0,0.073487846240814,0,0.0209157716223855,0,0.0994912379875636,0.000565291124929339,0,0,0.00565291124929339,0,0,0,0,0.000565291124929339,0,0.00904465799886942,0,0,0.00113058224985868,0,0,0.00226116449971735,0,0,0
"000004.java",0,0.00662251655629139,0,0,0.0033112582781457,0,0,0,0,0,0,0,0,0,0,0,0.00993377483443709,0,0.0033112582781457,0,0.00993377483443709,0,0,0,0.0629139072847682,0.513245033112583,0,0,0,0.172185430463576,0,0.152317880794702,0.0033112582781457,0,0,0,0,0,0,0,0,0,0.0033112582781457,0.0529801324503311,0,0,0,0,0.00662251655629139,0
"000005.java",0,0,0,0,0,0.00440528634361234,0,0,0,0,0,0,0,0.0176211453744493,0.475770925110132,0,0,0,0,0.0176211453744493,0,0,0,0,0.00440528634361234,0.167400881057269,0,0,0,0,0,0,0,0.0176211453744493,0,0,0,0,0.00881057268722467,0,0,0.229074889867841,0.0572687224669604,0,0,0,0,0,0,0
"000006.java",0,0,0.0161943319838057,0,0,0,0,0,0,0,0,0.00809716599190283,0,0.00404858299595142,0.00404858299595142,0,0.0890688259109312,0,0,0,0,0,0,0,0,0.619433198380567,0.153846153846154,0,0,0.00404858299595142,0,0.00809716599190283,0,0.00404858299595142,0.0121457489878543,0,0,0,0,0.0688259109311741,0,0,0.00404858299595142,0,0,0,0,0,0.00404858299595142,0
"000019.java",0,0,0,0.00495049504950495,0,0,0,0,0,0,0,0,0,0,0,0,0.0297029702970297,0,0,0,0,0,0,0,0,0.252475247524752,0,0,0,0,0,0,0,0,0,0,0,0,0,0,0,0.707920792079208,0,0,0,0.00495049504950495,0,0,0,0
"000020.java",0,0,0,0.00666666666666667,0,0,0,0.05,0.00333333333333333,0.00333333333333333,0,0,0,0,0,0.01,0,0,0,0,0,0.0266666666666667,0.00333333333333333,0,0.16,0.296666666666667,0,0,0,0,0,0,0,0,0,0,0,0,0,0,0,0.433333333333333,0,0,0.00333333333333333,0,0.00333333333333333,0,0,0
"000021.java",0,0,0,0,0,0,0,0.00975609756097561,0,0,0,0,0,0,0,0,0,0,0,0,0,0,0,0,0,0.131707317073171,0,0,0.00975609756097561,0,0,0.0048780487804878,0,0,0.00975609756097561,0,0,0,0,0,0,0.75609756097561,0.0731707317073171,0,0,0,0,0.0048780487804878,0,0
"000024.java",0,0.00782190132370638,0.00601684717208183,0,0,0,0,0,0,0,0,0.000601684717208183,0,0,0,0,0,0,0,0,0,0,0,0,0,0.131768953068592,0,0.00180505415162455,0,0,0,0,0,0.00240673886883273,0,0,0,0.78158844765343,0,0,0,0.0679903730445247,0,0,0,0,0,0,0,0
"000026.java",0,0,0,0,0,0,0,0,0,0,0,0.00111234705228031,0,0,0,0,0,0,0.017797552836485,0.116796440489433,0,0,0,0,0,0.451612903225806,0,0.0111234705228031,0,0.00222469410456062,0,0.100111234705228,0.00222469410456062,0,0,0,0,0,0.00222469410456062,0,0,0.170189098998888,0.0489432703003337,0.0622914349276974,0,0,0,0.00111234705228031,0.0122358175750834,0
"000027.java",0,0.923913043478261,0,0,0,0,0,0,0,0,0,0,0,0,0,0,0,0,0,0,0,0,0,0,0,0.0197010869565217,0,0,0,0.054008152173913,0,0.000169836956521739,0,0,0,0,0,0.000169836956521739,0,0,0,0.00203804347826087,0,0,0,0,0,0,0,0
"000031.java",0,0,0,0,0,0,0,0.000158252888115208,0,0,0.720841905364773,0,0,0,0,0,0,0,0,0.000158252888115208,0,0,0,0,0,0.0246874505459725,0,0,0,0.253995885424909,0,0,0,0,0,0,0,0,0,0,0,0,0,0,0,0,0,0,0.000158252888115208,0
"000036.java",0,0,0,0,0,0,0,0,0,0.000609384521633151,0,0,0,0,0,0,0,0,0,0,0,0,0,0,0,0,0,0,0,0.00853138330286411,0,0,0,0,0,0,0,0,0,0,0.000609384521633151,0.274832419256551,0.70993296770262,0.000609384521633151,0,0,0,0.00426569165143205,0,0.000609384521633151
"000037.java",0,0,0,0,0,0,0,0,0,0,0,0,0,0,0,0,0,0,0,0,0,0,0,0,0,0.133834586466165,0,0,0,0,0,0,0,0,0,0,0,0,0,0,0,0.273684210526316,0.586466165413534,0,0.00601503759398496,0,0,0,0,0
"000041.java",0,0,0,0,0,0,0,0,0,0.244507042253521,0,0,0,0,0,0,0,0,0.0490140845070423,0,0.000563380281690141,0,0,0,0,0.00169014084507042,0.000563380281690141,0,0.000563380281690141,0.227605633802817,0,0,0,0,0,0,0,0,0,0,0,0.00225352112676056,0,0.473239436619718,0,0,0,0,0,0
"000044.java",0,0,0,0,0,0,0,0,0,0,0,0,0,0,0,0,0,0.12882096069869,0,0.2117903930131,0,0.0262008733624454,0,0,0,0.222707423580786,0.00218340611353712,0,0,0,0,0.0240174672489083,0,0,0.00218340611353712,0,0,0,0,0,0,0.277292576419214,0.091703056768559,0,0,0,0,0.00655021834061135,0.00218340611353712,0.00436681222707424
"000045.java",0.00096665055582407,0,0,0,0,0,0,0,0,0,0,0,0,0,0,0,0.00257773481553085,0.000322216851941357,0,0,0,0,0,0,0,0.0360882874174319,0,0,0,0,0,0,0,0,0,0,0,0,0,0,0,0,0,0,0,0,0,0.960045110359272,0,0
"000046.java",0,0,0,0,0,0,0,0,0,0,0,0,0,0.00543847722637661,0,0,0,0,0,0,0,0,0,0,0,0.0416949920688874,0,0,0,0.000226603217765692,0,0,0,0,0,0.0915476999773397,0,0.000453206435531385,0,0,0,0.0213007024699751,0,0,0,0,0,0.839338318604124,0,0
"000060.java",0,0,0,0,0,0,0,0,0,0,0,0,0,0,0,0.00175901495162709,0,0,0,0,0.000879507475813544,0,0,0,0,0.118733509234828,0,0,0,0,0,0,0,0,0,0,0,0,0,0,0,0,0,0,0,0,0,0,0.877748460861917,0.000879507475813544
"000063.java",0,0.00104602510460251,0,0,0,0,0,0,0,0.148012552301255,0,0.610878661087866,0,0,0,0,0,0,0.00366108786610879,0,0,0,0,0,0,0,0,0,0,0.0230125523012552,0,0.00209205020920502,0,0,0,0,0,0,0,0,0,0.210251046025105,0,0,0.00104602510460251,0,0,0,0,0
"000067.java",0,0,0,0,0,0,0,0,0.000195427008012507,0.000195427008012507,0,0,0.000586281024037522,0,0,0,0.0027359781121751,0,0,0,0,0.00332225913621262,0,0,0,0.0416259527066641,0,0,0.000195427008012507,0.00781708032050029,0,0,0,0,0,0,0,0,0,0,0,0.0324408833300762,0,0,0,0.910689857338284,0.000195427008012507,0,0,0
"000070.java",0,0.00324675324675325,0,0.00162337662337662,0.0113636363636364,0,0,0,0.00811688311688312,0.0616883116883117,0,0,0,0,0,0,0,0,0,0,0,0.0568181818181818,0.00162337662337662,0,0,0,0,0,0.00162337662337662,0.0275974025974026,0,0,0,0,0.237012987012987,0,0,0.00974025974025974,0.00162337662337662,0,0,0.573051948051948,0,0.00324675324675325,0,0,0,0,0,0.00162337662337662
"000077.java",0,0,0,0,0,0,0.00253807106598985,0.00253807106598985,0,0,0,0,0,0,0,0,0,0,0.00761421319796954,0,0,0,0,0.00253807106598985,0,0.101522842639594,0,0.436548223350254,0.0050761421319797,0,0,0,0.0050761421319797,0,0,0,0,0,0.0126903553299492,0,0,0.421319796954315,0,0.00253807106598985,0,0,0,0,0,0
"000082.java",0,0,0,0,0,0,0,0,0,0.105882352941176,0.00588235294117647,0,0,0.0235294117647059,0.188235294117647,0,0,0,0,0,0.129411764705882,0,0,0,0,0.405882352941176,0,0,0,0,0,0,0,0,0,0,0,0,0,0,0,0,0,0.00588235294117647,0.00588235294117647,0,0,0,0.129411764705882,0
"000084.java",0,0,0,0.00452488687782805,0,0.00904977375565611,0,0,0.00452488687782805,0,0,0,0,0,0,0.00452488687782805,0.0452488687782805,0,0,0,0,0,0.0497737556561086,0,0,0.692307692307692,0.0950226244343891,0,0,0.0497737556561086,0,0,0,0,0,0,0,0,0,0,0,0.0316742081447964,0,0,0.00904977375565611,0.00452488687782805,0,0,0,0
"000085.java",0.0245231607629428,0,0,0,0.00544959128065395,0,0,0.0217983651226158,0,0,0,0,0,0,0,0,0,0,0,0,0,0,0,0.00272479564032698,0.223433242506812,0.0381471389645777,0,0,0,0,0,0,0.00272479564032698,0,0,0,0,0,0,0,0,0.681198910081744,0,0,0,0,0,0,0,0
"000096.java",0,0,0,0,0.821129707112971,0,0,0,0,0.0641562064156206,0,0,0,0,0,0,0,0.00174337517433752,0.00174337517433752,0,0,0,0,0,0,0.0693863319386332,0.000348675034867503,0,0,0.00104602510460251,0,0,0,0,0.000348675034867503,0,0,0,0,0,0.000348675034867503,0.0397489539748954,0,0,0,0,0,0,0,0
"000102.java",0.00032441200324412,0,0,0,0.00064882400648824,0,0,0,0,0.0186536901865369,0,0,0,0.00064882400648824,0,0,0.00227088402270884,0,0.637307380373074,0,0,0.00048661800486618,0.00016220600162206,0,0,0.215896188158962,0,0,0,0,0,0,0,0,0.00762368207623682,0,0,0.00016220600162206,0,0,0,0.114679643146796,0,0.00016220600162206,0,0,0.00097323600973236,0,0,0
"000108.java",0,0,0,0,0,0,0,0,0,0,0,0,0,0,0,0.00649350649350649,0,0,0,0,0.0324675324675325,0,0,0,0.025974025974026,0.402597402597403,0,0,0,0,0,0.0844155844155844,0,0,0,0,0,0,0.025974025974026,0,0,0.396103896103896,0,0,0.00649350649350649,0,0,0.00649350649350649,0.012987012987013,0
"000112.java",0.0222222222222222,0,0,0,0,0,0,0,0,0,0,0,0,0,0.333333333333333,0,0,0,0,0.155555555555556,0,0,0,0,0,0.466666666666667,0,0,0.0222222222222222,0,0,0,0,0,0,0,0,0,0,0,0,0,0,0,0,0,0,0,0,0
"000114.java",0,0,0,0,0,0,0,0,0,0.0571120689655172,0,0,0,0,0,0,0.0592672413793103,0.0905172413793103,0.00107758620689655,0.00107758620689655,0,0.0021551724137931,0,0,0,0.0862068965517241,0,0,0,0.00862068965517241,0,0,0.0021551724137931,0.595905172413793,0.0431034482758621,0,0,0,0.00107758620689655,0,0,0.021551724137931,0,0.0269396551724138,0,0,0.00323275862068966,0,0,0
"000118.java",0,0,0,0,0,0,0,0.00238663484486874,0,0,0,0,0,0,0,0.00238663484486874,0,0,0,0,0,0,0,0,0,0.176610978520286,0,0,0,0,0.00238663484486874,0.400954653937947,0,0,0,0,0,0,0,0,0,0.400954653937947,0,0.00477326968973747,0.00954653937947494,0,0,0,0,0
"000119.java",0.0584291187739464,0,0,0,0.00670498084291188,0.00191570881226054,0,0,0,0.148467432950192,0,0,0,0,0,0,0,0,0.000957854406130268,0,0,0.0114942528735632,0,0,0,0,0.505747126436782,0,0.0028735632183908,0,0,0,0,0.00191570881226054,0,0,0,0,0,0,0,0.260536398467433,0,0.000957854406130268,0,0,0,0,0,0
"000121.java",0,0,0,0,0,0,0,0,0,0.053475935828877,0,0,0,0,0,0,0,0,0,0,0,0,0,0,0,0.374331550802139,0,0,0,0,0,0,0,0,0,0,0,0,0,0,0.379679144385027,0,0,0.13903743315508,0.053475935828877,0,0,0,0,0
"000122.java",0,0.00100959111559818,0,0.000504795557799091,0.531044926804644,0,0,0,0.000504795557799091,0.103483089348814,0,0,0,0,0,0,0,0.099444724886421,0,0,0,0.00252397778899546,0,0,0,0.000504795557799091,0,0.00100959111559818,0,0.00151438667339727,0.00555275113579,0,0,0,0,0,0,0,0,0,0.0131246845027764,0.23321554770318,0,0,0,0,0.00656234225138819,0,0,0
"000123.java",0.00288184438040346,0,0,0.00288184438040346,0.0172910662824208,0,0,0,0,0.0259365994236311,0,0,0,0,0,0,0,0,0.0518731988472622,0,0,0,0,0,0,0.400576368876081,0,0,0,0,0,0,0,0,0,0,0.14985590778098,0,0,0,0.227665706051873,0.0634005763688761,0,0.0144092219020173,0.00288184438040346,0.0403458213256484,0,0,0,0
"000124.java",0,0,0.0384875084402431,0,0.00405131667792032,0,0,0,0,0.0979068197164078,0,0,0,0,0,0,0,0,0,0,0,0,0,0,0,0,0,0,0.0195813639432816,0,0,0,0,0.436866981769075,0,0,0,0,0,0,0,0.402430790006752,0,0,0,0,0,0,0.000675219446320054,0
"000125.java",0,0,0,0,0,0.00465116279069767,0,0,0,0.218604651162791,0,0,0,0,0,0,0.00930232558139535,0.12093023255814,0,0.00465116279069767,0,0.12093023255814,0,0,0,0,0,0,0,0,0,0.00465116279069767,0,0.0186046511627907,0,0.013953488372093,0,0.00465116279069767,0,0.00930232558139535,0.00930232558139535,0.46046511627907,0,0,0,0,0,0,0,0
"000126.java",0,0,0,0,0,0,0,0,0,0.0191256830601093,0,0,0,0,0,0,0,0,0,0,0,0,0,0.00546448087431694,0,0,0,0,0,0,0,0.00819672131147541,0,0,0,0,0,0,0,0,0,0,0,0,0.959016393442623,0,0,0,0.00546448087431694,0.00273224043715847
"000127.java",0.00647458724506313,0.00129491744901263,0.00874069278083522,0.00194237617351894,0.000323729362253156,0,0.000323729362253156,0,0,0.0482356749757203,0.000647458724506313,0.000971188086759469,0,0.000647458724506313,0,0,0.00453221107154419,0.0427322758174166,0,0,0,0,0.000323729362253156,0,0,0,0.000647458724506313,0,0.0174813855616704,0.00194237617351894,0,0,0,0.483651667206216,0,0,0,0,0,0,0,0.379087083198446,0,0,0,0,0,0,0,0
"000128.java",0,0,0,0,0,0,0,0,0,0,0,0,0,0,0,0,0,0,0,0,0,0,0,0,0,0,0,0,0,0,0,0,0,0,0,0,0,0,0,0,0,0.345161290322581,0,0,0.654838709677419,0,0,0,0,0
"000130.java",0,0,0,0,0.00904977375565611,0,0,0,0.00452488687782805,0,0,0,0,0,0,0,0,0,0,0,0,0,0,0,0,0.0180995475113122,0,0,0,0,0.00904977375565611,0,0,0,0,0,0,0,0,0,0.00452488687782805,0,0,0.00452488687782805,0.950226244343891,0,0,0,0,0
"000131.java",0,0,0,0,0,0,0,0,0,0,0,0,0,0,0,0,0,0,0,0,0,0,0,0,0,0,0,0,0,0,0,0,0,0,0,0,0,0,0,0,0.025,0.025,0.025,0,0.925,0,0,0,0,0
"000132.java",0,0,0,0,0,0,0,0,0,0,0,0,0,0,0.0204081632653061,0,0,0,0.0204081632653061,0,0,0,0,0,0,0.0204081632653061,0,0,0,0.0612244897959184,0,0,0,0,0,0,0.0204081632653061,0,0,0,0.285714285714286,0,0,0,0.326530612244898,0,0,0,0.244897959183673,0
"000133.java",0,0,0,0,0,0,0,0,0,0,0,0,0,0,0.016,0,0,0,0,0.00114285714285714,0,0,0,0.00114285714285714,0,0,0,0,0,0,0,0,0,0,0,0,0,0,0.00571428571428571,0,0,0,0,0,0.952,0.00114285714285714,0,0,0.0228571428571429,0
"000134.java",0,0,0,0,0,0.00156739811912226,0,0,0,0,0,0,0,0,0,0,0,0,0,0,0.00156739811912226,0,0,0,0,0.0125391849529781,0,0,0,0,0,0,0,0,0,0,0,0,0,0,0,0,0,0,0.984326018808777,0,0,0,0,0
"000135.java",0.0020703933747412,0,0,0,0,0,0,0,0,0,0,0.010351966873706,0,0,0,0,0,0,0,0,0,0,0,0,0,0,0,0,0.0703933747412008,0,0,0,0,0,0,0,0.0165631469979296,0,0,0,0.0289855072463768,0,0,0,0.494824016563147,0.0020703933747412,0,0,0.374741200828157,0
"000136.java",0,0,0,0,0,0,0,0,0,0,0,0,0,0,0,0,0,0.00273972602739726,0,0,0,0,0,0,0,0,0,0,0,0,0.00273972602739726,0,0,0,0,0,0,0.00273972602739726,0,0,0,0,0.00273972602739726,0,0.983561643835616,0,0,0.00547945205479452,0,0
"000149.java",0,0,0,0.676046457245304,0,0,0,0,0,0.177020812222309,0,0,0,0,0,0,0.00109127757424585,0,0,0,0,0.115987216462702,0,0,0,0.0124717437056668,0,0,0,0,0,0.00202665835217086,0,0,7.79483981604178e-05,0,0,0,0,0,0,0.0048328006859459,0,0,0,0,0,0.010445085353496,0,0
"000150.java",0,0,0,0,0,0.00245098039215686,0,0,0,0,0,0,0,0,0,0,0,0,0,0,0,0,0,0,0.558823529411765,0,0,0,0,0,0,0,0,0,0,0,0,0,0,0,0,0.409313725490196,0,0,0,0,0,0,0.0294117647058824,0
"000152.java",0.00111607142857143,0,0,0,0,0,0,0,0,0,0,0,0,0,0,0,0,0,0,0,0,0,0,0,0,0.0446428571428571,0,0,0,0,0.00111607142857143,0,0,0,0.00111607142857143,0,0,0,0,0,0,0.122767857142857,0.00111607142857143,0.828125,0,0,0,0,0,0
"000155.java",0,0.0771929824561404,0,0,0,0,0,0,0,0.0573099415204678,0,0,0,0,0,0,0.00233918128654971,0.0269005847953216,0,0,0,0.0421052631578947,0,0,0,0.0690058479532164,0.319298245614035,0,0.00467836257309942,0.0842105263157895,0,0.00233918128654971,0,0,0,0,0,0,0,0,0,0.23625730994152,0,0,0,0,0,0.00233918128654971,0.0760233918128655,0
"000159.java",0,0,0,0,0,0,0,0,0,0.102227298686465,0,0,0,0.000571102227298686,0,0,0.00285551113649343,0,0,0,0,0.000571102227298686,0,0,0,0.159908623643632,0,0,0,0,0,0,0.00114220445459737,0,0,0,0,0,0,0.732153055396916,0,0.000571102227298686,0,0,0,0,0,0,0,0
"000160.java",0,0,0.000734214390602056,0.00146842878120411,0,0,0.000734214390602056,0,0,0.00734214390602056,0,0,0,0,0,0,0,0,0,0,0,0,0,0,0,0.155653450807636,0,0,0,0,0,0,0,0,0,0,0,0,0,0,0.834067547723935,0,0,0,0,0,0,0,0,0
"000161.java",0,0,0,0,0,0,0,0.0709219858156028,0,0,0,0,0,0,0,0,0,0,0,0,0,0.00354609929078014,0.0141843971631206,0,0,0,0,0,0,0,0.00354609929078014,0.0141843971631206,0.00354609929078014,0,0.00354609929078014,0,0,0,0.00354609929078014,0.00354609929078014,0,0.865248226950355,0,0,0.00709219858156028,0.00354609929078014,0,0.00354609929078014,0,0
"000162.java",0,0,0,0.0136186770428016,0,0,0,0,0.00194552529182879,0.0778210116731518,0,0,0,0.00194552529182879,0,0,0.0233463035019455,0,0,0,0,0,0,0,0,0.398832684824903,0,0,0,0,0,0.00194552529182879,0,0,0,0,0.204280155642023,0,0,0,0,0.247081712062257,0,0,0,0,0.0252918287937743,0,0.00389105058365759,0
"000163.java",0,0,0,0,0,0,0,0,0,0.0112903225806452,0,0,0,0,0,0,0.00806451612903226,0,0.00161290322580645,0,0,0,0,0,0,0.211290322580645,0,0,0,0.0645161290322581,0,0,0,0,0,0,0.00161290322580645,0,0.00645161290322581,0,0,0.25,0,0,0,0,0.445161290322581,0,0,0
"000164.java",0.00232480903354367,0.0102955828628363,0.00066423115244105,0.00199269345732315,0,0,0,0,0.00166057788110262,0.0963135171039522,0,0,0,0,0,0.376619063434075,0,0.00199269345732315,0,0,0,0.0395217535702424,0,0,0.000332115576220525,0.209564928595151,0,0,0,0.15841912985719,0,0,0,0,0.0381932912653603,0.00332115576220525,0,0,0,0,0,0.0587844569910329,0,0,0,0,0,0,0,0
"000165.java",0.00108342361863489,0,0,0.00108342361863489,0,0,0,0,0,0.00650054171180932,0.00108342361863489,0.00325027085590466,0,0,0,0.00108342361863489,0,0,0,0,0,0,0,0,0,0.313109425785482,0,0,0.291440953412784,0.0682556879739978,0,0,0,0,0,0,0,0,0.00108342361863489,0.263271939328277,0,0,0.00216684723726977,0,0,0.00216684723726977,0.0444203683640303,0,0,0
"000170.java",0,0,0.0119940029985007,0,0.00299850074962519,0.00749625187406297,0,0.461769115442279,0,0.00749625187406297,0,0.00149925037481259,0,0,0,0,0,0,0,0,0,0,0,0.00149925037481259,0,0.316341829085457,0,0,0,0.0314842578710645,0,0,0,0,0,0,0,0,0,0,0,0.157421289355322,0,0,0,0,0,0,0,0
"000171.java",0,0.000848176420695505,0.000848176420695505,0,0,0,0,0,0,0,0.00169635284139101,0,0,0,0,0.454622561492791,0,0,0,0,0,0.00339270568278202,0.000848176420695505,0,0,0.255301102629347,0.00169635284139101,0,0.089058524173028,0.0899067005937235,0,0.00169635284139101,0,0,0.000848176420695505,0,0,0.0763358778625954,0,0,0.0169635284139101,0.00593723494486853,0,0,0,0,0,0,0,0
"000172.java",0,0.0001790670606142,0,0,0,0,0,8.95335303071e-05,0,0.116930790581073,0,8.95335303071e-05,0,8.95335303071e-05,0,0,0,0,0,0,0.0001790670606142,8.95335303071e-05,0.569880920404692,0,0,0,0,0,0.0898021308980213,0,0,0,0,0,0,0,0,0,0,0,0,0.222580356343451,0,0,0,0,8.95335303071e-05,0,0,0
"000173.java",0,0,0.927434866235356,0.000174855744011191,0,0,0,0,0,0.00891764294457073,0.000174855744011191,0,0,0,0,0,0,0,0,0,0,0,0,0,0,0.0571778282916594,0,0,0.000699422976044763,0.00314740339220143,0,0,0,0,0,0,0,0,0,0.00139884595208953,0,0,0.000174855744011191,0,0,0,0.000699422976044763,0,0,0
"000174.java",0,0,0,0,0,0,0,0,0,0.038150289017341,0,0,0,0,0,0,0,0.00346820809248555,0.00115606936416185,0.0046242774566474,0,0,0,0,0.0520231213872832,0.236994219653179,0,0,0,0,0,0.0069364161849711,0,0,0.208092485549133,0.0289017341040462,0,0.00346820809248555,0,0.00578034682080925,0,0.405780346820809,0,0,0,0,0,0,0,0.0046242774566474
"000175.java",0,0,0.00192554557124519,0,0,0,0,0,0,0,0,0,0,0,0,0,0,0.000641848523748395,0.00385109114249037,0,0,0,0.000641848523748395,0,0,0.0917843388960205,0,0,0,0,0,0,0,0,0,0,0,0,0,0,0,0.349165596919127,0,0.000641848523748395,0,0,0,0,0,0.551347881899872
"000176.java",0,0,0.0895833333333333,0,0,0,0,0.29375,0,0,0,0,0,0,0,0,0,0.0354166666666667,0,0,0,0,0,0,0,0.329166666666667,0,0,0.05625,0,0,0,0,0,0,0,0,0,0,0,0,0.195833333333333,0,0,0,0,0,0,0,0
"000177.java",0,0,0.00655737704918033,0,0,0,0.00327868852459016,0.173770491803279,0,0.114754098360656,0,0,0,0,0,0,0,0.0950819672131148,0,0,0,0,0,0,0,0.409836065573771,0,0,0,0,0,0.108196721311475,0,0,0,0,0,0,0,0,0,0.0819672131147541,0,0,0,0,0.00655737704918033,0,0,0
"000178.java",0,0,0,0,0,0,0,0.126050420168067,0,0.105042016806723,0,0,0,0.00420168067226891,0,0.100840336134454,0.00420168067226891,0,0,0,0,0,0,0,0,0.26890756302521,0,0,0,0.0882352941176471,0,0.0210084033613445,0,0,0,0,0,0,0,0,0,0.210084033613445,0,0,0,0.00840336134453781,0,0.0630252100840336,0,0
"000179.java",0,0.0311111111111111,0,0,0,0,0,0,0,0,0,0,0,0,0,0,0,0,0,0,0,0.00148148148148148,0,0.00148148148148148,0,0,0,0,0.49037037037037,0.0118518518518519,0,0.00148148148148148,0,0,0,0,0,0,0.00296296296296296,0,0,0.451851851851852,0,0.00592592592592593,0.00148148148148148,0,0,0,0,0
"000183.java",0,0,0,0,0,0,0,0,0,0.0824486907289455,0,0,0,0,0,0,0,0,0,0,0,0,0,0,0,0.115003538570418,0,0,0,0.0127388535031847,0,0.712314225053079,0,0,0.000353857041755131,0,0,0,0.000353857041755131,0,0,0.072894550601557,0.00353857041755131,0,0,0,0.000353857041755131,0,0,0
"000185.java",0,0,0,0.00102127659574468,0.000340425531914894,0,0,0,0,0.00748936170212766,0.000340425531914894,0,0,0.000340425531914894,0,0,0.00136170212765957,0.859404255319149,0,0,0,0,0,0,0,0.0195744680851064,0,0,0,0.00272340425531915,0,0,0,0.000170212765957447,0,0,0,0,0,0,0,0.106893617021277,0.000170212765957447,0,0,0,0.000170212765957447,0,0,0
"000187.java",0,0,0,0,0,0,0,0.132075471698113,0.00269541778975741,0.123989218328841,0,0.00269541778975741,0,0,0,0.00539083557951483,0,0,0,0,0,0.0107816711590297,0,0,0,0.283018867924528,0,0,0,0.00269541778975741,0,0.21832884097035,0,0,0.00269541778975741,0,0,0,0,0.00539083557951483,0,0.207547169811321,0,0,0,0,0,0,0.00269541778975741,0
"000188.java",0.020979020979021,0,0,0,0,0,0,0.325174825174825,0,0,0,0,0,0.00174825174825175,0,0,0,0,0,0,0,0,0,0,0,0.534965034965035,0,0,0,0.00524475524475524,0,0,0,0,0,0,0,0,0,0.0559440559440559,0.00699300699300699,0.048951048951049,0,0,0,0,0,0,0,0
"000189.java",0,0.00213219616204691,0,0,0,0,0,0.00142146410803127,0,0,0,0,0,0,0,0,0,0,0,0,0,0,0,0,0,0.231698649609097,0,0,0,0,0.578535891968728,0,0,0,0,0,0,0,0,0,0,0.185501066098081,0.000710732054015636,0,0,0,0,0,0,0
"000190.java",0,0,0.0034965034965035,0,0,0,0,0.129370629370629,0,0,0.013986013986014,0,0,0,0,0.0699300699300699,0,0.00699300699300699,0,0,0,0.0629370629370629,0,0,0,0.573426573426573,0,0,0,0.13986013986014,0,0,0,0,0,0,0,0,0,0,0,0,0,0,0,0,0,0,0,0
"000191.java",0,0,0,0,0,0,0,0,0,0.0240137221269297,0,0,0.79073756432247,0,0,0,0,0,0,0,0,0,0,0,0,0.178387650085763,0,0,0,0,0,0,0,0,0,0,0,0,0,0,0,0,0,0,0,0,0.00514579759862779,0,0.00171526586620926,0
"000193.java",0,0,0,0,0,0,0,0,0,0.0839160839160839,0,0,0,0,0,0,0.711697393515575,0,0,0,0,0,0,0,0,0.0603941513032422,0,0,0,0.0746980292434838,0,0,0,0,0,0.013986013986014,0,0,0,0,0,0.0553083280356008,0,0,0,0,0,0,0,0
"000194.java",0,0,0.00154320987654321,0,0,0,0,0,0,0.151234567901235,0,0,0,0,0,0.037037037037037,0,0,0,0,0,0,0,0,0,0.266975308641975,0,0,0,0.0354938271604938,0,0.0509259259259259,0,0.0108024691358025,0.0570987654320988,0.00462962962962963,0,0.00154320987654321,0,0,0.165123456790123,0,0,0,0.00308641975308642,0.0185185185185185,0.195987654320988,0,0,0
"000195.java",0,0,0,0.000821692686935086,0.000821692686935086,0,0,0.000821692686935086,0,0.0139687756778965,0,0,0,0.00164338537387017,0.000821692686935086,0,0.0156121610517666,0,0.0427280197206245,0,0,0.0304026294165982,0.000821692686935086,0,0,0.115036976170912,0,0,0.000821692686935086,0,0,0,0,0,0.338537387017256,0.00328677074774034,0,0,0,0,0,0.42481511914544,0.000821692686935086,0.00821692686935086,0,0,0,0,0,0
"000196.java",0,0,0,0,0,0,0,0,0,0.0867955573837927,0,0,0,0.171122994652406,0,0,0,0.00287947346770876,0.000822706705059646,0,0,0,0,0,0,0.0995475113122172,0,0,0,0,0,0,0,0,0.53475935828877,0,0,0,0,0,0,0.104072398190045,0,0,0,0,0,0,0,0
"000197.java",0.000664010624169987,0,0,0.000664010624169987,0.0577689243027888,0,0,0.000664010624169987,0,0.0385126162018592,0,0,0,0.000664010624169987,0,0,0,0,0,0,0,0,0,0,0,0.209163346613546,0,0,0.00132802124833997,0,0,0,0,0,0,0,0,0,0,0,0,0.0371845949535193,0,0.00132802124833997,0.000664010624169987,0,0.651394422310757,0,0,0
"000198.java",0,0,0,0.00165562913907285,0,0,0.124172185430464,0,0,0,0,0,0,0,0,0,0,0,0.0629139072847682,0,0,0,0,0,0,0.663907284768212,0,0,0.0033112582781457,0,0.00165562913907285,0.125827814569536,0,0,0,0,0,0,0,0,0,0.0165562913907285,0,0,0,0,0,0,0,0
"000199.java",0,0,0,0.00390625,0,0,0,0,0,0.369140625,0,0,0,0,0,0,0,0,0,0,0,0.16015625,0.052734375,0.001953125,0,0.2109375,0.001953125,0.00390625,0,0,0,0,0,0,0.078125,0,0,0,0,0,0.009765625,0,0,0,0,0,0,0.107421875,0,0
"000200.java",0,0,0,0,0,0,0,0.229885057471264,0,0.126436781609195,0,0,0,0,0,0,0.195402298850575,0,0,0,0,0.00766283524904215,0,0,0,0.260536398467433,0,0,0,0.0804597701149425,0,0,0,0,0.0191570881226054,0,0,0,0,0,0,0.0804597701149425,0,0,0,0,0,0,0,0
"000201.java",0,0,0,0.00471105527638191,0,0,0,0,0,0.243718592964824,0,0,0,0,0,0,0,0,0,0,0,0,0,0,0,0.0555904522613065,0,0.000628140703517588,0,0.00125628140703518,0,0,0,0,0,0.667713567839196,0.000314070351758794,0,0,0,0,0.0235552763819095,0,0,0,0,0,0.00219849246231156,0,0.000314070351758794
"000202.java",0,0,0,0,0,0,0,0.0150375939849624,0,0,0,0,0,0.293233082706767,0,0,0,0,0,0.0075187969924812,0.0075187969924812,0,0,0,0,0.556390977443609,0,0,0,0,0,0,0,0,0,0.105263157894737,0,0,0,0,0,0,0,0,0,0,0,0,0.0150375939849624,0
"000225.java",0,0,0,0,0,0,0,0.0456375838926174,0,0,0,0,0.00134228187919463,0,0,0,0.0241610738255034,0,0,0,0.00805369127516779,0,0,0.275167785234899,0,0.29261744966443,0,0,0.318120805369128,0,0.0147651006711409,0,0,0,0,0,0,0,0,0.00134228187919463,0.00134228187919463,0,0.00402684563758389,0.0134228187919463,0,0,0,0,0,0
"000226.java",0,0,0,0,0,0.00854700854700855,0,0.0897435897435897,0,0,0,0,0.0213675213675214,0.00427350427350427,0.0128205128205128,0,0,0,0,0.0854700854700855,0,0,0.00427350427350427,0,0,0.538461538461538,0,0,0,0,0,0,0,0,0,0,0,0,0,0,0,0,0,0,0.0854700854700855,0,0,0,0.14957264957265,0
"000228.java",0,0,0,0,0,0,0,0,0,0,0,0,0,0,0.213793103448276,0,0,0,0,0,0.0689655172413793,0,0,0,0,0.16551724137931,0,0,0.00689655172413793,0,0,0,0,0,0,0,0,0,0,0,0.482758620689655,0,0,0,0,0,0,0,0.0620689655172414,0
"000232.java",0,0.000951474785918173,0,0,0,0,0,0,0,0.00666032350142721,0,0,0,0,0,0,0,0,0,0,0.000951474785918173,0.00190294957183635,0,0.739295908658421,0,0,0.00190294957183635,0,0,0,0,0,0,0,0.000951474785918173,0,0,0,0,0,0,0.247383444338725,0,0,0,0,0,0,0,0
"000234.java",0,0.000648508430609598,0,0,0,0,0,0,0,0,0,0,0,0,0.000648508430609598,0,0,0,0.00389105058365759,0,0,0,0,0.841115434500649,0,0,0,0,0,0,0,0,0,0,0,0,0,0,0,0,0,0.153047989623865,0,0,0,0,0,0,0,0.000648508430609598
"000236.java",0,0,0,0,0,0,0,0,0.00343642611683849,0.00343642611683849,0,0,0,0,0.0343642611683849,0,0,0,0,0,0,0,0,0.762886597938144,0,0.123711340206186,0,0,0,0,0.0274914089347079,0,0.00343642611683849,0,0,0,0,0,0,0,0,0,0,0,0.0103092783505155,0.00343642611683849,0,0,0.0274914089347079,0
"000237.java",0,0,0,0,0,0,0,0,0,0,0,0,0,0,0,0,0,0,0,0,0,0,0,0.66017316017316,0,0.0476190476190476,0,0,0,0,0,0.00216450216450216,0,0,0,0,0,0,0,0,0,0.248917748917749,0,0,0,0,0,0,0.0411255411255411,0
"000247.java",0.00196463654223969,0,0,0,0.000982318271119843,0.759332023575639,0,0,0,0.0442043222003929,0,0.00196463654223969,0,0,0,0,0,0,0,0,0,0,0,0,0,0.0471512770137525,0,0,0,0,0,0,0,0,0,0,0,0,0,0,0,0.136542239685658,0,0,0,0.00785854616895874,0,0,0,0
"000248.java",0.00472813238770686,0,0,0,0,0.00236406619385343,0,0,0,0.0591016548463357,0,0,0.00472813238770686,0,0,0,0,0,0,0.302600472813239,0,0.00236406619385343,0,0,0,0.217494089834515,0,0,0,0,0,0,0,0,0.00472813238770686,0,0,0,0,0,0,0.373522458628842,0,0.0236406619385343,0,0,0,0,0,0.00472813238770686
"000286.java",0.0139130434782609,0,0,0.00173913043478261,0,0,0,0,0,0,0,0.12,0.0434782608695652,0,0,0,0.0278260869565217,0,0.00521739130434783,0,0.544347826086957,0.0295652173913043,0,0,0,0.0643478260869565,0,0,0.0278260869565217,0,0,0.00695652173913044,0,0,0,0.00173913043478261,0,0,0,0.00521739130434783,0,0.107826086956522,0,0,0,0,0,0,0,0
"000287.java",0,0,0,0,0,0,0,0,0,0.0232558139534884,0,0,0,0,0,0,0,0,0,0,0.751937984496124,0,0,0,0,0.170542635658915,0,0,0,0,0.00775193798449612,0,0,0,0,0.0155038759689922,0,0,0,0,0,0.0232558139534884,0,0,0.00775193798449612,0,0,0,0,0
"000288.java",0,0,0,0,0,0,0,0,0,0,0,0,0,0,0,0,0,0,0,0,0.715447154471545,0,0,0,0,0.24390243902439,0,0,0,0,0,0,0,0,0,0,0,0,0,0,0,0.040650406504065,0,0,0,0,0,0,0,0
"000289.java",0,0,0,0,0,0,0.0122549019607843,0,0,0,0,0,0,0,0,0,0,0,0.00490196078431373,0,0.468137254901961,0.017156862745098,0,0.0857843137254902,0,0,0,0,0.00245098039215686,0,0,0,0.0122549019607843,0.00245098039215686,0,0,0,0,0,0,0,0.316176470588235,0,0.0490196078431373,0,0,0,0,0.0294117647058824,0
"000290.java",0,0,0,0.0136986301369863,0,0,0,0.0136986301369863,0,0,0,0,0,0,0.0228310502283105,0,0,0,0,0,0.643835616438356,0,0,0,0,0.045662100456621,0,0,0.0182648401826484,0,0,0.0182648401826484,0,0,0,0,0,0,0,0,0,0,0,0.223744292237443,0,0,0,0,0,0
"000291.java",0,0.0075187969924812,0,0.0075187969924812,0,0,0,0,0,0,0,0,0,0,0.0300751879699248,0,0,0,0,0,0.278195488721804,0,0,0.142857142857143,0,0.263157894736842,0,0,0,0,0,0,0,0,0,0,0,0.0075187969924812,0,0,0,0.263157894736842,0,0,0,0,0,0,0,0
"000292.java",0,0,0,0.0408163265306122,0.00408163265306122,0,0,0,0.00408163265306122,0,0,0,0.00408163265306122,0.0612244897959184,0.00816326530612245,0,0,0,0,0,0.36734693877551,0,0,0.0775510204081633,0,0.204081632653061,0,0,0,0,0,0,0,0,0,0,0,0,0,0.00408163265306122,0,0.2,0.00408163265306122,0.00408163265306122,0,0,0,0,0.0122448979591837,0.00408163265306122
"000293.java",0,0,0,0,0,0.0143884892086331,0,0,0,0,0,0,0,0,0.129496402877698,0.0143884892086331,0,0,0,0,0.151079136690647,0,0,0.0863309352517986,0,0.338129496402878,0,0,0,0,0,0,0,0,0,0,0,0,0,0,0,0.266187050359712,0,0,0,0,0,0,0,0
"000294.java",0,0,0,0.000762921991226397,0,0,0,0,0,0.00171657448025939,0,0,0,0.818233835590311,0,0,0.00133511348464619,0,0,0,0,0,0,0,0,0.120160213618158,0,0,0,0,0.000190730497806599,0,0,0,0.0181193972916269,0,0,0,0,0.000190730497806599,0,0.0373831775700935,0,0,0,0,0.00152584398245279,0.000381460995613199,0,0
"000295.java",0,0,0.001,0,0,0,0,0,0,0,0,0,0,0.471,0,0,0,0,0,0.262,0,0,0,0,0,0.258,0,0,0.002,0,0,0,0,0,0,0,0,0,0,0,0.005,0,0,0,0,0.001,0,0,0,0
"000300.java",0,0,0,0,0.000296912114014252,0,0,0,0,0.044833729216152,0,0,0,0.0142517814726841,0,0,0,0,0,0,0,0,0.000296912114014252,0,0,0.0501781472684086,0,0,0,0,0,0,0.810273159144893,0,0,0,0,0,0,0,0,0.0792755344418052,0,0.000296912114014252,0,0.000296912114014252,0,0,0,0
"000305.java",0,0,0,0.000328191663931736,0,0,0,0,0,0.000328191663931736,0,0.000328191663931736,0,0,0.000328191663931736,0,0.0036101083032491,0,0,0,0,0,0.000328191663931736,0,0,0.153265507056121,0,0,0,0.028552674762061,0,0,0,0,0,0,0,0,0.787003610108303,0.00164095831965868,0.0206760748276994,0,0.000656383327863472,0,0,0,0,0,0.00295372497538563,0
"000306.java",0.050251256281407,0,0,0,0.0100502512562814,0,0,0,0,0,0,0,0,0.0150753768844221,0.35678391959799,0,0,0,0,0,0,0,0,0,0.0050251256281407,0.0301507537688442,0,0,0,0,0,0,0,0,0,0,0,0,0,0,0,0,0,0,0.527638190954774,0,0,0,0,0.0050251256281407
"000364.java",0,0,0,0.0151515151515152,0,0,0,0,0,0,0,0,0,0.0151515151515152,0.0909090909090909,0,0,0.0151515151515152,0,0,0,0,0,0,0,0,0,0.0151515151515152,0,0,0,0,0,0,0,0,0,0,0.0757575757575758,0,0.151515151515152,0,0,0.0757575757575758,0.515151515151515,0.0303030303030303,0,0,0,0
"000367.java",0.000569476082004556,0,0,0,0.000569476082004556,0,0,0,0,0,0,0,0,0,0,0,0,0,0,0,0,0,0,0,0,0.125284738041002,0.00113895216400911,0,0.771640091116173,0,0,0,0,0,0,0,0,0,0,0,0,0.100227790432802,0,0,0,0,0,0,0,0.000569476082004556
"000377.java",0,0,0,0.0303030303030303,0,0,0,0,0,0,0,0,0,0,0,0,0,0,0,0,0,0,0,0,0,0.434343434343434,0,0,0,0,0,0,0,0,0,0,0,0,0.252525252525253,0,0,0,0,0,0.282828282828283,0,0,0,0,0
"000379.java",0,0,0,0,0,0,0,0,0,0,0,0,0,0,0.174863387978142,0,0,0,0,0,0,0,0,0,0,0.185792349726776,0,0,0,0,0,0,0,0,0,0,0,0,0,0,0,0,0,0,0.639344262295082,0,0,0,0,0
"000463.java",0,0,0,0,0,0,0,0,0,0,0,0,0,0.00196078431372549,0.00065359477124183,0,0.0104575163398693,0,0,0,0.871241830065359,0,0,0.00196078431372549,0,0,0,0,0,0,0,0,0,0,0,0,0,0,0,0,0,0.113725490196078,0,0,0,0,0,0,0,0
"000481.java",0,0,0.0143884892086331,0,0,0,0.00719424460431655,0,0,0,0,0,0,0,0.223021582733813,0,0,0,0,0,0.0359712230215827,0,0,0.0359712230215827,0,0.446043165467626,0,0,0,0,0.0143884892086331,0,0,0,0,0,0,0,0,0,0.143884892086331,0,0,0,0,0.0143884892086331,0,0,0.0647482014388489,0
"000482.java",0,0,0.0220385674931129,0,0,0,0,0,0,0.0220385674931129,0,0,0,0.00550964187327824,0,0,0,0,0,0,0,0,0,0,0,0.21763085399449,0,0,0,0,0,0,0,0,0,0,0,0,0,0,0.71900826446281,0.00550964187327824,0,0,0,0,0,0.00826446280991736,0,0
"000488.java",0.69218989280245,0.000191424196018377,0.000191424196018377,0,0,0,0,0,0,0.0652756508422665,0,0,0,0,0,0,0,0,0,0,0,0.000191424196018377,0,0,0,0.0386676875957121,0,0,0,0.0312021439509954,0,0.00057427258805513,0,0,0,0.000191424196018377,0,0,0,0,0,0.171324655436447,0,0,0,0,0,0,0,0
"000489.java",0,0,0,0.0277777777777778,0,0,0,0,0,0,0,0,0,0,0.722222222222222,0,0,0,0,0,0,0,0,0,0,0.166666666666667,0,0,0,0,0.0555555555555556,0,0,0,0,0,0.0277777777777778,0,0,0,0,0,0,0,0,0,0,0,0,0
"000490.java",0,0,0,0,0,0,0.339092872570194,0,0,0.00647948164146868,0,0,0,0,0,0,0,0,0,0,0,0,0,0,0,0,0.00215982721382289,0,0,0,0,0,0,0,0,0,0,0,0,0,0,0.650107991360691,0,0.00215982721382289,0,0,0,0,0,0
"000491.java",0,0,0,0,0,0.00218818380743982,0,0,0,0.0962800875273523,0,0,0,0,0.361050328227571,0,0,0,0.00656455142231947,0,0,0.0109409190371991,0,0.0175054704595186,0,0.0897155361050328,0,0,0,0,0,0,0.00218818380743982,0.00218818380743982,0.00218818380743982,0.00218818380743982,0,0,0,0,0.181619256017505,0.153172866520788,0,0.0393873085339169,0.0284463894967177,0,0,0,0,0.00437636761487965
