"V1","V2","V3","V4","V5","V6","V7","V8","V9","V10","V11","V12","V13","V14","V15","V16","V17","V18","V19","V20","V21","V22","V23","V24","V25","V26","V27","V28","V29","V30","V31","V32","V33","V34","V35","V36","V37","V38","V39","V40","V41","V42","V43","V44","V45","V46","V47","V48","V49","V50"
"000001.java",0,0,0,0,0,0.00437636761487965,0,0,0.00656455142231947,0,0.0109409190371991,0,0.0087527352297593,0,0,0,0,0,0,0,0,0,0.0218818380743982,0,0,0.0634573304157549,0,0,0,0,0.179431072210066,0,0,0.584245076586433,0,0,0,0,0,0,0,0.113785557986871,0.00218818380743982,0.00218818380743982,0,0,0.00218818380743982,0,0,0
"000002.java",0,0,0,0,0.0674019607843137,0,0,0,0,0,0,0,0,0,0,0.00122549019607843,0,0,0,0.0134803921568627,0,0,0,0.00245098039215686,0.00367647058823529,0,0,0,0,0,0.113970588235294,0.00122549019607843,0.0257352941176471,0.732843137254902,0,0.00122549019607843,0,0,0,0.0330882352941176,0,0,0,0.00245098039215686,0,0,0,0.00122549019607843,0,0
"000003.java",0,0,0,0.00169587337478802,0,0,0,0.00113058224985868,0,0,0.00113058224985868,0,0,0.00169587337478802,0.000565291124929339,0,0,0,0.000565291124929339,0,0,0,0,0,0,0.00113058224985868,0.00678349349915206,0.00282645562464669,0,0,0.0587902769926512,0,0.0163934426229508,0.847936687394008,0,0,0,0,0,0.0469191633691351,0,0.00847936687394008,0.00339174674957603,0,0,0.000565291124929339,0,0,0,0
"000004.java",0.245033112582781,0,0,0,0.0165562913907285,0,0,0,0,0,0,0,0,0.0033112582781457,0,0,0,0,0,0,0,0,0,0,0,0.0033112582781457,0,0,0,0,0.533112582781457,0,0,0,0,0,0.0033112582781457,0,0,0.175496688741722,0,0,0,0,0,0,0.0198675496688742,0,0,0
"000005.java",0,0,0,0.00881057268722467,0,0,0.00881057268722467,0,0,0,0,0,0,0.00440528634361234,0.00440528634361234,0,0,0.387665198237885,0,0,0,0,0,0,0,0,0,0,0,0.0484581497797357,0.462555066079295,0,0.066079295154185,0.00440528634361234,0,0,0,0,0,0,0,0,0,0,0,0,0,0,0,0.00440528634361234
"000006.java",0.00404858299595142,0.00404858299595142,0,0.0404858299595142,0,0,0,0,0,0,0.0202429149797571,0,0,0,0.0121457489878543,0,0,0,0,0.00404858299595142,0,0,0.0283400809716599,0,0,0,0,0,0,0,0.615384615384615,0,0,0.0202429149797571,0,0,0,0,0,0,0,0,0,0,0,0,0,0.251012145748988,0,0
"000019.java",0,0,0,0,0,0,0,0,0,0,0,0,0,0,0,0,0,0,0,0,0,0,0.00495049504950495,0,0,0,0,0,0.0099009900990099,0,0.643564356435644,0,0,0,0,0.00495049504950495,0,0,0,0,0,0,0,0.336633663366337,0,0,0,0,0,0
"000020.java",0,0,0.00666666666666667,0,0,0.00333333333333333,0,0,0,0.03,0,0.00333333333333333,0,0,0,0,0.15,0,0,0,0,0,0.0133333333333333,0,0,0,0,0,0,0,0.623333333333333,0,0,0,0,0.0166666666666667,0,0,0,0,0,0,0,0.133333333333333,0,0,0.02,0,0,0
"000021.java",0,0,0,0,0,0,0,0,0,0,0,0,0,0,0,0,0,0,0,0,0,0,0,0,0.0048780487804878,0,0,0,0,0.0682926829268293,0.64390243902439,0,0,0,0,0,0,0,0,0.0048780487804878,0,0.0048780487804878,0,0.268292682926829,0,0,0,0,0,0.0048780487804878
"000024.java",0,0.000601684717208183,0,0,0,0,0,0,0,0.000601684717208183,0,0,0,0,0,0,0.000601684717208183,0,0,0,0,0,0,0,0,0,0,0.00421179302045728,0,0,0.184717208182912,0,0,0,0,0,0.000601684717208183,0,0.0156438026474128,0,0.785198555956679,0,0,0.00541516245487365,0,0,0,0.00240673886883273,0,0
"000026.java",0.00111234705228031,0.00111234705228031,0,0,0.0700778642936596,0,0,0,0,0,0,0,0,0,0,0,0,0,0,0.00333704115684093,0,0,0,0.0222469410456062,0,0.00556173526140156,0,0.00333704115684093,0,0,0.521690767519466,0,0,0,0.00111234705228031,0,0,0,0,0,0,0,0,0.00667408231368187,0,0,0.363737486095662,0,0,0
"000027.java",0,0,0,0,0,0,0,0,0,0,0,0.000169836956521739,0.852411684782609,0.000169836956521739,0,0,0,0,0,0.000169836956521739,0,0,0,0,0,0,0.000339673913043478,0,0,0.000509510869565217,0.0516304347826087,0,0,0,0,0,0.000339673913043478,0,0,0.0942595108695652,0,0,0,0,0,0,0,0,0,0
"000031.java",0,0,0,0,0,0,0,0,0,0,0,0.000158252888115208,0,0,0,0,0.000316505776230416,0,0.000158252888115208,0,0,0,0.000158252888115208,0,0,0,0,0,0,0,0.0428865326792214,0,0,0,0,0,0.955689191327742,0,0,0,0,0,0.000316505776230416,0,0,0,0,0,0,0.000316505776230416
"000036.java",0,0,0,0.0036563071297989,0,0,0,0,0,0,0,0,0,0,0.000609384521633151,0,0,0,0,0,0,0,0,0.00182815356489945,0,0,0,0,0,0.625228519195612,0.333333333333333,0,0,0,0,0,0,0,0,0.032297379646557,0,0,0,0.00304692260816575,0,0,0,0,0,0
"000037.java",0,0,0,0,0,0,0,0,0.00451127819548872,0,0,0,0,0,0,0,0,0,0,0,0,0,0,0,0,0,0,0,0,0.55187969924812,0.427067669172932,0,0,0,0,0,0,0,0,0,0,0,0.00150375939849624,0.0135338345864662,0,0.00150375939849624,0,0,0,0
"000041.java",0,0,0,0,0,0,0,0.00112676056338028,0,0,0,0.16169014084507,0,0,0,0,0,0,0,0,0,0,0,0.0315492957746479,0,0,0,0,0.000563380281690141,0,0.0349295774647887,0,0,0,0,0,0.000563380281690141,0,0,0.765633802816901,0,0,0,0,0,0.00394366197183099,0,0,0,0
"000044.java",0.0131004366812227,0,0,0,0,0,0,0,0,0,0,0,0,0,0,0,0,0,0,0,0,0,0.00436681222707424,0,0,0,0,0,0.0283842794759825,0,0.436681222707424,0,0.00436681222707424,0,0,0.364628820960699,0,0,0,0.0283842794759825,0,0,0,0.120087336244541,0,0,0,0,0,0
"000045.java",0,0,0,0,0,0,0,0,0,0,0,0,0,0.000483325277912035,0,0,0,0,0,0,0,0.000161108425970678,0.000161108425970678,0,0,0,0,0,0,0,0.0356049621395199,0,0,0,0,0,0,0,0,0.00853874657644595,0,0,0,0,0,0,0.000161108425970678,0,0.83615273078782,0.11873690994039
"000046.java",0,0,0,0.00158622252435985,0,0,0,0,0,0,0,0,0,0,0,0,0,0,0,0.000226603217765692,0,0,0,0,0,0,0,0,0,0,0.061862678450034,0,0,0,0,0,0,0.000226603217765692,0,0,0,0,0,0.000226603217765692,0.0183548606390211,0.000679809653297077,0,0,0.483344663494222,0.433491955585769
"000060.java",0,0,0,0,0,0,0,0,0,0,0,0,0,0.000879507475813544,0,0,0,0,0.20844327176781,0,0,0,0,0,0,0,0,0,0,0,0,0,0.788038698328936,0,0,0,0,0,0,0,0,0.000879507475813544,0.000879507475813544,0,0,0.000879507475813544,0,0,0,0
"000063.java",0,0,0,0,0,0,0,0,0.0104602510460251,0,0,0.688807531380753,0,0,0,0,0,0,0,0,0,0,0,0,0,0,0,0,0,0.000523012552301255,0.299163179916318,0,0,0,0,0,0,0,0.000523012552301255,0,0,0,0,0,0.000523012552301255,0,0,0,0,0
"000067.java",0,0,0,0,0,0,0,0,0.000390854016025015,0,0,0,0,0,0,0,0,0,0,0,0,0,0.00117256204807504,0,0,0,0,0,0.000195427008012507,0,0.0637092046120774,0,0.000390854016025015,0,0.908931014266172,0.000781708032050029,0,0,0,0,0,0,0,0.0244283760015634,0,0,0,0,0,0
"000070.java",0.00162337662337662,0,0.00162337662337662,0,0,0,0,0,0,0,0.0113636363636364,0,0,0,0,0,0,0,0,0,0.00649350649350649,0,0,0,0,0,0,0.0795454545454545,0.272727272727273,0,0.439935064935065,0,0,0.0227272727272727,0,0,0,0,0,0,0,0.00649350649350649,0,0.154220779220779,0,0,0,0,0,0.00324675324675325
"000077.java",0,0,0,0.00253807106598985,0,0,0,0,0,0,0,0,0,0.0050761421319797,0,0,0,0,0,0,0,0,0,0,0,0,0,0,0,0,0.355329949238579,0.395939086294416,0,0,0,0,0,0,0.00253807106598985,0.0482233502538071,0,0,0.0050761421319797,0.16751269035533,0,0.0177664974619289,0,0,0,0
"000082.java",0,0,0,0,0.00588235294117647,0,0,0,0,0,0,0,0,0,0.00588235294117647,0,0,0,0,0,0.0117647058823529,0,0,0,0.182352941176471,0,0,0.00588235294117647,0,0,0.335294117647059,0.00588235294117647,0.429411764705882,0,0,0,0,0,0,0.0176470588235294,0,0,0,0,0,0,0,0,0,0
"000084.java",0,0,0,0,0,0,0,0,0,0,0,0,0,0.0497737556561086,0.0135746606334842,0,0,0,0,0,0,0,0.0226244343891403,0,0,0,0,0,0,0,0.719457013574661,0,0,0,0,0,0,0,0.00904977375565611,0.00452488687782805,0.00452488687782805,0,0,0,0,0,0.00452488687782805,0.167420814479638,0,0.00452488687782805
"000085.java",0,0,0.00272479564032698,0,0.00544959128065395,0,0,0,0,0,0,0.00544959128065395,0,0,0.00544959128065395,0,0.310626702997275,0,0,0,0,0,0,0,0,0,0,0,0,0,0.596730245231608,0,0,0,0,0,0,0,0,0,0,0,0,0.0708446866485014,0,0,0,0,0.00272479564032698,0
"000096.java",0,0,0,0,0,0,0,0.000697350069735007,0,0,0,0,0,0,0,0,0,0,0,0,0,0,0,0,0,0.000348675034867503,0.000348675034867503,0,0,0.000348675034867503,0.176778242677824,0,0,0,0,0,0.00104602510460251,0,0.00209205020920502,0,0.000348675034867503,0.809274755927476,0,0.00871687587168759,0,0,0,0,0,0
"000102.java",0,0,0,0,0,0,0.00097323600973236,0,0,0,0,0.00275750202757502,0,0.00016220600162206,0.00129764801297648,0,0,0,0,0.00097323600973236,0,0,0,0.646553122465531,0,0,0,0.00064882400648824,0.0176804541768045,0,0.326358475263585,0,0,0,0,0,0,0.00032441200324412,0.00016220600162206,0,0,0,0,0.00016220600162206,0,0,0.00194647201946472,0,0,0
"000108.java",0.0974025974025974,0,0.00649350649350649,0,0,0,0,0,0,0,0,0,0,0,0,0,0.00649350649350649,0,0,0,0,0.00649350649350649,0,0,0.123376623376623,0,0,0.00649350649350649,0,0.051948051948052,0.642857142857143,0,0,0,0,0,0,0,0,0.012987012987013,0,0,0.012987012987013,0.025974025974026,0,0,0.00649350649350649,0,0,0
"000112.java",0,0,0,0,0,0,0,0,0,0,0,0,0,0,0.844444444444444,0,0,0.0222222222222222,0,0,0.0444444444444444,0,0,0,0,0,0,0,0,0,0,0,0,0,0,0,0,0,0,0.0222222222222222,0,0.0444444444444444,0,0,0.0222222222222222,0,0,0,0,0
"000114.java",0,0,0,0.00754310344827586,0,0,0,0.685344827586207,0,0,0,0,0.00107758620689655,0,0,0,0,0,0,0,0,0,0,0,0,0,0,0,0,0.00323275862068966,0.283405172413793,0,0,0,0,0,0,0,0,0,0.00323275862068966,0,0,0.0161637931034483,0,0,0,0,0,0
"000118.java",0.284009546539379,0,0,0,0.0477326968973747,0,0,0,0,0,0,0,0.00238663484486874,0,0,0.00238663484486874,0.00238663484486874,0,0,0,0.00238663484486874,0,0,0,0,0,0,0,0,0,0.560859188544153,0,0,0,0,0,0,0,0,0,0,0,0,0.0238663484486874,0,0,0.0739856801909308,0,0,0
"000119.java",0,0,0,0,0,0,0,0,0,0,0,0,0,0,0,0,0,0,0,0,0,0,0.000957854406130268,0,0.000957854406130268,0,0,0,0,0.00383141762452107,0.309386973180077,0,0,0,0,0.00191570881226054,0,0,0.0977011494252874,0,0,0.00478927203065134,0.476053639846743,0.0938697318007663,0,0.010536398467433,0,0,0,0
"000121.java",0.0160427807486631,0,0,0,0.171122994652406,0,0,0,0,0,0,0,0,0,0.133689839572193,0,0,0,0,0,0.0106951871657754,0,0,0,0.0160427807486631,0,0,0,0,0,0.133689839572193,0.0106951871657754,0.508021390374332,0,0,0,0,0,0,0,0,0,0,0,0,0,0,0,0,0
"000122.java",0,0,0.510853104492681,0,0,0,0,0,0,0,0,0,0,0,0,0,0,0,0,0,0.00100959111559818,0,0,0,0,0,0,0,0,0,0.393740535083291,0,0.00706713780918728,0.00302877334679455,0,0,0,0,0.00100959111559818,0.00656234225138819,0,0.0100959111559818,0,0.0656234225138819,0,0.000504795557799091,0,0,0,0.000504795557799091
"000123.java",0,0,0.069164265129683,0,0.123919308357349,0,0.00288184438040346,0,0.00288184438040346,0,0,0,0,0,0.00576368876080692,0,0,0,0,0,0,0,0,0.0576368876080692,0,0,0.0864553314121038,0,0,0,0.342939481268012,0,0.282420749279539,0,0.00576368876080692,0,0,0,0,0,0,0,0,0.0201729106628242,0,0,0,0,0,0
"000124.java",0,0,0,0.00135043889264011,0,0,0.000675219446320054,0,0.00742741390952059,0,0.000675219446320054,0,0.0229574611748818,0,0,0,0,0,0.000675219446320054,0,0,0,0,0,0,0.00202565833896016,0,0.0168804861580014,0,0,0.339635381498987,0,0,0,0,0,0,0.559756920999325,0,0,0,0,0,0.0465901417960837,0,0,0,0,0.00135043889264011,0
"000125.java",0,0,0,0.0325581395348837,0,0,0,0.0744186046511628,0,0,0,0,0,0,0,0,0,0,0,0,0.00465116279069767,0,0,0,0,0,0,0.0325581395348837,0,0,0.493023255813954,0,0,0,0,0.00465116279069767,0,0,0,0,0,0,0,0.293023255813953,0,0.0511627906976744,0.00465116279069767,0,0,0.00930232558139535
"000126.java",0,0,0,0,0,0,0,0,0,0.00273224043715847,0,0,0,0,0.972677595628415,0,0,0,0,0,0.00273224043715847,0,0,0,0,0,0,0,0,0,0.0109289617486339,0,0,0,0,0,0,0,0,0,0,0,0,0,0,0,0,0,0.0109289617486339,0
"000127.java",0,0,0,0.00647458724506313,0,0,0,0,0,0,0,0,0,0.0123017157656199,0,0,0.00161864681126578,0,0,0.000323729362253156,0,0,0,0,0,0,0,0,0,0,0.198769828423438,0,0.000323729362253156,0,0,0,0.0051796697960505,0.620912916801554,0.00258983489802525,0.0220135966332146,0,0,0,0.093234056328909,0,0.0362576885723535,0,0,0,0
"000128.java",0,0,0,0,0,0,0,0,0,0,0,0,0,0,0.629032258064516,0,0,0,0,0,0,0,0,0,0,0,0,0,0,0,0.370967741935484,0,0,0,0,0,0,0,0,0,0,0,0,0,0,0,0,0,0,0
"000130.java",0,0,0,0,0,0,0,0,0,0,0.00904977375565611,0,0,0.0135746606334842,0.968325791855204,0,0,0,0,0,0,0,0,0.00452488687782805,0,0,0,0.00452488687782805,0,0,0,0,0,0,0,0,0,0,0,0,0,0,0,0,0,0,0,0,0,0
"000131.java",0,0,0,0,0,0,0,0,0.05,0,0,0,0,0,0.875,0,0,0,0,0,0,0,0,0,0,0,0,0.025,0,0,0,0,0,0,0,0,0,0,0,0,0,0,0,0.05,0,0,0,0,0,0
"000132.java",0,0,0.0204081632653061,0,0,0,0,0,0.0408163265306122,0,0,0,0,0,0.326530612244898,0,0,0,0,0,0,0,0.0204081632653061,0,0.0612244897959184,0,0,0,0,0,0,0,0.489795918367347,0,0,0.0204081632653061,0,0,0,0,0,0.0204081632653061,0,0,0,0,0,0,0,0
"000133.java",0,0,0,0,0.00228571428571429,0,0.00685714285714286,0,0,0,0,0,0,0,0.987428571428571,0,0,0,0,0,0,0,0,0,0,0,0,0,0,0,0.00114285714285714,0,0.00114285714285714,0,0,0,0,0,0,0,0,0,0.00114285714285714,0,0,0,0,0,0,0
"000134.java",0,0,0,0.00313479623824451,0,0,0,0,0,0,0,0,0,0,0.987460815047022,0,0,0,0,0,0,0,0.00313479623824451,0,0,0,0,0,0,0,0,0,0.00626959247648903,0,0,0,0,0,0,0,0,0,0,0,0,0,0,0,0,0
"000135.java",0,0,0,0,0,0,0,0,0,0,0,0,0,0,0.480331262939959,0,0,0,0.455486542443064,0,0,0,0.0020703933747412,0,0,0,0,0,0,0,0,0,0.0579710144927536,0,0,0.0041407867494824,0,0,0,0,0,0,0,0,0,0,0,0,0,0
"000136.java",0,0,0,0,0,0,0,0,0,0.00547945205479452,0,0,0,0,0.978082191780822,0,0,0,0,0,0,0,0,0,0,0,0,0,0,0,0.010958904109589,0,0,0,0,0,0,0,0,0,0,0,0,0,0,0,0,0.00273972602739726,0.00273972602739726,0
"000149.java",0,0,0,0.00124717437056668,0,0,0,0,0,0,7.79483981604178e-05,0.000233845194481253,0.000155896796320836,0,0,0,0,0,7.79483981604178e-05,0,0,0,0,0.000155896796320836,0,0,0,0.94590381167667,0,0.000857432379764596,0.0173045443916128,0,0,0,0,0,0,7.79483981604178e-05,0,0.014186608465196,0,0.000233845194481253,0,0.000155896796320836,0,0,0,0,0.0192532543456232,7.79483981604178e-05
"000150.java",0,0,0,0,0,0,0,0,0,0.0465686274509804,0,0,0,0,0,0,0,0,0.0441176470588235,0.00245098039215686,0,0,0,0,0,0,0,0,0.0220588235294118,0,0.0661764705882353,0,0,0,0,0,0,0.696078431372549,0,0,0,0,0,0.117647058823529,0,0,0,0,0,0.00490196078431373
"000152.java",0,0,0,0,0.890625,0,0,0,0,0,0,0,0,0,0,0,0,0,0,0.00111607142857143,0,0,0,0,0,0,0,0,0,0,0.104910714285714,0,0,0.00111607142857143,0,0.00111607142857143,0,0,0,0,0,0,0,0,0,0,0,0,0.00111607142857143,0
"000155.java",0.00467836257309942,0,0.00116959064327485,0,0.00116959064327485,0,0,0,0,0,0,0,0.0619883040935673,0,0,0,0,0,0.0912280701754386,0,0.00116959064327485,0,0,0,0,0,0.0128654970760234,0.00116959064327485,0.00116959064327485,0,0.314619883040936,0,0,0,0,0.370760233918129,0,0.00701754385964912,0,0,0,0,0,0.129824561403509,0.00116959064327485,0,0,0,0,0
"000159.java",0,0,0,0,0,0,0,0.000571102227298686,0.00171330668189606,0,0,0,0,0,0,0,0,0,0,0,0,0,0.000571102227298686,0,0,0,0,0,0,0.000571102227298686,0.276413478012564,0,0,0,0,0.00114220445459737,0,0,0.00342661336379212,0,0,0,0,0,0,0,0,0.715591090805254,0,0
"000160.java",0,0,0,0,0,0,0,0,0,0,0,0,0,0,0,0,0,0,0,0,0,0,0,0,0,0.00440528634361234,0.00146842878120411,0,0,0.000734214390602056,0.0374449339207048,0,0.937591776798825,0,0.00881057268722467,0,0,0,0,0.00146842878120411,0.00146842878120411,0,0,0,0,0,0.0066079295154185,0,0,0
"000161.java",0.0106382978723404,0.0815602836879433,0,0,0,0.00709219858156028,0,0,0,0,0,0,0,0,0,0,0,0,0,0,0,0,0.0177304964539007,0.00354609929078014,0,0,0,0,0,0.0212765957446809,0.691489361702128,0,0,0,0.00354609929078014,0,0,0.0425531914893617,0,0,0.00354609929078014,0,0,0.113475177304965,0,0,0,0,0.00354609929078014,0
"000162.java",0.0136186770428016,0,0,0,0,0,0.00389105058365759,0,0,0,0,0,0,0,0,0,0,0,0,0,0,0,0,0.0330739299610895,0,0.0505836575875486,0.0175097276264591,0,0,0,0.538910505836576,0,0.252918287937743,0,0.00194552529182879,0,0,0.00194552529182879,0,0.00389105058365759,0,0,0,0.0797665369649805,0,0.00194552529182879,0,0,0,0
"000163.java",0.00483870967741936,0,0,0,0,0,0,0,0,0,0,0,0,0,0,0,0,0,0,0,0,0,0,0.0225806451612903,0,0.430645161290323,0.0580645161290323,0,0,0,0.379032258064516,0,0,0.0129032258064516,0,0,0,0,0,0,0,0,0,0.0838709677419355,0,0,0,0,0.00483870967741936,0.0032258064516129
"000164.java",0,0,0.00066423115244105,0.00631019594818997,0,0,0,0,0.00066423115244105,0,0,0,0.0245765526403188,0,0,0,0,0,0,0,0,0,0,0,0,0.00298904018598472,0.51245433410827,0,0.0235802059116573,0,0.270674194619728,0,0,0,0,0,0,0.000996346728661574,0,0,0.00066423115244105,0,0,0.0787113915642644,0.000332115576220525,0.000332115576220525,0,0.00066423115244105,0.00066423115244105,0.0757223513782796
"000165.java",0,0,0,0,0,0,0,0,0,0,0,0,0,0,0,0,0,0,0.217768147345612,0,0.00325027085590466,0,0,0.00433369447453954,0,0.0639219934994583,0.0335861321776815,0,0,0,0.382448537378115,0.00108342361863489,0.00108342361863489,0,0,0,0.00325027085590466,0.00108342361863489,0,0,0,0,0,0.00325027085590466,0,0,0,0.28385698808234,0.00108342361863489,0
"000170.java",0,0.00599700149925037,0,0.0794602698650675,0,0,0,0,0.0179910044977511,0,0,0,0,0,0,0,0,0,0,0,0,0,0,0,0,0.271364317841079,0,0,0,0,0.400299850074962,0,0,0,0,0.00149925037481259,0,0,0,0.0179910044977511,0,0,0,0.12743628185907,0,0,0,0.0764617691154423,0.00149925037481259,0
"000171.java",0,0.000848176420695505,0,0,0,0,0.00508905852417303,0,0,0,0,0,0.0237489397794741,0.103477523324852,0,0,0,0,0,0,0,0,0,0,0,0.00169635284139101,0.104325699745547,0,0,0,0.24342663273961,0,0.0135708227311281,0,0,0,0,0,0,0.00339270568278202,0.103477523324852,0.0288379983036472,0.367260390161154,0,0,0,0,0,0.000848176420695505,0
"000172.java",0,0,0,0,0,0,0,0,0.0034022741516698,0,0,0,0,0.815919061688602,0,0,0,0,0.000895335303071,0,0,0,0,0.0001790670606142,0,0,0,0,0,0,0.0820127137613036,0,0,0,0,0,0,0,0,0,0,0,0,0.0967857462619751,0,0.0005372011818426,8.95335303071e-05,0.0001790670606142,0,0
"000173.java",0,0,0,0.000174855744011191,0.000174855744011191,0,0,0,0.922014338171009,0.000349711488022382,0.000174855744011191,0,0,0.000174855744011191,0,0,0,0.000174855744011191,0,0,0,0,0,0,0,0,0,0,0,0,0.0708165763245323,0,0,0,0,0,0,0,0.000524567232033572,0.00489596083231334,0,0,0,0,0,0,0,0,0.000524567232033572,0
"000174.java",0,0,0,0.00115606936416185,0,0,0,0,0,0,0,0,0,0,0.00115606936416185,0,0.0658959537572254,0,0,0,0,0,0,0.00115606936416185,0,0,0,0,0.257803468208092,0,0.512138728323699,0,0,0,0,0,0,0,0,0,0.00115606936416185,0,0,0.0971098265895954,0,0,0.0023121387283237,0,0.00809248554913295,0.0520231213872832
"000175.java",0,0,0,0,0,0.548780487804878,0,0,0,0,0,0,0,0,0,0,0,0.000641848523748395,0,0,0,0,0,0.00449293966623877,0,0,0,0,0,0,0.402439024390244,0,0,0,0,0,0,0,0,0,0,0,0,0.0372272143774069,0.000641848523748395,0,0.000641848523748395,0,0.00449293966623877,0.000641848523748395
"000176.java",0,0,0,0,0,0,0,0,0.1125,0,0,0,0,0.0708333333333333,0,0,0,0,0,0,0,0,0,0,0,0.129166666666667,0,0,0,0,0.420833333333333,0,0,0,0,0,0,0,0,0,0,0,0,0.264583333333333,0,0,0,0,0,0.00208333333333333
"000177.java",0,0,0,0.160655737704918,0,0,0,0,0.0426229508196721,0,0,0,0,0,0,0,0.00655737704918033,0,0,0,0,0,0,0,0,0.00327868852459016,0,0,0,0,0.419672131147541,0,0,0,0,0,0,0,0,0.00327868852459016,0.00327868852459016,0,0,0.249180327868852,0.0754098360655738,0.0360655737704918,0,0,0,0
"000178.java",0,0,0,0.00420168067226891,0,0,0,0,0.0210084033613445,0,0.0126050420168067,0,0,0,0,0.00420168067226891,0,0,0.00420168067226891,0,0,0,0,0,0,0,0,0,0.00840336134453781,0,0.42436974789916,0,0,0.00840336134453781,0.00840336134453781,0,0,0,0,0.130252100840336,0,0,0.100840336134454,0.092436974789916,0,0,0.00420168067226891,0,0,0.176470588235294
"000179.java",0,0,0,0,0,0,0,0,0,0,0,0,0,0.242962962962963,0,0,0.457777777777778,0,0,0.00148148148148148,0,0,0,0,0,0,0,0,0,0,0.294814814814815,0,0,0,0,0,0,0,0,0,0,0,0,0,0,0,0,0,0,0.00296296296296296
"000183.java",0,0,0,0.767515923566879,0,0,0,0,0,0.000707714083510262,0,0,0,0,0,0,0,0,0,0,0,0,0,0.000353857041755131,0,0,0,0.000707714083510262,0,0.00389242745930644,0.222576079263977,0,0.000353857041755131,0,0.000353857041755131,0,0,0,0,0,0.000707714083510262,0.000353857041755131,0,0,0,0.00106157112526539,0,0,0,0.00141542816702052
"000185.java",0,0,0.00051063829787234,0,0,0,0,0,0.000170212765957447,0.000170212765957447,0,0,0,0,0,0,0,0,0,0.000170212765957447,0,0,0,0,0,0,0,0,0,0,0.0871489361702128,0,0,0,0,0,0,0,0,0.0114042553191489,0,0,0,0.00612765957446808,0,0.894297872340426,0,0,0,0
"000187.java",0.00269541778975741,0.00269541778975741,0.0107816711590297,0.277628032345013,0,0,0.00269541778975741,0,0,0,0,0,0,0,0,0,0,0,0,0,0,0,0,0,0,0.0566037735849057,0,0,0,0,0.450134770889488,0,0,0,0,0,0,0,0,0.0485175202156334,0,0,0,0.123989218328841,0,0,0,0,0.0161725067385445,0.00808625336927224
"000188.java",0,0,0.00874125874125874,0,0,0,0,0,0,0,0.174825174825175,0,0.0367132867132867,0,0,0,0,0,0,0,0,0,0,0,0,0.0874125874125874,0,0,0,0,0.501748251748252,0,0,0,0,0,0,0,0.00174825174825175,0,0,0,0.0034965034965035,0.0629370629370629,0,0,0,0.122377622377622,0,0
"000189.java",0,0,0.142146410803127,0.0867093105899076,0,0.00639658848614072,0,0,0,0,0,0,0.000710732054015636,0,0,0,0,0,0,0.000710732054015636,0,0,0.00284292821606254,0,0,0,0,0,0,0,0.748400852878465,0,0,0,0,0,0,0,0.000710732054015636,0,0,0.0106609808102345,0,0,0,0,0,0,0,0.000710732054015636
"000190.java",0,0.0034965034965035,0.0104895104895105,0,0.00699300699300699,0,0,0,0,0,0,0,0.0034965034965035,0,0,0,0,0,0,0,0,0,0,0,0,0.202797202797203,0.20979020979021,0,0,0,0.451048951048951,0,0,0.0034965034965035,0,0,0,0,0,0,0,0,0,0.108391608391608,0,0,0,0,0,0
"000191.java",0,0,0,0,0,0.00171526586620926,0.00171526586620926,0,0,0,0.987993138936535,0,0,0,0,0,0,0,0,0.00171526586620926,0,0,0,0,0,0,0,0.00171526586620926,0,0,0,0,0,0,0,0.00171526586620926,0,0,0,0,0.00171526586620926,0,0,0,0,0,0,0,0,0.00171526586620926
"000193.java",0,0,0,0,0,0,0,0,0,0,0,0,0.000635727908455181,0,0,0.000953591862682772,0,0,0,0,0,0,0.628734901462174,0,0,0,0,0,0,0,0.143356643356643,0,0,0,0,0,0,0,0,0.185314685314685,0,0,0,0,0.000635727908455181,0,0,0,0,0.040368722186904
"000194.java",0.282407407407407,0,0,0.0123456790123457,0.00308641975308642,0,0,0,0.00308641975308642,0,0,0,0,0,0,0,0,0,0,0,0,0,0.00925925925925926,0,0,0.0432098765432099,0.0509259259259259,0,0.0540123456790123,0,0.313271604938272,0,0.106481481481481,0.00308641975308642,0,0,0.00617283950617284,0.00154320987654321,0,0.066358024691358,0,0,0.00308641975308642,0,0,0,0,0,0,0.0416666666666667
"000195.java",0,0,0,0,0.00986031224322103,0,0,0,0.00164338537387017,0,0,0,0,0.00164338537387017,0,0,0,0,0,0.000821692686935086,0,0,0.0328677074774035,0.0262941659819228,0,0,0,0,0.364831552999178,0,0.407559572719803,0,0,0,0,0,0,0,0,0,0,0,0,0.149548069022186,0,0,0,0,0,0.00493015612161052
"000196.java",0,0,0,0,0.000822706705059646,0,0,0,0,0,0,0,0.00123406005758947,0,0,0.0172768408062526,0,0,0,0.143150966680378,0,0,0,0,0,0,0,0,0.541752365281777,0,0.290004113533525,0,0,0,0,0,0,0.000411353352529823,0,0,0,0,0,0,0.0053475935828877,0,0,0,0,0
"000197.java",0,0,0,0.00464807436918991,0.000664010624169987,0,0,0,0,0,0,0,0.000664010624169987,0,0.000664010624169987,0,0.000664010624169987,0,0,0.000664010624169987,0,0,0.00199203187250996,0.0770252324037185,0,0.590305444887118,0,0,0,0.000664010624169987,0.257636122177955,0,0,0,0,0,0,0,0,0,0,0.0637450199203187,0,0,0,0.000664010624169987,0,0,0,0
"000198.java",0,0,0,0,0,0,0,0.00165562913907285,0,0,0,0,0,0,0,0,0,0,0,0,0,0,0,0.0877483443708609,0,0,0,0,0,0,0.451986754966887,0.00165562913907285,0,0,0,0,0,0.00165562913907285,0,0,0,0.0033112582781457,0,0,0,0,0.451986754966887,0,0,0
"000199.java",0,0,0,0.033203125,0,0,0,0,0,0,0.05859375,0,0,0.064453125,0,0,0,0,0,0,0,0,0,0,0,0,0,0.21875,0.03515625,0,0.32421875,0,0.021484375,0,0,0,0,0,0,0,0,0,0,0.0625,0,0,0,0.001953125,0,0.1796875
"000200.java",0,0,0.0498084291187739,0,0,0,0,0,0,0.00383141762452107,0.00383141762452107,0,0,0,0,0,0.00383141762452107,0,0,0,0,0,0.134099616858238,0,0,0,0,0.00383141762452107,0.0114942528735632,0,0.35632183908046,0,0,0,0,0,0,0,0,0.233716475095785,0,0,0,0.191570881226054,0,0.00383141762452107,0,0,0,0.00383141762452107
"000201.java",0,0,0,0,0,0,0,0.000314070351758794,0,0,0.000314070351758794,0,0.00157035175879397,0,0,0,0,0,0,0.000628140703517588,0,0,0,0,0,0,0,0.000314070351758794,0,0,0.144472361809045,0,0,0,0,0,0,0,0,0,0,0,0,0.00376884422110553,0.823178391959799,0.0050251256281407,0,0,0.000628140703517588,0.019786432160804
"000202.java",0,0,0,0,0,0,0.0150375939849624,0,0,0.0150375939849624,0,0,0,0,0.0902255639097744,0,0,0,0,0.0150375939849624,0.240601503759398,0,0,0,0.0075187969924812,0.0150375939849624,0,0,0.0075187969924812,0,0.443609022556391,0,0.0075187969924812,0,0,0.0150375939849624,0,0,0,0,0,0.037593984962406,0,0,0.0902255639097744,0,0,0,0,0
"000225.java",0,0,0.00134228187919463,0,0.00268456375838926,0,0,0,0,0.27248322147651,0,0.00268456375838926,0,0.209395973154362,0,0,0,0,0.00134228187919463,0,0,0,0,0,0.0201342281879195,0,0,0,0,0,0.263087248322148,0,0,0,0,0,0.00134228187919463,0,0.0939597315436242,0.00268456375838926,0,0,0,0.12751677852349,0,0,0.00134228187919463,0,0,0
"000226.java",0,0,0,0,0,0,0,0,0,0,0,0,0,0,0.247863247863248,0,0,0,0.0427350427350427,0,0.0299145299145299,0,0,0,0,0.0170940170940171,0.047008547008547,0,0,0,0.303418803418803,0,0.286324786324786,0,0,0,0,0,0,0,0,0,0,0.00854700854700855,0,0,0.0170940170940171,0,0,0
"000228.java",0,0,0,0,0,0,0,0,0,0,0,0,0,0,0,0,0,0,0,0.00689655172413793,0,0.096551724137931,0,0,0,0,0,0,0,0,0.110344827586207,0,0.751724137931034,0,0,0,0,0,0.0275862068965517,0,0,0,0,0,0,0.00689655172413793,0,0,0,0
"000232.java",0,0,0,0,0.352045670789724,0,0,0,0,0.506184586108468,0,0,0,0,0,0,0,0,0,0,0.000951474785918173,0,0.000951474785918173,0,0.000951474785918173,0,0,0,0,0.0104662226450999,0.0922930542340628,0,0,0,0,0,0,0,0,0,0,0,0,0.0361560418648906,0,0,0,0,0,0
"000234.java",0,0,0,0.000648508430609598,0,0,0,0,0,0.85473411154345,0,0,0,0,0,0,0,0,0,0,0,0,0,0.0116731517509728,0,0,0,0.0012970168612192,0,0,0.075875486381323,0,0,0,0,0,0,0,0,0,0,0,0,0.0557717250324254,0,0,0,0,0,0
"000236.java",0.00343642611683849,0,0,0,0,0,0,0,0,0.70446735395189,0.00343642611683849,0,0,0,0,0,0,0,0,0,0,0,0,0,0,0,0,0.00343642611683849,0,0,0.103092783505155,0,0.127147766323024,0,0.00687285223367698,0,0,0,0,0,0,0.0103092783505155,0,0.0378006872852234,0,0,0,0,0,0
"000237.java",0,0,0,0,0.567099567099567,0,0,0,0,0.0454545454545455,0,0,0.00216450216450216,0,0,0,0,0,0,0,0,0,0,0,0.17965367965368,0,0,0.00649350649350649,0,0,0.123376623376623,0,0.0476190476190476,0,0,0,0,0,0,0.025974025974026,0,0,0,0,0,0,0.00216450216450216,0,0,0
"000247.java",0,0.785854616895874,0.000982318271119843,0,0,0,0,0,0,0,0,0,0,0.00196463654223969,0,0,0,0,0,0,0,0,0,0,0.00589390962671906,0,0,0,0.00196463654223969,0,0.197445972495088,0,0,0,0,0,0,0.000982318271119843,0,0.00392927308447937,0,0,0,0,0,0,0,0.000982318271119843,0,0
"000248.java",0,0.00709219858156028,0,0,0,0.00709219858156028,0,0,0.00236406619385343,0.0874704491725768,0,0,0,0,0,0.00709219858156028,0,0,0,0,0,0.00945626477541371,0,0,0,0,0.00709219858156028,0,0,0,0.470449172576832,0,0,0,0,0.252955082742317,0,0,0,0,0,0,0,0.146572104018913,0.00236406619385343,0,0,0,0,0
"000286.java",0,0,0,0,0.0347826086956522,0,0.00173913043478261,0,0,0,0,0.0104347826086957,0,0.0295652173913043,0,0,0,0,0,0,0,0,0.0173913043478261,0,0.693913043478261,0,0,0,0,0,0.106086956521739,0,0.0104347826086957,0,0,0,0,0,0.0869565217391304,0.00347826086956522,0,0,0,0,0.00173913043478261,0,0,0.00347826086956522,0,0
"000287.java",0,0,0,0,0,0,0,0,0,0,0.00775193798449612,0,0,0,0,0,0,0,0,0.0155038759689922,0,0,0,0,0.883720930232558,0,0,0,0,0,0.062015503875969,0,0.0310077519379845,0,0,0,0,0,0,0,0,0,0,0,0,0,0,0,0,0
"000288.java",0,0,0,0,0,0,0,0.016260162601626,0,0,0,0,0,0,0.00813008130081301,0,0,0,0,0,0,0,0,0,0.83739837398374,0,0,0,0,0,0.130081300813008,0,0,0,0,0.00813008130081301,0,0,0,0,0,0,0,0,0,0,0,0,0,0
"000289.java",0,0,0,0,0.252450980392157,0,0,0,0,0.0490196078431373,0,0,0,0,0,0,0,0,0.00245098039215686,0,0,0,0,0,0.46078431372549,0,0,0,0,0,0.20343137254902,0,0,0,0,0,0,0,0,0,0,0,0,0.0318627450980392,0,0,0,0,0,0
"000290.java",0,0,0,0,0,0,0,0,0,0,0,0,0,0,0,0,0,0,0,0,0,0.0045662100456621,0,0,0.945205479452055,0,0,0,0,0,0.0502283105022831,0,0,0,0,0,0,0,0,0,0,0,0,0,0,0,0,0,0,0
"000291.java",0,0,0,0,0,0,0,0,0,0.240601503759398,0,0,0,0,0,0,0,0,0,0,0,0,0,0,0.225563909774436,0,0,0,0,0,0.421052631578947,0,0,0.0075187969924812,0,0,0,0.0150375939849624,0,0,0,0,0,0.0902255639097744,0,0,0,0,0,0
"000292.java",0,0,0,0.00816326530612245,0.0612244897959184,0,0,0,0,0.0775510204081633,0.0163265306122449,0,0,0,0,0,0,0,0,0.00816326530612245,0,0,0,0,0.408163265306122,0,0,0,0,0,0.351020408163265,0,0,0,0,0,0,0,0,0,0,0,0,0,0,0,0,0,0,0.0693877551020408
"000293.java",0,0,0.00719424460431655,0,0,0,0,0,0,0.00719424460431655,0.0143884892086331,0,0,0,0,0,0,0,0,0,0,0,0,0,0.39568345323741,0,0,0,0,0,0.575539568345324,0,0,0,0,0,0,0,0,0,0,0,0,0,0,0,0,0,0,0
"000294.java",0,0.000381460995613199,0,0.0169750143047873,0,0,0,0,0,0,0,0,0,0.000190730497806599,0,0.000381460995613199,0,0,0,0.78352088498951,0,0,0.000381460995613199,0.000953652489032996,0,0,0,0,0,0,0.195880221247377,0,0,0,0,0.000190730497806599,0,0,0,0.000190730497806599,0,0,0,0,0.000190730497806599,0.000381460995613199,0.000381460995613199,0,0,0
"000295.java",0,0,0,0,0,0.001,0,0,0,0,0,0,0,0,0,0,0,0,0,0.059,0.675,0,0,0,0,0,0,0,0,0,0.262,0,0,0,0,0,0,0,0,0.003,0,0,0,0,0,0,0,0,0,0
"000300.java",0,0.000296912114014252,0,0,0,0,0,0,0.00207838479809976,0,0,0,0,0,0,0.78562945368171,0,0,0,0,0,0,0,0,0,0,0,0.00237529691211401,0,0,0.202197149643705,0,0,0.000296912114014252,0,0,0,0,0,0,0,0.000890736342042755,0,0,0,0,0,0,0,0.00623515439429929
"000305.java",0,0,0,0,0,0,0.807023301608139,0,0,0,0,0.000328191663931736,0,0,0,0,0,0,0,0,0,0,0,0,0,0,0,0,0,0,0.156219232031506,0,0.0328191663931736,0,0,0,0.000656383327863472,0,0,0,0,0.000328191663931736,0,0.00262553331145389,0,0,0,0,0,0
"000306.java",0,0,0,0,0,0,0,0,0,0,0.0552763819095477,0,0,0,0.824120603015075,0,0,0.0251256281407035,0,0.0201005025125628,0,0,0,0,0,0,0.0050251256281407,0,0,0,0,0,0.0201005025125628,0,0,0,0.0201005025125628,0,0.0100502512562814,0.0100502512562814,0,0,0,0,0,0.0050251256281407,0,0.0050251256281407,0,0
"000364.java",0,0,0,0,0,0.0151515151515152,0,0,0,0,0,0,0,0,0.5,0,0,0.0151515151515152,0,0.0151515151515152,0,0,0,0,0.0303030303030303,0,0,0,0,0,0,0,0.409090909090909,0,0,0,0,0,0,0,0,0,0,0,0,0.0151515151515152,0,0,0,0
"000367.java",0,0,0,0,0,0,0,0,0,0,0,0,0,0.45501138952164,0,0,0,0,0.359339407744875,0,0,0,0,0,0,0,0,0,0,0,0.183940774487472,0,0,0,0,0,0,0,0,0,0,0,0,0.00170842824601367,0,0,0,0,0,0
"000377.java",0,0,0,0,0,0,0.323232323232323,0,0,0,0,0,0.0101010101010101,0,0.393939393939394,0,0,0,0,0,0,0,0,0,0,0,0,0,0,0,0.252525252525253,0,0,0,0.0202020202020202,0,0,0,0,0,0,0,0,0,0,0,0,0,0,0
"000379.java",0,0,0,0,0,0,0,0,0.00546448087431694,0,0,0,0,0,0.715846994535519,0,0,0,0,0,0,0,0,0,0,0,0,0,0,0,0,0.0109289617486339,0.234972677595628,0,0,0.00546448087431694,0,0.0218579234972678,0,0,0,0,0.00546448087431694,0,0,0,0,0,0,0
"000463.java",0,0,0,0,0,0,0,0,0,0,0,0,0,0,0,0,0.00065359477124183,0,0,0.00130718954248366,0,0.835294117647059,0,0,0.0464052287581699,0,0,0,0,0,0.106535947712418,0,0,0.00065359477124183,0,0,0,0,0,0,0,0,0,0.00784313725490196,0,0.00065359477124183,0,0,0,0.00065359477124183
"000481.java",0,0,0,0.00719424460431655,0,0,0,0,0,0,0,0,0,0,0,0,0,0,0,0,0.0215827338129496,0.0431654676258993,0.00719424460431655,0,0,0,0,0,0,0,0.244604316546763,0,0.618705035971223,0,0.0431654676258993,0,0,0.00719424460431655,0,0,0.00719424460431655,0,0,0,0,0,0,0,0,0
"000482.java",0,0,0,0,0,0,0,0,0,0,0.00275482093663912,0,0,0,0,0,0,0,0,0,0.00550964187327824,0.0771349862258953,0,0,0,0,0,0.00275482093663912,0,0.00275482093663912,0,0,0.859504132231405,0,0,0,0,0,0,0,0,0,0,0,0,0,0.0495867768595041,0,0,0
"000488.java",0,0,0,0.000382848392036753,0.000191424196018377,0,0,0,0.000765696784073507,0,0,0,0.000382848392036753,0,0,0,0,0,0,0,0,0,0,0,0.000191424196018377,0,0,0,0,0,0.251339969372129,0,0,0,0,0,0,0,0.701378254211332,0,0,0,0,0.0453675344563553,0,0,0,0,0,0
"000489.java",0.0277777777777778,0,0,0,0.0555555555555556,0,0,0,0,0,0,0,0,0,0.277777777777778,0,0.25,0,0,0,0,0,0,0,0,0,0,0,0,0,0.0277777777777778,0.0833333333333333,0.277777777777778,0,0,0,0,0,0,0,0,0,0,0,0,0,0,0,0,0
"000490.java",0,0,0,0,0,0,0,0,0,0,0,0,0,0,0,0,0,0,0,0,0,0,0,0,0,0,0,0,0,0,0.473002159827214,0.423326133909287,0,0,0,0,0,0.00215982721382289,0,0,0,0,0,0.101511879049676,0,0,0,0,0,0
"000491.java",0,0,0,0,0.0765864332603939,0,0,0,0,0,0,0,0,0.00656455142231947,0.12472647702407,0,0,0,0,0,0,0.00437636761487965,0,0,0,0.00437636761487965,0,0.037199124726477,0.00218818380743982,0,0.164113785557987,0.177242888402626,0.343544857768052,0,0.00218818380743982,0.00218818380743982,0,0,0.00437636761487965,0.0262582056892779,0,0,0,0,0,0,0,0,0,0.0240700218818381
