"V1","V2","V3","V4","V5","V6","V7","V8","V9","V10","V11","V12","V13","V14","V15","V16","V17","V18","V19","V20","V21","V22","V23","V24","V25","V26","V27","V28","V29","V30","V31","V32","V33","V34","V35","V36","V37","V38","V39","V40","V41","V42","V43","V44","V45","V46","V47","V48","V49","V50"
"000001.java",0,0,0.0175054704595186,0,0,0.00218818380743982,0,0.601750547045952,0.00656455142231947,0.00218818380743982,0,0.00437636761487965,0.227571115973742,0,0,0,0,0,0,0,0,0,0.00218818380743982,0,0,0,0,0.0919037199124726,0,0.00218818380743982,0,0.00218818380743982,0,0,0.0109409190371991,0,0,0,0,0,0.00218818380743982,0.00437636761487965,0.0131291028446389,0,0,0,0,0.00218818380743982,0,0.00656455142231947
"000002.java",0.00122549019607843,0,0.00245098039215686,0,0,0,0,0.764705882352941,0.00735294117647059,0,0,0,0.0661764705882353,0,0,0,0.0416666666666667,0,0.00612745098039216,0,0,0,0,0,0,0,0,0.00122549019607843,0,0,0,0,0.0232843137254902,0.00612745098039216,0.00367647058823529,0,0,0.0122549019607843,0,0,0,0,0,0,0.00245098039215686,0,0,0,0.0600490196078431,0.00122549019607843
"000003.java",0,0,0,0,0,0,0,0.883550028264556,0,0,0.00508762012436405,0,0.0678349349915206,0,0,0,0.00339174674957603,0,0,0,0,0,0,0,0,0.0130016958733748,0,0.0254381006218202,0,0,0,0,0,0.000565291124929339,0,0,0,0,0,0,0,0,0,0,0,0,0,0,0,0.00113058224985868
"000004.java",0,0,0,0,0,0,0,0,0,0.0132450331125828,0,0,0.589403973509934,0,0,0,0,0,0.0397350993377483,0,0,0,0,0,0,0,0,0,0,0,0,0,0,0.0033112582781457,0.0033112582781457,0.268211920529801,0,0,0.00662251655629139,0,0,0,0,0.0662251655629139,0,0,0,0,0,0.00993377483443709
"000005.java",0,0.00881057268722467,0,0,0,0,0.00440528634361234,0,0,0,0,0,0.383259911894273,0,0,0,0.00440528634361234,0,0,0,0,0,0,0,0,0,0.026431718061674,0,0,0.462555066079295,0.00440528634361234,0.0308370044052863,0.00440528634361234,0,0,0,0,0.0308370044052863,0,0,0,0,0,0,0,0,0,0,0,0.039647577092511
"000006.java",0,0,0,0,0,0,0,0,0,0,0,0,0.619433198380567,0.00404858299595142,0,0.234817813765182,0.00404858299595142,0,0.00404858299595142,0,0.00404858299595142,0,0,0,0,0,0,0,0,0.0161943319838057,0,0,0.00404858299595142,0,0,0,0,0.0445344129554656,0,0,0.00404858299595142,0,0,0,0.0242914979757085,0,0,0.00404858299595142,0,0.0323886639676113
"000019.java",0,0,0,0,0,0,0,0.0099009900990099,0,0,0,0,0.722772277227723,0.128712871287129,0,0,0,0,0,0,0,0,0,0,0,0,0,0,0,0,0.00495049504950495,0.00495049504950495,0,0,0,0.00495049504950495,0,0,0.113861386138614,0,0,0.0099009900990099,0,0,0,0,0,0,0,0
"000020.java",0,0,0,0.0233333333333333,0.216666666666667,0,0,0,0,0,0,0.00333333333333333,0.593333333333333,0.0633333333333333,0.00333333333333333,0,0,0,0,0.01,0,0,0,0.00333333333333333,0,0,0,0,0,0,0,0,0,0.00333333333333333,0,0,0,0,0,0.00666666666666667,0,0.0166666666666667,0,0,0,0.01,0,0.0466666666666667,0,0
"000021.java",0,0,0,0,0.0195121951219512,0,0,0,0,0,0,0,0.75609756097561,0.136585365853659,0,0,0,0,0,0.0146341463414634,0,0,0,0,0,0,0.0536585365853659,0,0,0,0,0,0,0.0048780487804878,0,0,0,0,0,0.0048780487804878,0,0,0,0,0,0,0,0.00975609756097561,0,0
"000024.java",0,0.776774969915764,0,0,0.000601684717208183,0,0,0.00120336943441637,0,0,0,0,0.152827918170878,0,0.000601684717208183,0,0.0607701564380265,0,0,0,0,0,0,0.00300842358604091,0,0,0,0,0,0,0,0,0,0,0.00240673886883273,0,0.00120336943441637,0,0,0,0,0,0,0,0,0,0.000601684717208183,0,0,0
"000026.java",0,0,0,0,0,0,0,0,0,0,0,0,0.569521690767519,0,0,0,0,0,0,0,0,0,0,0,0.00444938820912125,0,0.00111234705228031,0,0,0.00333704115684093,0,0,0,0,0,0.379310344827586,0,0,0,0.00111234705228031,0,0.00778642936596218,0,0.00444938820912125,0,0,0,0,0.0289210233592881,0
"000027.java",0,0.000339673913043478,0,0,0,0,0,0.000339673913043478,0,0.000169836956521739,0,0,0.0140964673913043,0.000509510869565217,0,0,0.146908967391304,0,0,0,0.836616847826087,0,0,0,0,0.000339673913043478,0,0,0,0,0,0,0.000509510869565217,0,0,0,0,0,0,0,0,0,0,0.000169836956521739,0,0,0,0,0,0
"000031.java",0,0,0,0,0,0,0,0,0,0,0,0,0.0477923722107928,0,0,0,0.000158252888115208,0,0,0,0,0,0,0,0,0,0,0,0,0,0,0,0,0,0,0,0.000949517328691249,0,0,0,0,0,0,0.951099857572401,0,0,0,0,0,0
"000036.java",0,0,0,0,0,0,0,0,0,0,0,0,0.292504570383912,0,0,0,0.108470444850701,0,0,0,0,0.00304692260816575,0,0,0,0,0.592321755027422,0,0,0,0,0,0,0,0,0,0,0,0,0,0,0,0,0,0,0,0,0,0,0.0036563071297989
"000037.java",0,0,0,0,0,0.00150375939849624,0,0,0.00150375939849624,0,0,0,0.398496240601504,0,0,0,0.0556390977443609,0,0,0,0,0.0105263157894737,0,0,0,0.00300751879699248,0.526315789473684,0,0,0,0,0,0.00150375939849624,0,0,0,0,0,0.00150375939849624,0,0,0,0,0,0,0,0,0,0,0
"000041.java",0,0,0,0,0,0,0,0.00338028169014085,0,0,0.00112676056338028,0,0.08,0,0,0,0.462535211267606,0,0.451267605633803,0,0,0,0,0,0,0,0.00112676056338028,0,0,0,0,0,0,0,0,0,0,0,0,0,0.000563380281690141,0,0,0,0,0,0,0,0,0
"000044.java",0,0,0,0,0,0,0,0,0.00218340611353712,0,0,0,0.438864628820961,0,0.00218340611353712,0,0.0262008733624454,0,0,0.0436681222707424,0.00436681222707424,0,0,0,0,0.290393013100437,0,0,0,0,0,0.0305676855895196,0,0,0,0.150655021834061,0,0,0,0,0,0,0.00218340611353712,0,0,0.00218340611353712,0.00218340611353712,0,0.00436681222707424,0
"000045.java",0,0,0,0,0,0,0,0,0,0,0.954084098598357,0.000322216851941357,0.037054937973256,0,0,0,0.00273884324150153,0,0,0,0,0,0,0,0,0,0,0,0,0,0,0,0,0,0,0,0,0.000161108425970678,0,0,0.00209440953761882,0.000161108425970678,0,0,0,0,0,0.000161108425970678,0,0.00322216851941357
"000046.java",0,0,0,0,0,0,0,0,0,0,0.8216632676184,0.108769544527532,0.0564242012236574,0,0,0,0.000226603217765692,0,0,0,0,0,0,0,0.000226603217765692,0,0.00181282574212554,0,0,0.000453206435531385,0,0,0.00861092227509631,0,0,0,0,0.000453206435531385,0,0,0.000906412871062769,0,0,0,0,0,0.000453206435531385,0,0,0
"000060.java",0,0,0,0,0,0,0,0,0,0,0,0,0.0624450307827617,0,0.927000879507476,0.000879507475813544,0,0,0,0,0,0.000879507475813544,0,0.000879507475813544,0.000879507475813544,0,0,0,0,0.000879507475813544,0,0,0,0,0,0,0,0,0,0.000879507475813544,0.000879507475813544,0,0.000879507475813544,0,0.00175901495162709,0,0,0,0.00175901495162709,0
"000063.java",0,0,0,0,0,0.000523012552301255,0,0.00209205020920502,0,0,0,0.00104602510460251,0.0575313807531381,0,0,0,0.425209205020921,0,0,0,0,0,0,0,0.000523012552301255,0,0,0,0,0,0,0,0,0,0,0,0.118723849372385,0.000523012552301255,0,0,0.00209205020920502,0,0,0,0.373430962343096,0.0172594142259414,0,0.00104602510460251,0,0
"000067.java",0,0,0.000390854016025015,0,0,0.930427985147547,0,0.000195427008012507,0,0,0,0,0.06546804768419,0.000195427008012507,0,0.000195427008012507,0,0,0,0,0,0.000195427008012507,0,0.000390854016025015,0,0,0.000195427008012507,0.000195427008012507,0,0,0.000390854016025015,0,0,0.000195427008012507,0,0.000390854016025015,0,0,0,0,0,0,0,0,0,0,0,0,0,0.00117256204807504
"000070.java",0,0.00324675324675325,0,0,0,0,0,0,0.00324675324675325,0,0,0,0.498376623376623,0.0227272727272727,0,0,0,0,0,0.311688311688312,0,0.0779220779220779,0,0,0,0,0,0.0779220779220779,0,0,0,0,0,0,0,0,0,0,0,0.00324675324675325,0.00162337662337662,0,0,0,0,0,0,0,0,0
"000077.java",0.411167512690355,0,0,0.0126903553299492,0,0.00253807106598985,0,0,0.00761421319796954,0,0.0126903553299492,0,0.380710659898477,0.00761421319796954,0,0,0,0,0,0.0126903553299492,0,0,0,0,0,0,0,0,0,0,0.00253807106598985,0.0050761421319797,0,0,0.114213197969543,0.0126903553299492,0,0,0,0,0,0.00253807106598985,0,0,0,0,0,0,0.0152284263959391,0
"000082.java",0,0,0,0,0,0,0,0.00588235294117647,0,0,0,0,0.482352941176471,0,0.170588235294118,0,0,0,0,0,0,0,0,0,0,0,0,0,0,0,0,0.247058823529412,0,0.0882352941176471,0,0.00588235294117647,0,0,0,0,0,0,0,0,0,0,0,0,0,0
"000084.java",0,0,0.00452488687782805,0,0,0,0,0,0,0,0,0,0.701357466063348,0,0,0.199095022624434,0,0,0,0,0,0,0,0,0,0,0,0,0,0,0,0,0,0,0,0,0,0,0,0,0,0,0,0.0588235294117647,0,0,0,0,0,0.0361990950226244
"000085.java",0,0,0.00272479564032698,0,0.384196185286104,0,0,0,0,0,0,0,0.5858310626703,0,0,0,0,0,0,0,0,0,0,0,0,0,0,0,0,0,0,0,0.00272479564032698,0,0,0,0,0,0.0163487738419619,0,0,0.00544959128065395,0,0.00272479564032698,0,0,0,0,0,0
"000096.java",0,0,0.000348675034867503,0,0,0,0.00244072524407252,0,0,0,0,0,0.162482566248257,0.000348675034867503,0,0,0,0,0,0,0,0,0.000697350069735007,0,0,0,0,0.833333333333333,0,0,0,0,0,0,0,0,0,0,0,0,0.000348675034867503,0,0,0,0,0,0,0,0,0
"000102.java",0,0,0,0,0.00064882400648824,0.00145985401459854,0.00048661800486618,0,0.00016220600162206,0.00032441200324412,0,0,0.338523925385239,0,0,0,0.00032441200324412,0.00032441200324412,0,0.00421735604217356,0,0,0,0,0,0.00227088402270884,0.00194647201946472,0.00048661800486618,0,0.00048661800486618,0.00194647201946472,0.00145985401459854,0,0,0,0,0,0.00194647201946472,0,0,0,0.638767234387672,0,0,0,0.0008110300081103,0,0,0.00016220600162206,0.0032441200324412
"000108.java",0,0,0,0,0.012987012987013,0,0,0,0,0,0.00649350649350649,0,0.694805194805195,0,0,0,0,0,0.00649350649350649,0,0,0.0324675324675325,0,0,0,0.0324675324675325,0.038961038961039,0,0.025974025974026,0.00649350649350649,0,0,0,0.012987012987013,0,0.12987012987013,0,0,0,0,0,0,0,0,0,0,0,0,0,0
"000112.java",0,0,0,0,0,0,0,0,0,0,0,0,0,0,0,0.222222222222222,0,0,0,0,0,0,0,0,0,0,0,0,0,0,0,0,0,0,0,0.0888888888888889,0,0,0,0,0,0,0,0,0,0,0.688888888888889,0,0,0
"000114.java",0,0,0.00431034482758621,0,0,0,0,0.0021551724137931,0.0021551724137931,0.710129310344828,0,0,0.258620689655172,0,0,0,0,0,0,0.0021551724137931,0,0.00323275862068966,0,0,0,0.00107758620689655,0.0021551724137931,0,0,0,0,0,0,0,0,0,0.0021551724137931,0,0,0,0,0,0,0.00862068965517241,0.00107758620689655,0.0021551724137931,0,0,0,0
"000118.java",0,0,0,0,0,0.0501193317422434,0.0143198090692124,0,0,0,0,0,0.560859188544153,0.00238663484486874,0,0,0,0,0,0,0,0,0,0,0,0.00238663484486874,0.00954653937947494,0,0,0,0,0,0,0,0.0381861575178998,0.298329355608592,0,0,0.00954653937947494,0,0,0,0,0,0,0,0,0.0143198090692124,0,0
"000119.java",0,0,0,0,0,0,0,0.000957854406130268,0,0,0,0,0.193486590038314,0,0,0,0.181034482758621,0,0,0,0,0,0.422413793103448,0,0,0.0977011494252874,0,0.000957854406130268,0,0,0,0,0,0,0.00574712643678161,0,0,0.000957854406130268,0.0277777777777778,0.00191570881226054,0.00191570881226054,0,0,0,0.0613026819923372,0.0028735632183908,0,0,0,0.000957854406130268
"000121.java",0.0053475935828877,0.0053475935828877,0,0,0,0,0,0,0,0,0.0106951871657754,0,0.310160427807487,0,0.0053475935828877,0,0,0,0,0,0,0,0,0,0,0,0,0,0,0.331550802139037,0,0,0.0320855614973262,0,0,0,0,0,0,0,0,0,0,0,0,0,0.144385026737968,0,0.155080213903743,0
"000122.java",0,0,0.00302877334679455,0,0,0,0.43311458859162,0.00201918223119637,0,0,0,0,0.278142352347299,0,0,0,0.00656234225138819,0,0,0,0,0,0,0,0,0,0,0.139323573952549,0,0.00656234225138819,0,0,0,0,0,0,0,0,0.0762241292276628,0,0,0.055022715800101,0,0,0,0,0,0,0,0
"000123.java",0,0,0,0,0,0.00576368876080692,0,0,0.0922190201729107,0,0,0,0.452449567723343,0,0,0,0,0,0.0345821325648415,0,0,0,0,0,0,0,0,0,0.00864553314121038,0.31700288184438,0,0,0,0.0259365994236311,0,0,0,0,0,0.00576368876080692,0,0.0461095100864553,0,0,0,0,0.00288184438040346,0,0.00864553314121038,0
"000124.java",0,0,0,0,0,0,0.672518568534774,0,0,0,0,0.000675219446320054,0.315327481431465,0,0,0,0,0,0,0,0,0.00270087778528022,0,0,0,0,0,0,0,0.000675219446320054,0,0,0,0,0,0,0.00472653612424038,0,0,0,0.00202565833896016,0,0,0.000675219446320054,0.000675219446320054,0,0,0,0,0
"000125.java",0,0.00465116279069767,0,0,0.00465116279069767,0,0,0,0,0.0232558139534884,0,0,0.455813953488372,0,0,0,0.172093023255814,0,0,0,0,0.027906976744186,0,0,0,0.232558139534884,0,0.00465116279069767,0,0,0,0,0.00465116279069767,0,0,0,0,0,0.0511627906976744,0.00465116279069767,0,0,0,0,0,0,0,0,0.00930232558139535,0.00465116279069767
"000126.java",0,0,0,0,0,0,0,0,0,0,0,0,0,0,0,0,0,0,0,0,0.00273224043715847,0,0,0,0.0191256830601093,0,0,0,0,0,0,0,0,0,0,0,0,0.00546448087431694,0,0,0,0,0,0,0,0,0.972677595628415,0,0,0
"000127.java",0,0,0,0,0,0.000323729362253156,0.709291032696666,0,0.000647458724506313,0,0,0,0.179022337325995,0,0,0,0.0349627711233409,0,0,0.000647458724506313,0,0,0,0,0.00226610553577209,0.00615085788280997,0,0,0,0,0,0,0,0.000971188086759469,0.0343153123988346,0,0.00161864681126578,0.000971188086759469,0.0203949498219489,0,0.0051796697960505,0,0,0.00323729362253156,0,0,0,0,0,0
"000128.java",0,0,0,0,0,0,0,0,0,0,0,0,0.370967741935484,0,0,0,0,0,0,0,0,0,0,0,0,0.0032258064516129,0,0,0,0,0,0,0,0,0,0,0,0,0,0.00967741935483871,0,0,0,0,0,0,0.616129032258064,0,0,0
"000130.java",0,0,0,0,0,0,0,0,0,0,0,0,0,0,0,0,0,0,0,0,0,0,0,0,0,0,0,0.00452488687782805,0,0,0,0,0,0.00904977375565611,0,0.0135746606334842,0,0,0,0.0180995475113122,0,0,0,0,0,0,0.95475113122172,0,0,0
"000131.java",0,0,0,0,0,0,0,0,0,0,0,0,0,0,0,0,0,0,0,0,0.025,0,0,0,0,0,0,0,0,0.025,0,0.05,0,0,0,0,0,0,0,0,0,0,0,0,0,0,0.9,0,0,0
"000132.java",0,0,0,0,0,0.0612244897959184,0,0,0,0,0,0,0,0,0.102040816326531,0,0,0,0,0,0,0,0,0,0,0,0,0,0.0204081632653061,0.346938775510204,0,0,0,0.102040816326531,0,0,0,0,0,0,0,0,0,0,0,0,0.36734693877551,0,0,0
"000133.java",0,0,0.00114285714285714,0,0,0,0,0,0,0,0,0,0.00114285714285714,0,0.0342857142857143,0,0,0,0,0,0,0,0,0.00685714285714286,0,0,0,0,0,0,0,0.00114285714285714,0,0,0,0,0,0,0,0,0,0,0,0,0,0,0.955428571428571,0,0,0
"000134.java",0,0,0,0.00313479623824451,0,0,0,0,0,0,0,0,0,0,0,0,0,0,0,0,0,0,0,0,0,0,0,0,0,0,0,0,0,0,0,0,0,0,0,0,0,0,0,0,0,0,0.996865203761755,0,0,0
"000135.java",0.0020703933747412,0,0,0,0,0,0,0,0,0,0,0,0.020703933747412,0,0,0,0,0,0,0,0,0,0,0,0,0,0.0062111801242236,0,0,0,0,0,0,0.492753623188406,0,0,0,0,0,0,0,0,0.0020703933747412,0.0020703933747412,0,0.0020703933747412,0.472049689440994,0,0,0
"000136.java",0,0,0,0,0,0,0,0,0,0,0,0,0,0,0,0,0,0,0,0,0,0,0,0,0,0,0,0,0,0,0,0,0,0,0,0,0,0,0,0,0.00273972602739726,0,0,0,0,0,0.997260273972603,0,0,0
"000149.java",0,0,0,0,0,0,0,0,0,0,0.0109907241406189,0,0,0,7.79483981604178e-05,0,0.0491074908410632,0,0,0,0,0.938576662249591,0,0,0,0,0,0,0,0,0,0.000155896796320836,0,0,0,0,0,0.000233845194481253,0,7.79483981604178e-05,0,0,0,0,0.000623587185283342,0,0,7.79483981604178e-05,0,7.79483981604178e-05
"000150.java",0,0,0,0,0.781862745098039,0,0,0,0,0,0,0,0.151960784313725,0,0.0514705882352941,0,0,0,0.00245098039215686,0.00245098039215686,0,0,0,0,0,0,0,0,0,0,0,0,0,0,0,0.00245098039215686,0,0,0.00490196078431373,0,0,0,0,0,0,0,0,0.00245098039215686,0,0
"000152.java",0,0,0,0,0,0,0,0,0,0,0,0,0.121651785714286,0,0,0,0,0,0,0,0,0,0,0,0,0,0,0,0,0,0,0,0,0,0,0.00111607142857143,0,0,0,0,0,0,0,0,0,0,0,0,0.876116071428571,0.00111607142857143
"000155.java",0.494736842105263,0,0,0.00584795321637427,0,0,0.0327485380116959,0.0128654970760234,0,0,0,0,0.290058479532164,0,0.0105263157894737,0,0.0257309941520468,0,0.00116959064327485,0,0.00116959064327485,0.00701754385964912,0,0,0,0.109941520467836,0.00116959064327485,0,0.00116959064327485,0,0,0,0,0,0,0,0,0,0,0,0,0,0,0.00233918128654971,0,0.00233918128654971,0.00116959064327485,0,0,0
"000159.java",0,0,0,0,0,0,0,0,0,0,0,0,0.244431753283838,0,0,0,0,0,0,0,0,0,0,0,0,0,0,0,0,0,0,0.000571102227298686,0,0,0,0,0.0131353512278698,0.737864077669903,0,0,0,0,0,0,0,0,0,0,0,0.00399771559109081
"000160.java",0,0,0,0,0,0,0,0,0,0,0,0,0.111600587371512,0.00146842878120411,0,0,0.000734214390602056,0,0,0,0,0.00146842878120411,0,0,0,0,0.00146842878120411,0,0,0.883259911894273,0,0,0,0,0,0,0,0,0,0,0,0,0,0,0,0,0,0,0,0
"000161.java",0,0,0,0.00354609929078014,0,0,0,0,0,0,0,0,0.712765957446808,0.124113475177305,0,0,0,0,0,0,0,0.0106382978723404,0,0,0,0,0.0106382978723404,0,0,0,0,0,0,0.00354609929078014,0.127659574468085,0,0,0,0,0,0,0,0,0,0,0,0.00354609929078014,0,0.00354609929078014,0
"000162.java",0,0,0,0,0,0,0,0,0.0175097276264591,0,0,0,0.556420233463035,0.0875486381322957,0,0,0.0136186770428016,0,0,0,0,0.0428015564202335,0,0,0.00194552529182879,0,0,0,0,0,0,0,0,0.223735408560311,0,0,0,0,0.0214007782101167,0,0,0.0350194552529183,0,0,0,0,0,0,0,0
"000163.java",0,0.00161290322580645,0.362903225806452,0,0,0,0,0,0.067741935483871,0,0,0,0.482258064516129,0.0790322580645161,0,0,0,0,0.00483870967741936,0,0,0,0,0,0,0,0,0,0,0,0,0,0,0,0,0,0,0,0,0,0,0,0,0,0,0,0,0,0.00161290322580645,0
"000164.java",0,0,0,0,0,0,0,0,0.414148123546994,0.0013284623048821,0,0,0.201926270342079,0,0,0,0.253736300232481,0.000332115576220525,0,0.0428429093324477,0.0554633012288276,0,0,0,0.00066423115244105,0.000996346728661574,0,0.0209232813018931,0,0,0,0,0,0,0,0,0,0,0.000996346728661574,0,0,0.000332115576220525,0,0.00365327133842577,0,0.000332115576220525,0,0,0.00232480903354367,0
"000165.java",0,0,0,0.00108342361863489,0.00108342361863489,0,0,0,0.0400866738894908,0,0,0.00108342361863489,0.37919826652221,0.00216684723726977,0,0,0,0,0,0,0,0,0.00216684723726977,0,0.00108342361863489,0.00108342361863489,0,0,0,0,0.00433369447453954,0,0,0.075839653304442,0.0151679306608884,0,0,0.242686890574215,0,0,0,0,0.0140845070422535,0,0.218851570964247,0,0,0,0,0
"000170.java",0,0,0,0,0,0,0,0,0,0,0,0,0.383808095952024,0.209895052473763,0,0,0.0464767616191904,0,0.00449775112443778,0,0,0,0,0,0.0824587706146927,0,0,0,0,0,0,0,0,0,0.0104947526236882,0.00149925037481259,0.00749625187406297,0,0,0,0,0,0,0,0,0.253373313343328,0,0,0,0
"000171.java",0,0.0797285835453774,0.000848176420695505,0,0,0,0,0,0,0,0,0,0.289228159457167,0,0,0,0,0,0,0,0.00763358778625954,0,0,0.00763358778625954,0,0,0,0.0144189991518236,0.00169635284139101,0,0,0,0,0,0,0,0,0,0,0,0.0373197625106022,0,0.00169635284139101,0,0.00254452926208651,0.556403731976251,0,0,0.000848176420695505,0
"000172.java",0,0,0,0,8.95335303071e-05,0,8.95335303071e-05,0,0,0,0,0,0,0,0,0,0.124451607126869,0,8.95335303071e-05,0,0,0,0,0.0002686005909213,0,0,0,0,0,0,8.95335303071e-05,0,0,0,0.202882979675889,8.95335303071e-05,0.0002686005909213,0,0,0,0.671680544363864,0,0,0,0,0,0,0,0,0
"000173.java",0,0,0,0,0,0,0,0,0,0,0,0,0.0750131141808008,0,0,0,0.0162615841930407,0,0,0,0,0,0,0,0,0,0,0,0,0,0,0,0,0.000174855744011191,0,0,0.903829340793845,0,0,0,0,0.00437139360027977,0,0,0,0.000349711488022382,0,0,0,0
"000174.java",0,0.00115606936416185,0,0,0.0658959537572254,0,0,0,0,0,0,0,0.458959537572254,0.0682080924855491,0,0.00346820809248555,0.122543352601156,0,0,0.267052023121387,0,0,0,0,0,0,0.0023121387283237,0,0,0,0,0,0,0,0,0,0,0,0,0,0,0,0,0,0,0,0,0.0104046242774566,0,0
"000175.java",0,0,0,0.53209242618742,0,0,0,0,0,0.000641848523748395,0,0,0.446084724005135,0,0,0,0.00449293966623877,0,0,0.00513478818998716,0,0.00256739409499358,0,0,0,0.000641848523748395,0,0,0,0.00256739409499358,0,0.00128369704749679,0,0,0,0,0,0.000641848523748395,0,0,0.00385109114249037,0,0,0,0,0,0,0,0,0
"000176.java",0,0,0,0,0,0,0,0,0,0,0.00416666666666667,0,0.425,0.38125,0,0,0,0,0,0.00208333333333333,0,0,0,0,0,0,0.00208333333333333,0.00416666666666667,0,0,0,0,0,0,0,0,0.075,0,0.0208333333333333,0,0.0854166666666667,0,0,0,0,0,0,0,0,0
"000177.java",0,0,0,0,0,0,0,0,0,0,0,0,0.498360655737705,0.347540983606557,0,0,0,0,0,0,0,0,0,0,0.108196721311475,0,0,0,0,0,0,0,0,0,0,0,0,0,0.0459016393442623,0,0,0,0,0,0,0,0,0,0,0
"000178.java",0,0,0,0,0,0.00840336134453781,0,0,0.0210084033613445,0,0,0,0.403361344537815,0.214285714285714,0,0,0.0630252100840336,0,0,0.00840336134453781,0,0.176470588235294,0,0,0,0,0,0,0,0,0,0,0,0,0,0,0.00840336134453781,0,0,0,0,0,0,0,0,0.0882352941176471,0.00420168067226891,0.00420168067226891,0,0
"000179.java",0,0.00148148148148148,0,0,0,0,0,0,0,0,0,0,0.108148148148148,0,0,0,0.174814814814815,0,0,0,0.00296296296296296,0,0,0,0,0,0,0,0,0,0,0,0,0,0,0,0,0.0385185185185185,0,0,0.234074074074074,0,0,0,0,0.0325925925925926,0,0,0.407407407407407,0
"000183.java",0,0,0,0,0,0,0,0,0,0,0,0,0.217622080679406,0,0,0,0,0,0,0.000353857041755131,0,0.00212314225053079,0,0,0.772469922151451,0,0.00707714083510262,0,0,0,0,0,0,0,0,0,0,0,0,0,0,0,0,0,0.000353857041755131,0,0,0,0,0
"000185.java",0,0,0,0.000170212765957447,0,0,0,0,0.000340425531914894,0,0,0,0.100085106382979,0,0,0,0.00476595744680851,0,0,0,0,0,0,0,0,0,0,0,0,0,0,0,0.000170212765957447,0,0,0,0.000170212765957447,0,0.891234042553191,0.000170212765957447,0,0.000680851063829787,0,0,0,0,0,0,0.00051063829787234,0.00170212765957447
"000187.java",0,0,0,0,0,0,0,0.00269541778975741,0,0,0,0,0.512129380053908,0.194070080862534,0,0,0,0,0.00808625336927224,0,0,0,0.00539083557951483,0,0.261455525606469,0,0,0,0,0,0,0,0,0,0,0,0,0,0,0,0,0,0,0,0,0,0.00269541778975741,0.0134770889487871,0,0
"000188.java",0,0,0,0,0,0,0.00174825174825175,0,0,0,0,0.0034965034965035,0.494755244755245,0.0751748251748252,0,0,0.0104895104895105,0,0,0,0,0,0,0.0034965034965035,0,0.020979020979021,0,0,0,0,0,0,0,0,0,0.00174825174825175,0,0,0.00174825174825175,0,0,0,0,0,0.00174825174825175,0.384615384615385,0,0,0,0
"000189.java",0,0,0.00213219616204691,0.00639658848614072,0,0,0.0405117270788913,0,0,0,0,0.000710732054015636,0.769722814498934,0,0,0,0,0,0,0,0,0,0,0,0.11727078891258,0,0,0.0419331911869225,0,0,0,0.000710732054015636,0,0.000710732054015636,0,0,0,0,0.0199004975124378,0,0,0,0,0,0,0,0,0,0,0
"000190.java",0,0,0.0664335664335664,0,0,0,0,0,0.178321678321678,0,0,0,0.531468531468531,0.192307692307692,0,0,0,0,0,0,0.0034965034965035,0,0,0,0.0104895104895105,0,0,0.0034965034965035,0,0.0034965034965035,0,0,0,0.0034965034965035,0,0,0,0.0034965034965035,0,0,0,0,0,0,0,0.0034965034965035,0,0,0,0
"000191.java",0,0.00686106346483705,0,0,0,0.00343053173241852,0,0,0,0,0,0,0.178387650085763,0,0,0,0.00171526586620926,0,0,0,0,0,0,0.00171526586620926,0,0,0,0.032590051457976,0,0.00686106346483705,0,0.00171526586620926,0.0137221269296741,0,0,0,0,0,0,0,0,0,0.753001715265866,0,0,0,0,0,0,0
"000193.java",0,0,0,0,0,0,0.000635727908455181,0,0,0,0,0.0101716465352829,0.147171010807374,0,0,0,0.0750158931977114,0,0,0,0,0,0,0,0.00158931977113795,0,0,0,0,0,0,0,0,0,0,0,0,0.000317863954227591,0.000317863954227591,0,0,0,0,0,0,0,0,0,0,0.764780673871583
"000194.java",0,0,0.095679012345679,0,0,0.0123456790123457,0,0,0.16358024691358,0,0,0.0123456790123457,0.20679012345679,0,0,0,0.148148148148148,0,0,0.0416666666666667,0,0,0,0,0.112654320987654,0,0,0,0,0.183641975308642,0,0,0,0,0,0,0,0,0,0,0,0,0,0,0,0,0,0.00617283950617284,0,0.0169753086419753
"000195.java",0,0,0,0,0,0,0,0,0,0.000821692686935086,0,0,0.42974527526705,0.00328677074774034,0,0,0,0,0,0.340180772391126,0,0,0,0,0,0,0.0147904683648316,0,0,0,0,0.00164338537387017,0,0,0.00164338537387017,0,0.00164338537387017,0,0.0394412489728841,0,0,0.0542317173377157,0,0,0,0,0,0.0254724732949877,0.0435497124075596,0.0435497124075596
"000196.java",0,0,0.000411353352529823,0.000411353352529823,0,0,0,0,0,0,0,0.00740436034553682,0.284245166598108,0,0,0,0,0,0,0.550802139037433,0.000411353352529823,0,0,0,0.000411353352529823,0,0,0,0,0,0.020979020979021,0,0.134101192924722,0,0,0,0,0.000411353352529823,0,0,0,0,0,0,0,0,0,0,0.000411353352529823,0
"000197.java",0,0,0.598273572377158,0,0,0,0,0,0,0,0,0.000664010624169987,0.302788844621514,0.00199203187250996,0,0,0,0,0.00398406374501992,0,0,0.00464807436918991,0,0,0,0.00199203187250996,0.000664010624169987,0.0577689243027888,0,0,0,0,0,0.000664010624169987,0,0,0.000664010624169987,0,0,0,0.000664010624169987,0.0252324037184595,0,0,0,0,0,0,0,0
"000198.java",0,0,0,0.00165562913907285,0,0.00165562913907285,0,0,0,0,0,0,0.44205298013245,0,0,0,0,0,0.00165562913907285,0,0,0,0,0,0,0,0,0,0,0,0,0.00165562913907285,0,0,0,0,0,0.00165562913907285,0,0,0,0.0562913907284768,0,0,0,0.00165562913907285,0,0.491721854304636,0,0
"000199.java",0,0,0,0,0,0,0,0,0,0,0,0,0.234375,0.19921875,0.001953125,0,0.12890625,0,0,0.0703125,0,0.279296875,0,0,0,0,0,0,0,0,0,0,0,0,0,0,0,0,0,0,0.080078125,0,0.005859375,0,0,0,0,0,0,0
"000200.java",0,0,0,0,0,0,0,0,0,0,0.00383141762452107,0,0.371647509578544,0.256704980842912,0,0,0.0919540229885057,0,0,0.00766283524904215,0,0.111111111111111,0,0,0,0,0,0,0,0,0,0,0,0,0,0,0,0,0,0,0,0,0,0.0268199233716475,0,0,0,0,0,0.130268199233716
"000201.java",0,0,0,0,0,0,0.000628140703517588,0,0,0,0,0.82820351758794,0.134108040201005,0,0,0,0.0310929648241206,0,0.000314070351758794,0,0,0.000314070351758794,0,0,0,0,0,0,0,0,0,0,0,0.000314070351758794,0,0,0,0,0.0050251256281407,0,0,0,0,0,0,0,0,0,0,0
"000202.java",0,0,0,0,0,0,0,0,0,0,0,0.0827067669172932,0.466165413533835,0.112781954887218,0,0,0,0,0,0,0,0,0,0,0,0,0,0,0,0,0,0.0075187969924812,0.323308270676692,0,0,0,0,0,0,0,0,0,0,0,0,0,0,0,0.0075187969924812,0
"000225.java",0,0,0,0,0,0,0.00536912751677852,0,0,0,0,0,0.260402684563758,0.112751677852349,0.00402684563758389,0,0.00939597315436242,0,0,0,0,0,0.00402684563758389,0,0,0,0,0,0,0,0,0.252348993288591,0,0,0,0,0.00402684563758389,0,0,0,0.214765100671141,0,0,0,0.12751677852349,0,0,0,0.00536912751677852,0
"000226.java",0,0,0,0,0,0,0.0128205128205128,0,0,0,0,0,0.44017094017094,0.111111111111111,0.141025641025641,0,0,0,0,0,0,0,0,0,0,0,0,0,0,0,0,0,0,0.0555555555555556,0,0.094017094017094,0,0,0,0,0,0,0.0299145299145299,0,0.00854700854700855,0,0.106837606837607,0,0,0
"000228.java",0,0,0,0,0,0,0,0,0,0,0,0,0.16551724137931,0,0.0206896551724138,0,0,0.00689655172413793,0,0,0,0,0,0,0,0,0,0,0.137931034482759,0.337931034482759,0,0,0,0.331034482758621,0,0,0,0,0,0,0,0,0,0,0,0,0,0,0,0
"000232.java",0,0,0,0,0,0,0,0,0,0.00285442435775452,0,0,0.0637488106565176,0,0,0,0.0723120837297812,0,0,0,0,0.00856327307326356,0,0,0.000951474785918173,0,0,0,0,0,0,0.759276879162702,0,0,0,0,0,0,0,0,0.000951474785918173,0,0,0,0,0,0,0.000951474785918173,0.0903901046622265,0
"000234.java",0,0,0,0,0,0,0,0,0,0,0,0,0.0862516212710765,0,0,0,0,0,0,0,0,0,0,0,0,0,0,0,0,0,0,0.902075226977951,0,0,0,0,0,0,0,0,0,0.0110246433203632,0,0,0,0,0,0.000648508430609598,0,0
"000236.java",0,0,0,0,0,0,0,0,0.00343642611683849,0,0.00343642611683849,0,0.130584192439863,0,0,0,0,0,0,0,0,0,0,0,0.00687285223367698,0,0,0,0,0,0,0.594501718213058,0,0.25085910652921,0,0,0,0,0.0103092783505155,0,0,0,0,0,0,0,0,0,0,0
"000237.java",0,0,0,0,0,0.00216450216450216,0,0,0,0,0,0,0.168831168831169,0,0.00216450216450216,0,0.00216450216450216,0,0,0,0,0.00216450216450216,0,0,0,0.00216450216450216,0,0,0,0,0,0.4004329004329,0,0.0692640692640693,0,0,0.00216450216450216,0,0.00216450216450216,0,0,0,0,0,0,0,0,0.00216450216450216,0.33982683982684,0.00432900432900433
"000247.java",0,0,0,0,0,0,0,0,0,0,0,0,0.212180746561886,0,0,0,0,0,0,0,0,0,0,0.000982318271119843,0,0.0108055009823183,0,0,0,0,0,0,0,0,0.0756385068762279,0,0,0,0,0.695481335952849,0,0,0,0,0.00491159135559921,0,0,0,0,0
"000248.java",0,0,0,0.00709219858156028,0,0,0,0,0,0,0,0,0.229314420803783,0,0,0,0.24822695035461,0,0,0.0236406619385343,0,0,0,0,0,0,0.00236406619385343,0,0,0,0,0.411347517730496,0.00945626477541371,0,0.0520094562647754,0,0.00236406619385343,0,0,0,0,0.0118203309692671,0,0,0,0,0.00236406619385343,0,0,0
"000286.java",0,0.00521739130434783,0,0,0,0,0,0,0,0,0,0,0.170434782608696,0,0,0,0,0,0,0,0,0,0,0.00521739130434783,0,0.137391304347826,0,0,0,0,0,0.215652173913043,0,0,0,0,0,0,0,0,0.0347826086956522,0,0.431304347826087,0,0,0,0,0,0,0
"000287.java",0,0,0,0,0,0,0,0,0,0,0,0,0.201550387596899,0,0,0,0,0,0,0,0,0,0.0155038759689922,0.00775193798449612,0,0,0,0,0.0542635658914729,0,0,0.51937984496124,0,0,0,0,0,0,0,0,0,0,0.155038759689922,0.00775193798449612,0,0,0.0387596899224806,0,0,0
"000288.java",0,0,0,0,0,0.016260162601626,0,0,0,0,0,0.00813008130081301,0.276422764227642,0,0,0,0,0,0,0,0,0,0,0,0,0,0,0,0,0,0,0.560975609756098,0,0,0,0,0,0,0,0,0,0,0.138211382113821,0,0,0,0,0,0,0
"000289.java",0,0,0,0,0,0,0,0,0,0,0,0,0.200980392156863,0,0,0,0,0,0,0.00490196078431373,0,0,0,0,0.0196078431372549,0.186274509803922,0.0196078431372549,0,0.0465686274509804,0.00245098039215686,0,0.428921568627451,0,0,0,0.00245098039215686,0,0,0,0,0,0,0.00245098039215686,0,0,0,0,0,0.0857843137254902,0
"000290.java",0,0,0.0045662100456621,0,0,0,0,0,0,0.0045662100456621,0.0182648401826484,0,0.0502283105022831,0,0,0,0.0319634703196347,0,0.292237442922374,0,0.0091324200913242,0,0,0,0,0.0182648401826484,0,0,0.091324200913242,0,0,0.397260273972603,0,0.0593607305936073,0,0,0.0045662100456621,0.0091324200913242,0,0,0,0,0,0,0,0,0,0,0.0091324200913242,0
"000291.java",0,0.0075187969924812,0,0,0,0,0,0,0,0,0,0,0.285714285714286,0,0,0,0.142857142857143,0,0,0,0,0,0.0075187969924812,0,0,0,0,0,0,0,0,0.556390977443609,0,0,0,0,0,0,0,0,0,0,0,0,0,0,0,0,0,0
"000292.java",0,0,0,0.00408163265306122,0,0.00408163265306122,0,0,0.00408163265306122,0,0,0,0.420408163265306,0,0,0,0,0,0,0,0,0,0,0,0,0.0408163265306122,0,0,0.0204081632653061,0,0.0204081632653061,0.481632653061224,0,0,0,0,0,0,0,0,0,0,0.00408163265306122,0,0,0,0,0,0,0
"000293.java",0,0,0,0,0,0,0,0,0,0,0,0,0.553956834532374,0,0,0,0,0,0,0,0,0,0,0.00719424460431655,0,0,0,0,0,0,0,0.431654676258993,0,0,0,0,0,0,0.00719424460431655,0,0,0,0,0,0,0,0,0,0,0
"000294.java",0,0.000762921991226397,0,0,0,0,0,0,0,0,0,0,0.175281327484265,0,0.000190730497806599,0.000190730497806599,0.000190730497806599,0,0,0.0217432767499523,0,0,0,0,0.0211710852565325,0,0.000190730497806599,0,0,0,0.00667556742323097,0.000190730497806599,0.752813274842647,0,0,0,0,0,0.0179286667938203,0,0,0,0,0,0,0,0,0.000953652489032996,0.00171657448025939,0
"000295.java",0,0,0,0,0,0,0,0,0,0,0,0,0.278,0,0,0,0,0.314,0,0,0,0,0,0,0,0,0,0,0,0,0,0,0.407,0,0,0,0,0,0,0,0,0,0,0,0,0,0.001,0,0,0
"000300.java",0,0,0,0,0,0,0,0,0,0,0,0.00118764845605701,0.181116389548694,0,0,0,0,0,0.000296912114014252,0,0,0.000593824228028504,0,0,0,0.000296912114014252,0,0,0,0,0.796912114014252,0,0.0151425178147268,0.000296912114014252,0.00178147268408551,0,0,0,0.00178147268408551,0.000593824228028504,0,0,0,0,0,0,0,0,0,0
"000305.java",0.00229734164752215,0,0.00426649163111257,0,0,0,0,0,0,0.000656383327863472,0,0.00262553331145389,0.165080406957663,0,0.00164095831965868,0,0,0,0.00131276665572694,0,0,0,0,0.796849360026255,0.000328191663931736,0,0,0,0,0.00951755825402035,0,0,0,0.00295372497538563,0,0,0,0,0,0,0,0.000328191663931736,0,0.000656383327863472,0.000328191663931736,0,0.0108303249097473,0,0,0.000328191663931736
"000306.java",0,0,0,0,0,0,0,0,0,0,0,0,0,0,0,0.0150753768844221,0,0,0,0.0050251256281407,0,0,0,0.0050251256281407,0,0,0,0,0,0.0100502512562814,0,0.0100502512562814,0,0,0,0,0,0.0251256281407035,0,0,0,0,0,0,0,0,0.924623115577889,0.0050251256281407,0,0
"000364.java",0,0.0454545454545455,0.0303030303030303,0,0,0,0,0,0,0,0.0151515151515152,0,0,0,0,0,0,0,0,0,0,0,0,0,0,0,0,0,0,0.196969696969697,0,0,0,0,0,0,0,0,0,0,0,0,0,0,0,0,0.636363636363636,0,0.0757575757575758,0
"000367.java",0,0,0,0.000569476082004556,0,0,0,0,0,0,0,0,0.0478359908883827,0,0,0,0.00227790432801822,0,0,0,0,0,0,0.000569476082004556,0,0,0,0,0,0,0,0,0,0,0.000569476082004556,0,0,0.00227790432801822,0,0,0.943052391799544,0,0,0,0,0,0.00113895216400911,0,0.00170842824601367,0
"000377.java",0,0,0,0,0,0,0,0,0,0,0,0,0.222222222222222,0,0,0,0,0,0,0,0,0,0.0101010101010101,0.292929292929293,0,0.0101010101010101,0,0,0,0,0,0,0,0,0,0,0,0,0,0,0,0,0,0,0,0,0.464646464646465,0,0,0
"000379.java",0,0,0,0,0,0,0,0,0,0,0,0,0.0655737704918033,0,0,0.00546448087431694,0,0,0,0,0,0,0,0,0,0,0,0,0,0,0,0.0601092896174863,0,0.0437158469945355,0,0,0,0,0,0,0,0,0,0,0,0,0.819672131147541,0.00546448087431694,0,0
"000463.java",0,0,0,0,0,0,0,0,0,0,0,0,0.126797385620915,0,0,0,0.00065359477124183,0,0,0,0,0,0,0,0,0,0,0,0.825490196078431,0,0,0.0464052287581699,0,0,0,0,0,0,0,0,0,0,0,0,0,0,0.00065359477124183,0,0,0
"000481.java",0,0,0,0,0,0,0,0,0,0,0,0,0.302158273381295,0,0,0,0,0,0,0,0,0,0,0,0,0,0,0,0.079136690647482,0.129496402877698,0,0,0,0.424460431654676,0.00719424460431655,0,0,0,0,0,0,0,0,0,0,0,0.0359712230215827,0.00719424460431655,0.00719424460431655,0.00719424460431655
"000482.java",0,0,0,0.0137741046831956,0,0,0.00550964187327824,0,0,0,0,0,0.12396694214876,0,0,0.00550964187327824,0.0303030303030303,0,0,0,0,0,0,0,0,0,0,0.00275482093663912,0.112947658402204,0.661157024793388,0,0,0,0,0,0.0413223140495868,0.00275482093663912,0,0,0,0,0,0,0,0,0,0,0,0,0
"000488.java",0,0,0,0,0,0,0,0,0,0,0.000191424196018377,0,0.238131699846861,0,0,0,0,0,0,0,0,0,0,0,0,0,0,0.00057427258805513,0,0,0,0,0,0,0.142802450229709,0.00153139356814701,0,0,0,0,0,0,0,0,0.616577335375191,0,0,0,0,0.000191424196018377
"000489.java",0,0,0,0,0,0.0277777777777778,0,0,0,0,0,0,0,0,0,0,0,0,0,0,0,0,0,0,0,0,0,0,0,0,0,0.0277777777777778,0,0.694444444444444,0,0,0,0,0,0,0,0.0555555555555556,0,0,0,0,0.194444444444444,0,0,0
"000490.java",0,0,0,0,0.520518358531317,0,0.00215982721382289,0,0,0,0.0107991360691145,0,0.455723542116631,0,0,0,0,0,0,0,0.00215982721382289,0,0,0,0,0.00215982721382289,0,0,0,0,0,0,0,0,0,0,0,0,0,0,0,0,0,0,0,0.00215982721382289,0.00431965442764579,0,0,0
"000491.java",0,0,0,0.00218818380743982,0,0,0,0,0,0,0,0,0.168490153172867,0,0,0,0.0984682713347921,0,0,0,0,0,0.00218818380743982,0,0,0.0218818380743982,0,0,0,0.310722100656455,0,0.0087527352297593,0,0.194748358862144,0.0787746170678337,0,0,0,0,0,0,0.00218818380743982,0,0,0,0,0.0568927789934354,0,0.0547045951859956,0
