"V1","V2","V3","V4","V5","V6","V7","V8","V9","V10","V11","V12","V13","V14","V15","V16","V17","V18","V19","V20","V21","V22","V23","V24","V25","V26","V27","V28","V29","V30","V31","V32","V33","V34","V35","V36","V37","V38","V39","V40","V41","V42","V43","V44","V45","V46","V47","V48","V49","V50"
"000001.java",0,0,0,0,0,0,0,0,0,0,0,0,0,0,0,0,0.0022075055187638,0,0,0,0.101545253863135,0,0,0,0,0,0,0,0,0,0,0.147902869757174,0,0.0022075055187638,0.0022075055187638,0,0,0.483443708609272,0.00441501103752759,0,0,0,0,0.0022075055187638,0.0132450331125828,0,0.231788079470199,0,0,0.00883002207505519
"000002.java",0,0,0,0,0,0,0,0.00121802679658952,0.0097442143727162,0,0,0,0,0,0,0,0,0,0,0.0158343483556638,0,0,0,0,0,0,0,0,0.0280146163215591,0,0,0.00243605359317905,0,0,0,0,0,0.745432399512789,0,0,0,0,0,0,0.0097442143727162,0,0.187576126674787,0,0,0
"000003.java",0,0,0,0,0,0,0.000577367205542725,0,0.00115473441108545,0,0,0,0,0,0,0,0,0.0219399538106236,0,0.000577367205542725,0.0178983833718245,0,0,0,0,0,0,0,0,0.01270207852194,0.00519630484988453,0.00577367205542725,0,0,0,0,0,0.835450346420323,0,0,0,0,0,0,0,0,0.098729792147806,0,0,0
"000004.java",0,0,0,0,0,0,0,0.0033112582781457,0,0,0.0033112582781457,0.0033112582781457,0,0,0,0,0,0,0,0,0,0,0.00662251655629139,0.0033112582781457,0,0,0,0.0033112582781457,0,0,0,0.281456953642384,0,0,0,0,0,0,0,0,0,0,0,0,0,0.129139072847682,0.566225165562914,0,0,0
"000005.java",0,0,0,0,0.00440528634361234,0,0,0,0,0,0,0.00881057268722467,0,0,0,0,0,0.039647577092511,0,0.00440528634361234,0,0,0,0,0,0.378854625550661,0,0,0,0.114537444933921,0.00440528634361234,0,0,0,0,0,0,0,0,0,0,0,0,0,0,0,0.444933920704846,0,0,0
"000006.java",0,0,0.153846153846154,0,0,0,0,0,0,0.0323886639676113,0,0,0.230769230769231,0,0,0,0.0161943319838057,0.0242914979757085,0,0,0,0,0,0,0,0,0,0,0,0,0,0,0,0.0121457489878543,0,0,0,0,0,0,0,0,0,0,0.00404858299595142,0,0.526315789473684,0,0,0
"000019.java",0,0,0,0.00495049504950495,0,0,0,0,0,0,0,0,0,0,0,0,0,0.0148514851485149,0.0792079207920792,0.00495049504950495,0,0,0.00495049504950495,0,0,0,0,0,0,0,0,0,0,0,0,0.00495049504950495,0,0,0,0.0693069306930693,0,0,0,0,0,0,0.811881188118812,0.00495049504950495,0,0
"000020.java",0,0,0,0,0,0,0,0,0,0.07,0,0,0,0.00333333333333333,0,0,0,0.00333333333333333,0.133333333333333,0,0.00333333333333333,0,0,0,0,0,0,0,0,0,0,0,0,0.123333333333333,0,0,0,0,0,0,0,0,0,0.00333333333333333,0,0,0.636666666666667,0,0,0.0233333333333333
"000021.java",0,0,0,0,0,0,0,0,0,0,0,0,0,0,0,0,0,0,0.140540540540541,0,0,0,0,0,0,0,0.0378378378378378,0.0108108108108108,0,0,0,0,0,0,0,0,0,0,0,0,0,0,0,0,0.0108108108108108,0,0.8,0,0,0
"000024.java",0,0,0.000601684717208183,0,0.00300842358604091,0,0,0,0.00180505415162455,0,0,0,0,0,0,0,0.000601684717208183,0,0.00120336943441637,0,0.00240673886883273,0,0,0,0,0,0,0,0,0,0,0,0.767148014440433,0,0.0036101083032491,0,0,0,0,0,0,0,0,0,0,0,0.18531889290012,0,0.0342960288808664,0
"000026.java",0,0,0,0,0,0,0,0,0,0,0,0,0,0,0.00113378684807256,0,0,0,0,0,0,0.00113378684807256,0,0,0,0.00226757369614512,0,0,0.00226757369614512,0,0.0090702947845805,0.00113378684807256,0,0,0,0.00113378684807256,0,0,0.0102040816326531,0,0,0,0,0,0,0.385487528344671,0.585034013605442,0.00113378684807256,0,0
"000027.java",0,0,0,0,0,0,0,0,0,0,0,0,0,0,0,0,0,0,0,0,0,0,0,0,0,0,0.000509510869565217,0,0,0,0.0577445652173913,0,0,0,0,0,0,0,0,0,0,0,0,0,0.000509510869565217,0,0.0470448369565217,0.000339673913043478,0,0.893851902173913
"000031.java",0,0,0.000316505776230416,0,0,0,0,0,0.000158252888115208,0,0,0,0.000316505776230416,0.949359075803133,0.000158252888115208,0,0,0,0,0,0,0,0,0,0,0,0,0,0.000158252888115208,0,0,0,0,0,0,0,0,0,0,0,0,0,0,0.000158252888115208,0,0,0.0493749010919449,0,0,0
"000036.java",0,0,0.00121580547112462,0,0,0.00851063829787234,0,0,0,0,0,0,0,0,0.00060790273556231,0,0,0.00060790273556231,0,0,0,0.00060790273556231,0,0,0,0,0.707598784194529,0,0,0,0,0,0,0,0.00060790273556231,0,0,0,0,0,0,0,0,0,0,0,0.280243161094225,0,0,0
"000037.java",0.00150375939849624,0,0,0,0,0,0,0,0,0,0,0,0,0,0,0,0,0.00150375939849624,0.00300751879699248,0,0,0,0,0,0,0.00601503759398496,0.598496240601504,0,0,0.00451127819548872,0,0,0,0,0,0,0,0,0,0,0,0,0,0,0,0,0.384962406015038,0,0,0
"000041.java",0,0,0,0,0,0.865352112676056,0,0,0,0,0,0,0,0,0,0,0,0,0,0,0,0,0,0,0.000563380281690141,0,0,0,0,0,0,0,0,0,0,0,0.00112676056338028,0,0.000563380281690141,0.00112676056338028,0,0,0,0,0,0,0.130704225352113,0,0,0.000563380281690141
"000044.java",0,0,0,0,0.0131004366812227,0,0,0,0,0,0,0,0.00218340611353712,0,0,0,0,0,0.0480349344978166,0,0,0.00218340611353712,0,0,0,0,0.0458515283842795,0,0,0,0,0,0,0,0,0,0,0,0,0.0698689956331878,0,0,0,0,0.0131004366812227,0.307860262008734,0.495633187772926,0,0,0.00218340611353712
"000045.java",0,0.995567230339846,0,0,0,0.00032835330815958,0,0,0,0.00016417665407979,0,0.00180594319487769,0.00016417665407979,0,0,0,0,0.00147758988671811,0,0,0.00016417665407979,0,0,0,0,0,0,0.00016417665407979,0,0,0,0,0,0,0,0,0,0,0,0.00016417665407979,0,0,0,0,0,0,0,0,0,0
"000046.java",0,0.865502381492402,0,0,0,0,0,0,0.000907235200725788,0.000226808800181447,0.000226808800181447,0.113177591290542,0,0,0,0,0,0,0,0,0,0,0,0,0,0,0,0,0,0.00158766160127013,0,0,0,0,0,0,0,0,0,0,0.0170106600136085,0,0,0.000453617600362894,0,0,0.000907235200725788,0,0,0
"000060.java",0.934916446789798,0,0,0,0,0,0,0,0,0.000879507475813544,0,0,0,0,0,0,0,0,0.000879507475813544,0,0.00175901495162709,0,0,0,0,0,0,0,0,0,0,0,0,0,0,0,0,0,0,0,0,0,0.000879507475813544,0,0,0,0.0606860158311346,0,0,0
"000063.java",0,0,0,0.000523012552301255,0,0.00209205020920502,0,0,0,0.00104602510460251,0,0,0,0,0,0,0,0,0,0,0,0,0,0,0,0,0,0,0,0,0.00156903765690377,0.000523012552301255,0,0,0.651150627615063,0,0,0.00313807531380753,0,0,0,0,0,0,0,0.000523012552301255,0.33734309623431,0,0.00209205020920502,0
"000068.java",0,0,0,0.00171821305841924,0,0,0,0.00171821305841924,0.00171821305841924,0,0,0,0,0,0,0,0,0.00171821305841924,0.0120274914089347,0,0.0343642611683849,0,0,0,0.00171821305841924,0,0,0,0,0,0,0,0.00171821305841924,0,0,0,0,0,0,0,0.355670103092784,0,0,0,0.0515463917525773,0,0.536082474226804,0,0,0
"000079.java",0.176829268292683,0,0,0.0914634146341463,0,0.00609756097560976,0,0,0,0,0,0,0,0,0,0,0.00609756097560976,0,0,0,0,0,0,0,0.25609756097561,0,0,0,0,0.0426829268292683,0,0,0,0,0,0,0,0.00609756097560976,0,0,0,0,0,0,0,0,0.414634146341463,0,0,0
"000081.java",0,0.0135746606334842,0.0723981900452489,0,0,0,0,0,0,0,0,0,0.18552036199095,0.0407239819004525,0,0,0,0,0,0,0.00904977375565611,0,0,0,0,0,0,0,0,0,0.00904977375565611,0,0,0,0,0.00904977375565611,0,0.0452488687782805,0,0,0,0,0,0,0,0,0.579185520361991,0,0,0.0361990950226244
"000092.java",0,0,0,0,0,0,0,0,0,0,0,0,0.00070871722182849,0,0.00070871722182849,0,0.00212615166548547,0,0,0,0.804394046775337,0,0,0,0,0,0,0,0,0.00070871722182849,0,0,0,0,0,0,0,0,0,0.000354358610914245,0,0,0,0,0,0,0.190999291282778,0,0,0
"000100.java",0,0,0.0152699509180149,0,0,0.000181785129976368,0,0,0,0,0,0,0,0,0,0,0,0.000181785129976368,0,0,0,0,0.000363570259952736,0,0.000181785129976368,0,0,0.000363570259952736,0,0,0,0,0,0,0,0,0,0,0.640610798036721,0,0.00781676058898382,0.000181785129976368,0,0,0,0.00599890928922014,0.328485729867297,0,0.000181785129976368,0.000181785129976368
"000108.java",0.0649350649350649,0,0,0,0.012987012987013,0,0,0,0,0,0,0,0,0,0,0,0,0,0.00649350649350649,0,0,0,0,0,0,0,0.0649350649350649,0,0,0,0,0,0,0,0,0,0.11038961038961,0,0,0,0.025974025974026,0,0.00649350649350649,0,0,0.00649350649350649,0.701298701298701,0,0,0
"000111.java",0,0,0,0.2,0,0,0,0,0,0,0.488888888888889,0,0,0,0,0,0,0,0,0,0,0,0,0,0,0,0,0,0.0222222222222222,0,0,0,0,0,0,0,0,0,0,0,0,0,0,0,0,0.111111111111111,0.177777777777778,0,0,0
"000113.java",0,0,0,0,0,0,0.700431034482759,0,0,0,0,0,0,0.00107758620689655,0,0,0,0,0,0,0,0.00969827586206897,0,0,0,0.00323275862068966,0,0.00107758620689655,0,0,0.00431034482758621,0,0,0,0.00323275862068966,0,0,0,0,0,0.00107758620689655,0,0,0,0,0,0.275862068965517,0,0,0
"000117.java",0,0,0,0,0,0,0,0,0,0,0,0,0,0.00954653937947494,0,0,0,0,0,0,0,0,0.00715990453460621,0,0.00954653937947494,0.00477326968973747,0,0,0.00238663484486874,0,0,0,0,0,0,0,0.33890214797136,0,0,0.0167064439140811,0,0,0,0,0.00238663484486874,0,0.608591885441527,0,0,0
"000118.java",0,0.0028735632183908,0,0,0,0,0,0,0,0,0,0,0,0.000957854406130268,0,0,0,0.000957854406130268,0.437739463601533,0,0,0,0,0,0,0.0028735632183908,0,0,0.196360153256705,0,0,0,0.0134099616858238,0,0.000957854406130268,0.000957854406130268,0,0,0,0,0.000957854406130268,0,0,0,0,0,0.341954022988506,0,0,0
"000126.java",0,0,0.000961538461538462,0,0,0,0,0,0,0,0.000480769230769231,0.000480769230769231,0,0,0,0,0,0,0.000961538461538462,0,0,0,0,0,0,0,0,0,0,0,0.000480769230769231,0,0,0,0,0,0,0,0,0,0,0,0,0,0.000961538461538462,0.000480769230769231,0.0504807692307692,0.944711538461538,0,0
"000134.java",0,0.0149544863459038,0,0,9.28850083596508e-05,0,0,0,0,0,0,0.000185770016719302,0,0.000278655025078952,0,0,0,0.000278655025078952,0,0,0,0,0,0,0,0,0,0,0,0,0,0.000185770016719302,0,0,9.28850083596508e-05,0,0,0.000278655025078952,0,0,0,0,0,0.000278655025078952,0.929128738621587,0,0.0529444547650009,0,0,0.00130039011703511
"000136.java",0,0,0,0,0.00115606936416185,0.0300578034682081,0,0,0,0,0,0.0104046242774566,0,0,0,0,0,0,0.00115606936416185,0,0,0.00115606936416185,0.0578034682080925,0,0,0,0.553757225433526,0.0046242774566474,0,0,0,0,0,0,0,0,0,0,0,0,0,0,0,0,0,0,0.339884393063584,0,0,0
"000138.java",0,0,0,0,0.0106951871657754,0,0.0106951871657754,0,0,0,0.101604278074866,0,0,0,0,0,0,0,0,0.0481283422459893,0,0,0,0,0,0,0,0,0.0053475935828877,0.508021390374332,0.0320855614973262,0,0,0,0,0,0,0,0,0,0,0,0,0,0,0,0.27807486631016,0.0053475935828877,0,0
"000139.java",0,0,0.000533049040511727,0,0.000533049040511727,0,0,0,0,0.526652452025586,0,0,0,0,0,0,0,0.00106609808102345,0,0,0.00692963752665245,0,0.000533049040511727,0,0,0,0,0.00319829424307036,0,0,0,0,0,0.000533049040511727,0,0,0.000533049040511727,0,0.113539445628998,0.0906183368869936,0,0.00106609808102345,0,0,0,0,0.254264392324094,0,0,0
"000140.java",0,0,0,0,0,0,0,0,0,0,0,0,0.00332225913621262,0,0,0.172757475083056,0,0,0,0,0.00664451827242525,0,0,0,0,0,0,0,0,0.315614617940199,0,0,0,0,0,0,0,0.00664451827242525,0.0598006644518272,0,0,0,0,0,0,0,0.431893687707641,0,0,0.00332225913621262
"000141.java",0,0.000702740688685875,0.0154602951510892,0,0.000702740688685875,0.00491918482080112,0,0,0,0.661278988053408,0,0,0,0,0,0,0,0,0,0,0.000702740688685875,0,0,0,0,0,0,0.000702740688685875,0.0316233309908644,0,0,0.00140548137737175,0.00140548137737175,0,0,0,0,0,0,0,0,0,0,0,0,0,0.275474349964863,0,0.005621925509487,0
"000142.java",0.0404040404040404,0,0,0,0.0101010101010101,0,0,0,0,0,0.494949494949495,0,0.0101010101010101,0,0,0,0,0,0,0,0,0,0,0,0,0,0,0.323232323232323,0,0,0.0101010101010101,0,0,0,0,0,0,0,0,0,0,0,0,0,0.0101010101010101,0,0.101010101010101,0,0,0
"000143.java",0,0,0,0,0.0018796992481203,0,0,0,0,0,0.109962406015038,0,0.0281954887218045,0,0,0,0,0,0,0.163533834586466,0,0,0,0,0.00093984962406015,0,0,0,0,0.684210526315789,0,0,0.0037593984962406,0,0,0,0,0,0,0,0.0018796992481203,0,0.00093984962406015,0,0,0,0,0.00093984962406015,0.0037593984962406,0
"000144.java",0,0,0.00380228136882129,0,0,0,0,0,0,0,0.403041825095057,0,0,0,0,0,0,0.00760456273764259,0,0,0,0,0,0,0.00760456273764259,0,0,0,0,0.26615969581749,0,0,0,0,0,0.0570342205323194,0,0,0,0,0,0,0,0,0,0.0836501901140684,0.171102661596958,0,0,0
"000145.java",0,0.00930232558139535,0,0,0,0,0.0883720930232558,0,0.00930232558139535,0,0,0.00930232558139535,0,0,0,0.00465116279069767,0,0.0372093023255814,0,0,0,0,0,0,0,0,0.0511627906976744,0,0,0.00930232558139535,0,0,0,0,0,0,0,0,0.00465116279069767,0.167441860465116,0,0,0,0,0,0,0.609302325581395,0,0,0
"000146.java",0,0,0.00246913580246914,0,0,0,0,0,0,0,0.982716049382716,0,0.00246913580246914,0.00246913580246914,0,0,0,0,0,0,0,0,0,0,0,0,0,0,0,0,0,0,0,0,0,0,0,0,0.00246913580246914,0,0,0,0,0,0,0.00493827160493827,0,0,0.00246913580246914,0
"000147.java",0,0,0,0,0,0,0,0,0,0.673930589184827,0.00161420500403551,0,0.000403551251008878,0.00161420500403551,0,0,0,0,0.000403551251008878,0.00322841000807102,0,0,0.0108958837772397,0,0.00242130750605327,0,0,0,0.0351089588377724,0.00403551251008878,0,0,0,0,0,0,0,0,0,0,0,0,0,0,0.0189669087974173,0,0.244955609362389,0.00242130750605327,0,0
"000148.java",0,0,0,0,0,0,0,0,0,0,0.732044198895028,0,0,0,0,0,0,0,0,0,0,0,0,0,0,0,0,0,0,0,0,0,0.00276243093922652,0,0,0,0,0,0,0.00828729281767956,0,0,0,0,0,0,0.256906077348066,0,0,0
"000149.java",0,0,0,0,0,0,0,0,0,0,0.996078431372549,0,0,0,0,0,0,0,0,0,0,0,0,0,0,0,0,0,0,0,0,0,0,0,0,0,0,0,0,0,0,0,0,0,0,0,0,0,0,0.00392156862745098
"000150.java",0.346938775510204,0,0,0.204081632653061,0,0,0,0,0.0204081632653061,0,0.224489795918367,0,0,0,0,0,0,0.122448979591837,0,0,0,0,0,0,0,0,0,0,0,0,0,0,0,0,0,0,0,0,0,0,0,0.0204081632653061,0,0,0,0,0.0612244897959184,0,0,0
"000151.java",0.0481144343302991,0,0,0,0,0.0104031209362809,0,0,0,0,0.927178153446034,0,0,0,0,0,0.0104031209362809,0,0,0,0,0,0,0,0,0,0,0,0,0,0,0,0,0,0,0,0,0.00260078023407022,0,0,0,0,0,0,0,0,0,0,0,0.00130039011703511
"000152.java",0,0,0,0,0,0,0,0,0,0,0.976689976689977,0,0,0,0,0,0,0,0,0,0,0,0,0,0,0,0,0,0,0.00932400932400932,0,0,0,0,0,0,0,0,0,0,0,0,0,0,0,0,0.0116550116550117,0.00233100233100233,0,0
"000153.java",0.00325732899022801,0,0,0,0,0,0,0,0,0,0.9185667752443,0,0,0,0,0,0,0,0,0,0,0,0,0,0,0,0,0,0,0.0684039087947883,0,0,0,0,0,0.00651465798045603,0,0,0,0.00325732899022801,0,0,0,0,0,0,0,0,0,0
"000154.java",0,0,0,0,0,0,0,0,0.00247524752475248,0,0.992574257425743,0,0,0,0,0,0,0,0,0,0,0,0.00495049504950495,0,0,0,0,0,0,0,0,0,0,0,0,0,0,0,0,0,0,0,0,0,0,0,0,0,0,0
"000155.java",0,0,0,0,0,0.00130890052356021,0,0,0.422774869109948,0,0.0981675392670157,0.00130890052356021,0,0,0,0,0,0.00523560209424084,0,0.0549738219895288,0,0,0,0,0,0,0,0,0,0.336387434554974,0,0,0,0,0.00392670157068063,0,0,0,0,0,0,0,0,0,0,0.024869109947644,0.0510471204188482,0,0,0
"000156.java",0,0,0,0,0,0,0,0,0.00161812297734628,0,0,0.0110032362459547,0,0,0,0,0,0.838834951456311,0,0,0,0,0,0,0,0,0,0,0.000323624595469256,0,0,0.000323624595469256,0,0,0,0,0,0,0,0.00161812297734628,0,0,0,0,0,0,0.146278317152104,0,0,0
"000157.java",0,0,0,0,0,0,0,0,0,0,0,0.0103986135181976,0,0,0,0,0,0.00346620450606586,0,0,0.00173310225303293,0.516464471403813,0.0450606585788562,0,0,0,0,0,0,0.0363951473136915,0,0.117850953206239,0,0,0,0,0.00693240901213172,0,0,0,0.0502599653379549,0,0,0,0,0,0.211438474870017,0,0,0
"000161.java",0,0.000698324022346369,0,0,0,0.00139664804469274,0,0,0.63268156424581,0.00418994413407821,0,0,0.00209497206703911,0.00139664804469274,0,0,0,0,0,0,0.0118715083798883,0,0,0,0,0,0,0,0,0,0,0,0,0,0,0,0,0,0.0837988826815642,0.000698324022346369,0,0,0,0,0,0.00209497206703911,0.259078212290503,0,0,0
"000162.java",0,0,0,0,0,0,0.000621890547263682,0,0.000310945273631841,0,0.000310945273631841,0.822139303482587,0,0,0,0,0,0,0,0,0,0.000310945273631841,0,0,0,0,0,0,0,0,0,0,0,0,0,0,0,0,0.0015547263681592,0.015547263681592,0.00217661691542289,0,0,0,0,0,0.15702736318408,0,0,0
"000176.java",0.00233918128654971,0.00116959064327485,0,0,0,0,0,0.585964912280702,0.00116959064327485,0,0,0,0,0,0,0,0,0,0,0,0,0,0.00935672514619883,0,0,0,0.00467836257309942,0,0,0,0,0,0,0.00233918128654971,0,0,0,0,0,0,0,0,0,0,0.00116959064327485,0,0.391812865497076,0,0,0
"000179.java",0,0,0,0,0,0,0,0,0,0,0,0,0,0,0,0,0.000593471810089021,0.00178041543026706,0,0,0,0,0,0,0,0,0,0,0.557270029673591,0,0.000593471810089021,0,0,0,0,0,0,0,0,0,0,0,0,0,0.00118694362017804,0,0.305637982195846,0,0.129970326409496,0.0029673590504451
"000180.java",0,0,0,0,0,0,0,0,0,0,0,0,0,0,0,0,0,0,0,0,0,0,0,0,0,0.00223713646532438,0,0,0,0.961222967934377,0,0,0,0,0,0,0,0,0,0,0,0.000745712155108128,0,0,0.0052199850857569,0,0.0305741983594333,0,0,0
"000182.java",0,0.00397614314115308,0,0.00397614314115308,0,0.00198807157057654,0,0,0,0,0,0,0,0.00198807157057654,0,0.0119284294234592,0,0,0.0695825049701789,0,0,0,0,0,0,0,0,0,0.00198807157057654,0.0218687872763419,0,0,0,0,0,0.184890656063618,0,0,0.0198807157057654,0,0,0,0,0,0.0139165009940358,0,0.660039761431412,0,0.00397614314115308,0
"000183.java",0,0,0,0,0,0,0,0,0,0,0,0,0.00162866449511401,0,0,0.00162866449511401,0.00162866449511401,0.00325732899022801,0,0,0,0,0,0,0,0,0,0.00162866449511401,0,0,0,0.54885993485342,0,0,0,0,0,0,0,0,0.00162866449511401,0,0,0,0,0,0.439739413680782,0,0,0
"000184.java",0,0.000423370025402202,0,0,0.000846740050804403,0,0,0,0,0,0.000423370025402202,0.00211685012701101,0,0,0.583403895004234,0,0.000423370025402202,0,0,0,0,0.00296359017781541,0,0,0,0,0,0,0.0012701100762066,0,0,0.0173581710414903,0,0,0,0,0,0,0,0.0012701100762066,0.00635055038103302,0,0,0,0.00465707027942422,0,0.302709568162574,0.000423370025402202,0.0012701100762066,0.0740897544453853
"000185.java",0,0,0.0288753799392097,0,0,0,0,0,0,0,0,0,0,0,0,0,0,0,0,0,0,0,0,0,0,0,0,0,0.320668693009119,0,0,0.0790273556231003,0,0,0,0.00303951367781155,0,0,0,0.00151975683890578,0,0.206686930091185,0,0,0,0,0.354103343465046,0,0.0060790273556231,0
"000190.java",0,0,0,0.00343642611683849,0,0.00171821305841924,0,0,0.00171821305841924,0,0,0,0.00687285223367698,0,0,0,0.00171821305841924,0,0,0,0.00171821305841924,0,0,0,0,0,0,0,0.00343642611683849,0,0,0,0,0,0,0,0,0,0,0,0,0,0,0.448453608247423,0,0,0.52233676975945,0,0.00859106529209622,0
"000192.java",0,0.000428173838578463,0.561657032755299,0,0,0,0,0,0,0.000214086919289231,0,0,0,0,0,0,0.357204024834083,0,0,0.000107043459644616,0.000214086919289231,0,0,0,0,0,0,0,0,0.000107043459644616,0,0.000428173838578463,0,0,0,0,0.000107043459644616,0,0,0.000107043459644616,0.000107043459644616,0.000214086919289231,0,0,0,0,0.079105116677371,0,0,0
"000193.java",0,0,0,0,0.000177777777777778,0,0,0,0,0,0,0,0,0,0,0,0,0,0,0,0.00266666666666667,0.000177777777777778,0,0,0,0,0,0,0,0,0,0,0,0,0,0,0,0,0,0.000177777777777778,0,0,0,0,0,0,0.0613333333333333,0,0.935466666666667,0
"000194.java",0,0,0,0,0,0,0,0.00257731958762887,0,0,0.00128865979381443,0,0,0,0,0,0,0,0.181701030927835,0.00128865979381443,0,0,0,0,0.0038659793814433,0,0,0,0,0,0,0,0,0,0.00644329896907216,0,0,0,0,0,0.216494845360825,0,0,0,0,0.00257731958762887,0.583762886597938,0,0,0
"000196.java",0.00366300366300366,0.010989010989011,0,0,0,0,0,0,0.00366300366300366,0,0,0,0,0,0,0,0,0,0.146520146520147,0.00366300366300366,0,0,0.0805860805860806,0,0,0,0,0,0,0.010989010989011,0,0,0,0.0402930402930403,0,0,0,0,0,0.043956043956044,0.00366300366300366,0,0,0,0,0,0.578754578754579,0,0.0732600732600733,0
"000197.java",0,0,0,0,0.00921658986175115,0.0875576036866359,0,0.00460829493087558,0,0,0,0,0,0,0.00460829493087558,0,0,0,0.105990783410138,0.0138248847926267,0,0,0,0,0,0,0,0,0,0,0.00460829493087558,0.0599078341013825,0,0,0,0,0,0,0.00460829493087558,0,0,0,0,0,0.202764976958525,0,0.428571428571429,0,0,0.0737327188940092
"000199.java",0,0,0,0,0,0,0,0,0.000881834215167548,0,0.000440917107583774,0,0,0,0,0,0.0017636684303351,0,0,0.000440917107583774,0,0,0.763668430335097,0,0,0,0,0,0,0,0,0,0,0,0,0,0,0,0,0,0,0,0,0,0,0,0.231481481481481,0.00132275132275132,0,0
"000201.java",0,0,0,0,0,0,0,0,0.000171350239890336,0,0,0,0.000171350239890336,0,0.000171350239890336,0,0,0.000685400959561343,0,0,0,0,0.000856751199451679,0,0,0,0,0,0,0,0,0,0,0,0,0,0,0,0.000856751199451679,0.923920493488691,0,0,0,0,0,0,0.0731665524331734,0,0,0
"000202.java",0,0,0.0114942528735632,0,0,0,0,0,0,0,0,0,0,0,0,0,0,0,0,0,0,0.701149425287356,0,0,0,0,0,0,0,0,0,0.118773946360153,0,0,0,0,0,0,0,0,0.00191570881226054,0,0,0,0,0,0.166666666666667,0,0,0
"000204.java",0,0,0,0,0,0.00808625336927224,0,0,0,0,0.0215633423180593,0,0,0.00539083557951483,0,0,0,0.0431266846361186,0.132075471698113,0,0,0,0.285714285714286,0,0,0,0,0,0,0,0.00269541778975741,0,0,0,0,0,0,0,0.00269541778975741,0,0,0,0.00539083557951483,0,0,0,0.493261455525606,0,0,0
"000205.java",0,0,0.00732600732600733,0,0,0,0,0,0,0,0,0.00366300366300366,0,0,0,0,0,0,0,0,0,0,0,0,0,0,0,0,0.0366300366300366,0,0,0,0,0,0,0,0,0,0,0,0,0,0,0.395604395604396,0,0,0.554945054945055,0,0,0.00183150183150183
"000212.java",0,0,0.000415282392026578,0,0,0,0.000415282392026578,0,0,0.000415282392026578,0,0.00290697674418605,0,0,0,0,0,0,0,0.117940199335548,0,0,0.00124584717607973,0,0,0,0,0.000415282392026578,0,0,0,0,0,0,0,0,0,0,0,0.000830564784053156,0.583887043189369,0,0.00913621262458472,0,0.000830564784053156,0.000830564784053156,0.28031561461794,0.000415282392026578,0,0
"000215.java",0,0.185840707964602,0.0973451327433628,0,0,0,0,0,0,0,0,0.00294985250737463,0,0,0,0,0,0.00589970501474926,0,0,0,0.215339233038348,0,0,0,0,0,0,0,0,0,0,0,0,0,0,0,0,0.00294985250737463,0,0,0,0,0,0.135693215339233,0,0.348082595870207,0,0.00294985250737463,0.00294985250737463
"000216.java",0,0,0,0,0,0.0383141762452107,0,0,0,0,0,0,0,0,0,0,0.00766283524904215,0.24904214559387,0.21455938697318,0,0,0,0,0,0,0,0,0,0,0,0,0,0,0,0,0,0,0,0,0,0.0114942528735632,0,0,0,0,0,0.478927203065134,0,0,0
"000218.java",0.128440366972477,0.00458715596330275,0,0,0,0,0,0,0,0,0.137614678899083,0,0.00458715596330275,0,0,0,0,0,0,0,0,0.0137614678899083,0,0,0,0,0,0.00458715596330275,0,0.00917431192660551,0,0.055045871559633,0,0.261467889908257,0,0,0,0,0,0,0,0,0,0,0,0,0.380733944954128,0,0,0
"000241.java",0,0,0.258777633289987,0,0,0,0.00130039011703511,0,0.00130039011703511,0,0.00130039011703511,0,0,0,0,0,0,0,0,0,0.0104031209362809,0,0,0,0.00260078023407022,0,0,0,0,0,0,0,0,0.423927178153446,0,0,0,0,0,0,0,0,0,0,0.00130039011703511,0,0.299089726918075,0,0,0
"000244.java",0.00568181818181818,0,0,0.0113636363636364,0,0,0,0,0,0,0,0,0,0,0,0,0,0.00568181818181818,0.0113636363636364,0,0,0,0,0,0.0340909090909091,0,0,0,0.0340909090909091,0.897727272727273,0,0,0,0,0,0,0,0,0,0,0,0,0,0,0,0,0,0,0,0
"000247.java",0.00519210799584631,0,0,0,0.794392523364486,0,0,0,0,0,0,0,0,0,0,0,0.00207684319833853,0,0.00103842159916926,0,0.00103842159916926,0,0.00311526479750779,0.00103842159916926,0.0353063343717549,0,0,0,0,0,0,0,0,0,0,0,0,0,0,0,0,0,0,0,0,0,0.156801661474559,0,0,0
"000248.java",0,0,0,0,0,0,0,0,0,0,0,0,0,0.00432900432900433,0,0,0,0,0,0.00216450216450216,0,0,0,0,0.66017316017316,0,0,0.0562770562770563,0,0,0.0151515151515152,0,0.00216450216450216,0.0194805194805195,0,0,0,0,0,0.00216450216450216,0,0,0,0,0,0,0.238095238095238,0,0,0
"000254.java",0,0,0.00801314978426135,0,0,0,0,0,0,0,0,0,0,0,0,0,0,0,0,0,0.000410930758167249,0,0,0,0,0,0,0,0.697965892747072,0,0,0,0,0,0,0,0,0,0,0,0.00205465379083624,0,0,0,0.000205465379083624,0,0.291349907540579,0,0,0
"000257.java",0,0.00472813238770686,0,0,0,0,0,0,0,0,0,0,0.00236406619385343,0.00236406619385343,0,0,0,0,0.0260047281323877,0.00472813238770686,0,0,0,0,0.0709219858156028,0,0,0,0,0,0,0,0,0,0,0,0,0,0,0.0283687943262411,0,0,0,0,0,0.319148936170213,0.541371158392435,0,0,0
"000295.java",0.00173913043478261,0,0.0191304347826087,0,0,0,0,0,0,0,0,0,0,0,0,0,0.00173913043478261,0.0104347826086957,0.00173913043478261,0.00695652173913044,0,0,0,0,0.349565217391304,0,0.00173913043478261,0.00173913043478261,0.00521739130434783,0,0,0,0,0,0,0,0,0,0,0,0.00521739130434783,0.497391304347826,0,0,0.00173913043478261,0,0.0956521739130435,0,0,0
"000296.java",0,0,0,0,0,0,0,0,0,0,0,0,0,0,0,0,0,0.00775193798449612,0,0,0,0,0,0,0.852713178294574,0,0,0,0,0,0,0,0,0,0,0,0,0,0,0,0,0.062015503875969,0,0,0,0,0.062015503875969,0,0.0155038759689922,0
"000297.java",0.016260162601626,0,0,0,0,0,0,0,0,0,0,0,0,0,0,0,0,0,0,0.00813008130081301,0,0,0,0,0.91869918699187,0,0,0,0,0,0,0,0.00813008130081301,0,0,0,0,0,0,0.00813008130081301,0,0,0,0,0,0,0.040650406504065,0,0,0
"000298.java",0,0,0,0,0,0,0,0,0.00245098039215686,0,0,0,0,0,0,0,0,0.00490196078431373,0,0,0,0,0,0,0.666666666666667,0,0,0,0,0,0,0,0,0,0,0,0,0,0,0.0955882352941176,0,0,0,0,0,0.00245098039215686,0.227941176470588,0,0,0
"000299.java",0,0.0273972602739726,0.0091324200913242,0.0045662100456621,0.0319634703196347,0,0,0,0,0,0,0,0,0,0,0,0,0,0,0,0,0,0,0,0.849315068493151,0,0,0,0,0,0.0684931506849315,0,0,0,0,0,0,0,0,0,0.0045662100456621,0,0,0,0,0,0,0.0045662100456621,0,0
"000300.java",0,0,0,0,0,0,0,0,0,0,0,0,0,0,0,0,0,0,0,0,0,0,0,0,0.575539568345324,0,0,0,0,0,0,0,0,0,0,0,0,0,0.00719424460431655,0,0,0.00719424460431655,0.0287769784172662,0.00719424460431655,0,0,0.366906474820144,0,0.00719424460431655,0
"000301.java",0,0,0,0.00113765642775882,0,0,0,0,0,0,0,0,0,0,0,0,0,0.00113765642775882,0,0.81683731513083,0,0,0,0,0,0,0,0,0,0,0,0.00113765642775882,0,0,0,0,0,0,0,0,0,0,0,0,0,0,0.178612059158134,0,0.00113765642775882,0
"000306.java",0,0,0,0,0,0,0.000303214069132808,0,0,0,0,0,0.000606428138265616,0,0.000303214069132808,0,0,0,0,0.00151607034566404,0,0,0.000303214069132808,0,0,0,0,0,0,0,0,0,0,0,0,0,0,0,0,0,0,0,0.805942995755003,0,0,0,0.190721649484536,0.000303214069132808,0,0
"000311.java",0.000987166831194472,0,0,0,0.00131622244159263,0.000329055610398157,0,0,0,0,0,0,0,0,0,0,0.00197433366238894,0.000987166831194472,0,0,0,0,0,0,0,0,0,0.816716025008226,0,0.0204014478446858,0.00263244488318526,0,0,0,0.000987166831194472,0.000987166831194472,0,0.00164527805199079,0,0,0.000329055610398157,0,0,0,0,0,0.15004935834156,0,0,0.000658111220796315
"000332.java",0,0,0,0,0,0,0,0,0,0,0,0,0.512445095168375,0,0,0,0,0,0,0,0,0,0.000732064421669107,0,0,0,0,0,0,0,0,0,0,0,0,0,0,0,0.00146412884333821,0.000732064421669107,0,0,0,0,0,0,0.484626647144949,0,0,0
"000333.java",0,0,0,0,0,0,0,0,0,0,0,0,0,0,0.158119658119658,0,0,0.00427350427350427,0,0,0,0,0,0,0.00427350427350427,0,0,0,0,0,0,0.192307692307692,0,0,0,0,0,0,0,0,0,0,0,0,0,0,0.615384615384615,0,0,0.0256410256410256
"000336.java",0,0,0,0,0,0.00235294117647059,0,0,0.00117647058823529,0,0,0,0,0,0,0,0,0.0411764705882353,0,0,0,0,0,0,0,0,0.0188235294117647,0.00117647058823529,0,0.00117647058823529,0,0.00117647058823529,0,0,0.00117647058823529,0,0,0,0.0388235294117647,0.00117647058823529,0.428235294117647,0,0,0,0,0,0.463529411764706,0,0,0
"000339.java",0,0,0,0,0,0.00168918918918919,0,0,0,0,0,0,0,0,0,0,0,0,0,0,0,0,0,0,0,0.474662162162162,0,0,0.00168918918918919,0,0,0,0,0,0,0,0,0,0.035472972972973,0,0,0,0,0,0,0,0.481418918918919,0,0.00506756756756757,0
"000347.java",0,0,0,0,0,0,0,0,0,0.101769911504425,0.0132743362831858,0,0,0,0,0,0.119469026548673,0.0132743362831858,0.084070796460177,0,0,0,0,0,0.00442477876106195,0,0.00884955752212389,0,0,0.00442477876106195,0,0,0,0,0,0.00884955752212389,0.00442477876106195,0,0,0,0,0,0,0,0,0,0.628318584070796,0,0,0.00884955752212389
"000357.java",0,0,0.0531622364802933,0,0,0.000916590284142988,0,0,0.00366636113657195,0,0,0,0,0,0.0705774518790101,0,0,0.000916590284142988,0,0,0,0,0.000916590284142988,0,0,0,0,0,0.0384967919340055,0.0284142988084326,0,0,0.32813932172319,0.000916590284142988,0,0,0,0.00183318056828598,0,0,0,0.000916590284142988,0,0.000916590284142988,0,0,0.286892758936755,0,0,0.183318056828598
"000361.java",0,0,0.13681592039801,0,0.00497512437810945,0,0,0,0,0,0,0,0,0.00248756218905473,0,0,0,0,0.330845771144279,0,0,0,0,0,0,0,0,0,0,0,0,0,0.00497512437810945,0,0,0,0,0,0.00248756218905473,0,0,0,0,0,0,0,0.445273631840796,0,0.0721393034825871,0
"000367.java",0.00341685649202733,0,0.78246013667426,0,0,0,0,0,0,0,0,0,0,0,0,0,0,0,0,0,0,0,0,0,0.000569476082004556,0,0,0,0.00854214123006834,0,0,0,0,0,0,0.121867881548975,0,0,0,0,0,0,0,0,0.000569476082004556,0,0.0825740318906606,0,0,0
"000368.java",0,0,0,0,0,0,0,0,0,0,0,0,0,0,0,0,0,0,0,0.719162303664922,0,0.000837696335078534,0.0006282722513089,0,0,0,0,0,0,0.000209424083769634,0,0,0,0,0.000418848167539267,0,0.000209424083769634,0,0.0056544502617801,0.0050261780104712,0.0416753926701571,0,0.0018848167539267,0,0,0,0.224293193717277,0,0,0
"000376.java",0,0,0,0,0,0,0,0,0,0,0.848684210526316,0,0,0,0,0,0,0,0,0,0,0,0,0,0.0460526315789474,0,0,0.0131578947368421,0,0,0,0,0,0,0,0.0131578947368421,0,0,0,0,0,0,0,0,0,0.0789473684210526,0,0,0,0
"000469.java",0,0,0.0129449838187702,0,0,0,0,0,0,0,0,0,0,0,0,0,0,0,0,0.00323624595469256,0,0,0,0,0,0,0,0,0,0.928802588996764,0,0,0,0,0,0,0.00323624595469256,0,0,0,0,0,0,0,0,0.0517799352750809,0,0,0,0
"000477.java",0,0,0,0.25,0,0,0.0277777777777778,0,0,0,0.222222222222222,0,0,0,0,0.388888888888889,0,0,0,0,0,0,0,0,0,0.0277777777777778,0,0,0,0.0555555555555556,0,0.0277777777777778,0,0,0,0,0,0,0,0,0,0,0,0,0,0,0,0,0,0
"000478.java",0,0,0,0.396061269146608,0,0,0,0,0,0,0.0175054704595186,0.00218818380743982,0,0,0,0,0,0,0,0,0,0,0,0,0.0131291028446389,0,0,0,0,0.194748358862144,0,0,0,0,0,0,0,0,0,0,0,0,0,0,0.0087527352297593,0.00437636761487965,0.363238512035011,0,0,0
