"V1","V2","V3","V4","V5","V6","V7","V8","V9","V10","V11","V12","V13","V14","V15","V16","V17","V18","V19","V20","V21","V22","V23","V24","V25","V26","V27","V28","V29","V30","V31","V32","V33","V34","V35","V36","V37","V38","V39","V40","V41","V42","V43","V44","V45","V46","V47","V48","V49","V50"
"000001.java",0,0,0.233995584988962,0,0.0022075055187638,0.0022075055187638,0,0,0.584988962472406,0,0,0,0.00662251655629139,0,0,0,0,0,0,0,0.0728476821192053,0,0,0,0,0.00662251655629139,0,0,0,0,0,0,0,0.00662251655629139,0,0.0309050772626932,0,0,0,0.00441501103752759,0,0,0,0,0,0.0485651214128035,0,0,0,0
"000002.java",0.00730816077953715,0.0243605359317905,0.186358099878197,0,0,0,0.00121802679658952,0,0.711327649208283,0,0,0,0.0109622411693057,0,0,0,0,0,0,0,0,0.00121802679658952,0.02557856272838,0,0.0048721071863581,0.023142509135201,0,0,0,0,0,0,0,0,0,0,0,0.00243605359317905,0,0,0.00121802679658952,0,0,0,0,0,0,0,0,0
"000003.java",0,0,0,0,0,0.00173210161662818,0,0,0.860277136258661,0,0,0,0,0,0,0,0,0,0,0,0.0109699769053118,0,0,0,0,0,0,0.0196304849884527,0,0,0,0,0.000577367205542725,0,0,0,0.00115473441108545,0,0,0.102193995381062,0,0,0,0.000577367205542725,0,0,0,0,0,0.00288683602771363
"000004.java",0,0.254966887417219,0.533112582781457,0,0.00993377483443709,0,0,0,0,0,0,0.00993377483443709,0,0,0,0,0,0,0,0,0,0,0,0,0,0,0.0529801324503311,0.0132450331125828,0,0.0860927152317881,0.00662251655629139,0,0,0.0132450331125828,0,0,0,0,0,0.0198675496688742,0,0,0,0,0,0,0,0,0,0
"000005.java",0.0176211453744493,0,0.475770925110132,0,0.0176211453744493,0,0,0,0,0,0,0,0,0.00440528634361234,0,0,0,0,0,0,0,0,0,0,0.0352422907488987,0.00440528634361234,0,0,0,0,0.00881057268722467,0,0,0,0,0,0,0.00440528634361234,0,0,0.013215859030837,0,0,0.409691629955947,0,0,0,0.00881057268722467,0,0
"000006.java",0,0,0.530364372469636,0.145748987854251,0.0404858299595142,0,0,0,0,0,0,0.00404858299595142,0,0,0,0,0,0,0,0,0,0.00404858299595142,0.00404858299595142,0,0,0,0,0,0,0,0,0,0,0,0.00809716599190283,0,0,0,0,0.0121457489878543,0,0,0.246963562753036,0,0,0,0.00404858299595142,0,0,0
"000019.java",0,0,0.693069306930693,0.00495049504950495,0,0,0,0,0,0,0,0,0,0.168316831683168,0,0.00495049504950495,0,0.00495049504950495,0,0,0,0,0,0,0,0,0.113861386138614,0,0,0,0,0.00495049504950495,0,0,0,0,0,0,0,0.00495049504950495,0,0,0,0,0,0,0,0,0,0
"000020.java",0,0,0.66,0,0,0,0,0,0,0.173333333333333,0,0,0,0.143333333333333,0,0,0,0,0,0,0,0,0,0,0,0,0.00333333333333333,0,0,0,0.00666666666666667,0,0,0,0,0,0,0,0.00333333333333333,0,0,0,0,0,0,0.01,0,0,0,0
"000021.java",0,0,0.740540540540541,0,0,0,0,0,0,0,0,0,0,0.145945945945946,0,0,0,0,0,0,0,0,0,0.00540540540540541,0.0864864864864865,0,0,0,0,0,0,0,0,0,0,0.0108108108108108,0,0,0,0,0,0,0,0,0.0108108108108108,0,0,0,0,0
"000024.java",0,0,0.126353790613718,0,0,0,0,0,0,0,0,0,0,0,0,0.0703971119133574,0,0,0,0,0,0,0.00240673886883273,0,0,0.0036101083032491,0,0,0,0,0.000601684717208183,0.00120336943441637,0,0,0,0,0,0,0,0.0409145607701564,0,0,0,0,0,0,0,0.754512635379061,0,0
"000026.java",0,0,0.569160997732426,0,0,0,0,0,0,0.00113378684807256,0.00113378684807256,0,0,0,0,0,0,0,0,0,0,0,0.00113378684807256,0,0,0,0.00340136054421769,0,0,0,0,0,0.00793650793650794,0,0.00113378684807256,0,0,0,0.335600907029478,0.0510204081632653,0,0,0,0,0,0,0.0272108843537415,0,0,0.00113378684807256
"000027.java",0,0,0,0,0,0.713485054347826,0,0,0,0,0,0,0,0,0,0,0,0,0,0,0,0,0,0,0,0,0,0.000169836956521739,0,0,0,0,0,0,0,0,0,0,0,0.286345108695652,0,0,0,0,0,0,0,0,0,0
"000031.java",0,0,0,0,0,0,0,0,0,0,0,0.889855989871815,0,0,0,0,0,0,0,0,0.000316505776230416,0,0,0,0.000316505776230416,0,0,0,0,0,0,0,0,0,0,0,0,0.000316505776230416,0,0.109194492799494,0,0,0,0,0,0,0,0,0,0
"000036.java",0,0,0.114893617021277,0,0,0,0.00121580547112462,0,0,0,0,0,0,0,0,0,0,0,0,0,0,0,0,0,0.730699088145897,0,0,0,0,0,0,0,0,0,0,0,0,0,0,0.151975683890578,0,0,0,0.00060790273556231,0,0,0,0.00060790273556231,0,0
"000037.java",0,0,0.341353383458647,0,0,0,0,0,0,0,0,0,0.00451127819548872,0,0,0,0,0,0,0,0,0,0,0,0.643609022556391,0.00150375939849624,0,0,0,0,0.00451127819548872,0,0,0,0,0,0,0,0,0.00451127819548872,0,0,0,0,0,0,0,0,0,0
"000041.java",0,0,0.000563380281690141,0,0,0,0,0,0,0,0,0.00169014084507042,0.000563380281690141,0,0,0,0,0,0,0,0,0.464788732394366,0,0.000563380281690141,0,0.000563380281690141,0,0,0,0,0,0,0,0,0,0,0,0,0,0.528450704225352,0,0,0,0,0,0,0.00112676056338028,0,0.00169014084507042,0
"000044.java",0,0,0.347161572052402,0,0.00218340611353712,0,0,0.00655021834061135,0,0.00436681222707424,0,0,0,0,0,0.00873362445414847,0,0,0,0,0,0,0,0.00436681222707424,0.0807860262008734,0,0.131004366812227,0,0,0,0,0,0,0,0,0,0,0,0.275109170305677,0.137554585152838,0,0,0,0,0,0,0,0,0.00218340611353712,0
"000045.java",0.00016417665407979,0,0.0259399113446068,0,0.00131341323263832,0,0.00016417665407979,0.00016417665407979,0.000820883270398949,0,0,0,0,0,0,0.00180594319487769,0,0,0,0,0,0,0,0,0.000820883270398949,0.92940403874569,0,0,0.00016417665407979,0,0,0,0,0,0,0,0,0,0,0.038253160400591,0,0,0,0,0,0.00016417665407979,0.000820883270398949,0,0,0
"000046.java",0,0,0.0594239056475391,0,0,0.000680426400544341,0.00657745520526196,0.000226808800181447,0,0,0,0,0,0,0,0,0,0,0.0979814016783851,0,0,0,0,0,0,0.827852120662282,0.00635064640508052,0,0,0,0,0,0,0,0,0,0,0,0,0,0,0,0.000907235200725788,0,0,0,0,0,0,0
"000060.java",0,0,0.0897097625329815,0,0,0,0,0,0,0,0,0,0,0,0,0,0,0,0,0,0,0.00175901495162709,0,0,0,0.000879507475813544,0,0.00263852242744063,0,0.00175901495162709,0,0,0.897097625329815,0,0,0,0.000879507475813544,0,0,0.00263852242744063,0,0,0.00175901495162709,0,0.000879507475813544,0,0,0,0,0
"000063.java",0,0,0.109309623430962,0,0,0,0.000523012552301255,0,0.00104602510460251,0,0.000523012552301255,0.00261506276150628,0,0,0,0,0,0,0,0,0,0,0,0,0,0.000523012552301255,0,0,0,0,0.00104602510460251,0.593619246861925,0,0,0,0,0,0,0,0.288179916317992,0.00156903765690377,0.00104602510460251,0,0,0,0,0,0,0,0
"000068.java",0,0,0.510309278350515,0,0,0,0,0,0,0,0,0,0.00859106529209622,0.0498281786941581,0.223367697594502,0,0,0,0,0,0,0,0,0,0,0.00515463917525773,0,0.00515463917525773,0.0893470790378007,0,0,0,0,0.00171821305841924,0,0.0378006872852234,0.00859106529209622,0.00171821305841924,0,0,0,0,0,0,0,0.0515463917525773,0,0.00687285223367698,0,0
"000079.java",0,0,0.49390243902439,0,0,0,0,0,0,0,0,0,0,0,0,0,0,0,0,0,0,0,0,0,0,0,0,0.195121951219512,0,0,0.158536585365854,0,0.0975609756097561,0,0,0,0,0,0,0.0365853658536585,0,0.00609756097560976,0.0121951219512195,0,0,0,0,0,0,0
"000081.java",0,0,0.497737556561086,0,0.0316742081447964,0,0.0135746606334842,0,0,0,0,0.0316742081447964,0,0,0,0.0769230769230769,0,0,0,0,0,0,0,0,0,0.00904977375565611,0,0.00452488687782805,0,0.00452488687782805,0,0,0,0,0,0,0,0,0,0.158371040723982,0,0,0.167420814479638,0,0,0,0.00452488687782805,0,0,0
"000092.java",0,0,0.135010630758327,0.00106307583274274,0,0,0,0,0,0,0,0,0,0,0,0,0,0,0,0,0,0,0,0,0,0,0,0,0,0,0,0,0,0,0,0,0,0,0,0.00744153082919915,0,0,0,0,0,0.855421686746988,0.000354358610914245,0,0,0.00070871722182849
"000100.java",0.000545355389929104,0,0.181966915106344,0.000181785129976368,0.00290856207962189,0.00127249590983458,0,0,0,0,0,0,0.00272677694964552,0,0.00127249590983458,0.0101799672786766,0.000181785129976368,0,0,0,0,0,0,0,0.0045446282494092,0,0,0,0,0,0,0,0,0,0,0,0,0,0,0.0665333575713507,0,0,0,0,0,0.000363570259952736,0.727140519905472,0,0.000181785129976368,0
"000108.java",0,0,0.675324675324675,0,0,0,0,0.0714285714285714,0,0,0,0,0,0.012987012987013,0.00649350649350649,0,0,0,0,0,0,0,0,0,0.0974025974025974,0,0.0649350649350649,0,0,0,0.0714285714285714,0,0,0,0,0,0,0,0,0,0,0,0,0,0,0,0,0,0,0
"000111.java",0,0,0.266666666666667,0,0,0,0.0222222222222222,0,0,0,0,0,0,0,0,0,0,0,0,0,0,0,0,0,0,0,0,0,0,0,0,0,0,0,0,0,0,0.0222222222222222,0.2,0.155555555555556,0,0,0.333333333333333,0,0,0,0,0,0,0
"000113.java",0,0,0.158405172413793,0,0.00107758620689655,0.00107758620689655,0,0.00538793103448276,0,0.00107758620689655,0,0,0,0,0.610991379310345,0,0.00107758620689655,0,0,0.00107758620689655,0,0,0,0,0,0,0.214439655172414,0,0,0,0,0,0.00107758620689655,0,0,0.00107758620689655,0,0,0,0,0,0,0,0,0,0,0.0021551724137931,0.00107758620689655,0,0
"000117.java",0,0,0.510739856801909,0,0,0,0.00238663484486874,0.190930787589499,0,0,0,0,0,0,0,0,0,0,0,0,0,0,0.00477326968973747,0,0,0,0.119331742243437,0,0,0.171837708830549,0,0,0,0,0,0,0,0,0,0,0,0,0,0,0,0,0,0,0,0
"000118.java",0,0,0.176245210727969,0,0.000957854406130268,0,0,0,0,0,0,0,0,0,0,0,0,0,0,0,0,0,0.0842911877394636,0.501915708812261,0,0,0.0229885057471264,0,0,0,0,0,0,0,0,0,0,0,0,0.208812260536398,0.000957854406130268,0,0,0,0,0,0.00191570881226054,0.00191570881226054,0,0
"000126.java",0,0,0.0576923076923077,0,0,0,0,0,0.00144230769230769,0,0,0,0,0,0,0,0.940865384615385,0,0,0,0,0,0,0,0,0,0,0,0,0,0,0,0,0,0,0,0,0,0,0,0,0,0,0,0,0,0,0,0,0
"000134.java",0,0,0,0,0,0,0,0.000185770016719302,0,0,0,0,0,0,0,0,0,0.160319524428757,0,0,0,0,0,0,0,0.0139327512539476,0.0290730076165707,9.28850083596508e-05,0,0,0,0,9.28850083596508e-05,9.28850083596508e-05,0,0.629295931636634,0,0,0,0.166914360022292,0,0,0,0,0,0,0,0,0,0
"000136.java",0,0,0.159537572254335,0,0,0,0,0,0.0023121387283237,0,0,0,0,0,0,0.0069364161849711,0,0,0.00115606936416185,0,0,0.0023121387283237,0,0,0.55028901734104,0,0.0184971098265896,0,0,0.046242774566474,0,0,0,0,0,0,0,0,0,0.210404624277457,0,0.00115606936416185,0,0,0,0,0,0,0.00115606936416185,0
"000138.java",0,0,0.283422459893048,0,0,0,0.0427807486631016,0,0,0,0.0106951871657754,0,0,0,0,0,0,0,0,0,0,0.0160427807486631,0,0,0,0,0,0.411764705882353,0,0,0,0,0,0,0,0,0.0106951871657754,0,0,0.0641711229946524,0,0,0.106951871657754,0,0,0,0,0,0,0.053475935828877
"000139.java",0,0,0.171108742004264,0,0,0,0,0,0.000533049040511727,0,0.00373134328358209,0,0.005863539445629,0,0,0,0,0,0,0.0378464818763326,0,0.000533049040511727,0,0,0.00266524520255864,0,0.0458422174840085,0.005863539445629,0,0,0,0,0,0,0,0.00106609808102345,0,0,0,0.0852878464818763,0.204690831556503,0,0,0,0,0.434968017057569,0,0,0,0
"000140.java",0,0.00332225913621262,0.461794019933555,0,0,0,0,0,0,0,0,0,0,0,0,0,0,0,0,0,0.0564784053156146,0,0,0,0,0,0.00664451827242525,0.252491694352159,0,0,0,0,0,0,0.00664451827242525,0,0,0,0,0,0,0,0.079734219269103,0,0,0.0431893687707641,0.0897009966777409,0,0,0
"000141.java",0,0,0.154602951510892,0,0,0,0,0,0,0,0,0,0,0,0,0.0175685172171469,0,0,0,0,0,0,0,0,0,0,0.00421644413211525,0,0,0,0,0,0,0,0,0,0,0,0,0.137737174982431,0.672522839072382,0,0,0,0,0,0.0126493323963457,0.000702740688685875,0,0
"000142.java",0.333333333333333,0,0.373737373737374,0.0101010101010101,0,0,0,0,0,0,0,0.0101010101010101,0,0,0,0,0,0,0.0202020202020202,0,0,0,0,0,0,0,0,0,0,0,0,0,0,0,0,0,0,0,0,0,0,0,0.252525252525253,0,0,0,0,0,0,0
"000143.java",0,0,0.116541353383459,0,0,0,0.136278195488722,0,0,0,0,0,0,0,0,0,0,0,0,0,0,0,0,0,0,0,0,0.00093984962406015,0,0,0,0,0,0,0,0,0.00093984962406015,0,0,0,0.00093984962406015,0,0.744360902255639,0,0,0,0,0,0,0
"000144.java",0.00760456273764259,0,0.20532319391635,0,0,0,0,0,0,0,0,0,0,0,0,0,0,0,0,0,0,0,0,0,0,0,0,0.0608365019011407,0,0,0.00760456273764259,0,0,0,0,0,0,0.00380228136882129,0.064638783269962,0,0,0,0.32319391634981,0,0,0,0,0,0.00380228136882129,0.32319391634981
"000145.java",0,0,0.288372093023256,0,0,0,0,0,0,0,0,0,0,0,0,0,0,0,0,0,0,0.00930232558139535,0,0.00465116279069767,0,0,0.288372093023256,0.0232558139534884,0,0,0,0,0,0,0,0,0,0,0,0.348837209302326,0.0232558139534884,0,0,0,0,0,0,0,0.013953488372093,0
"000146.java",0,0,0.00493827160493827,0,0,0,0,0,0,0,0.00246913580246914,0,0,0,0,0,0,0,0,0,0,0,0,0,0,0,0,0,0,0,0,0,0,0,0.0123456790123457,0,0,0,0,0.00493827160493827,0,0,0,0,0,0,0,0,0,0.975308641975309
"000147.java",0.000807102502017756,0,0.0778853914447135,0,0.00242130750605327,0,0,0,0,0,0.000403551251008878,0,0,0,0,0,0,0,0,0,0,0,0,0,0,0,0.0242130750605327,0,0,0.00121065375302663,0,0,0,0,0.000807102502017756,0.0153349475383374,0,0,0,0.184019370460048,0.692090395480226,0,0,0,0.000403551251008878,0.000403551251008878,0,0,0,0
"000148.java",0,0,0.279005524861878,0,0,0,0,0,0,0,0,0,0.00552486187845304,0,0,0,0,0,0,0,0,0,0,0,0.00552486187845304,0,0,0,0,0,0,0,0.00552486187845304,0,0,0,0,0,0,0,0,0,0,0,0,0,0,0,0,0.704419889502762
"000149.java",0,0,0,0,0,0,0,0,0,0,0,0,0,0,0,0,0,0,0,0,0,0,0,0,0,0,0,0,0,0,0,0,0.00392156862745098,0,0,0,0,0,0,0,0,0,0,0,0,0,0,0,0,0.996078431372549
"000150.java",0,0,0,0,0,0,0,0.183673469387755,0,0,0,0,0.0204081632653061,0,0,0,0,0,0,0,0,0,0,0,0,0,0,0,0,0,0,0,0.306122448979592,0,0,0,0,0,0,0.163265306122449,0,0,0.0816326530612245,0,0,0,0,0,0,0.244897959183673
"000151.java",0,0,0,0,0,0,0,0,0,0.00130039011703511,0,0,0,0,0,0,0,0,0,0,0,0,0.00130039011703511,0.00130039011703511,0,0,0.00130039011703511,0,0,0,0,0,0.0520156046814044,0,0,0.00130039011703511,0,0,0,0.00130039011703511,0,0,0,0,0.00260078023407022,0,0,0,0.00390117035110533,0.933680104031209
"000152.java",0,0,0.00233100233100233,0,0,0,0,0,0,0,0,0,0,0,0,0,0,0.00233100233100233,0,0,0,0,0,0,0,0,0,0,0,0,0,0,0,0,0,0,0,0,0,0,0,0,0,0,0,0,0.00233100233100233,0,0,0.993006993006993
"000153.java",0,0.0162866449511401,0,0,0,0.0130293159609121,0.00325732899022801,0,0,0,0.00325732899022801,0,0,0,0,0,0,0,0,0,0,0,0,0,0,0.00977198697068404,0,0,0,0,0,0,0.00325732899022801,0,0,0,0,0,0,0.0228013029315961,0,0,0,0,0,0,0,0,0.00325732899022801,0.925081433224756
"000154.java",0,0,0,0,0,0,0,0,0,0,0.00247524752475248,0,0,0,0,0,0,0,0,0,0.00247524752475248,0,0,0,0,0,0,0,0,0.00495049504950495,0,0,0,0,0,0,0,0,0,0,0.00247524752475248,0,0,0,0,0,0,0,0,0.987623762376238
"000155.java",0,0,0.0418848167539267,0,0.0143979057591623,0,0.00130890052356021,0,0,0,0,0,0,0,0,0,0,0,0,0,0,0,0,0,0,0,0,0.00261780104712042,0,0,0,0,0,0.00130890052356021,0,0,0,0,0,0,0,0,0.93848167539267,0,0,0,0,0,0,0
"000156.java",0,0,0.0504854368932039,0,0.66084142394822,0,0,0,0.00161812297734628,0,0,0.000647249190938511,0,0,0,0,0,0,0.0087378640776699,0,0,0,0,0,0,0.00161812297734628,0,0,0,0,0,0,0,0,0,0,0,0,0,0.274757281553398,0,0,0,0,0,0,0.00129449838187702,0,0,0
"000157.java",0,0,0.161178509532062,0,0.00866551126516464,0,0.0398613518197574,0,0,0,0,0,0,0.00693240901213172,0.0641247833622184,0,0,0,0.00519930675909879,0,0.504332755632582,0,0,0,0,0,0,0.0641247833622184,0,0.0155979202772964,0.00173310225303293,0,0,0,0.00346620450606586,0,0,0,0,0.119584055459272,0,0,0,0,0,0,0.00519930675909879,0,0,0
"000161.java",0,0,0.176675977653631,0,0,0,0,0,0,0,0,0,0.694832402234637,0.00139664804469274,0,0,0,0,0,0,0,0,0.000698324022346369,0,0.000698324022346369,0,0,0,0,0,0,0,0,0,0,0,0,0.00698324022346369,0,0.110335195530726,0,0,0.000698324022346369,0,0,0.00279329608938547,0.00488826815642458,0,0,0
"000162.java",0,0,0.108830845771144,0,0,0,0,0,0,0,0,0,0,0,0,0,0,0,0.780783582089552,0,0,0.000310945273631841,0,0,0,0,0,0,0,0,0,0,0,0,0,0,0,0.000932835820895522,0,0.108519900497512,0,0,0,0,0.000310945273631841,0,0,0,0.000310945273631841,0
"000176.java",0,0,0.280701754385965,0,0,0.0502923976608187,0,0,0,0,0,0,0.00233918128654971,0,0,0,0,0,0,0,0,0,0,0.457309941520468,0,0,0,0,0,0,0,0,0.0175438596491228,0,0,0.0596491228070175,0,0,0,0.129824561403509,0.00233918128654971,0,0,0,0,0,0,0,0,0
"000179.java",0,0,0.13353115727003,0.744213649851632,0,0,0,0,0,0,0,0,0,0,0,0,0,0,0,0,0,0,0,0,0.000593471810089021,0,0,0,0,0,0,0.000593471810089021,0,0.00830860534124629,0,0,0,0,0,0.106231454005935,0,0,0,0,0.000593471810089021,0,0.00415430267062315,0.00118694362017804,0.000593471810089021,0
"000180.java",0,0,0.0611483967188665,0,0,0,0,0.000745712155108128,0,0,0,0,0,0,0,0,0,0,0,0,0,0,0,0,0,0,0,0.93214019388516,0,0.000745712155108128,0,0,0,0,0,0.00447427293064877,0,0,0,0,0,0,0,0.000745712155108128,0,0,0,0,0,0
"000182.java",0,0.268389662027833,0.469184890656064,0,0,0,0,0.00198807157057654,0,0,0,0,0,0.10337972166998,0,0,0,0,0,0,0,0,0,0,0.00198807157057654,0,0,0,0,0.00198807157057654,0,0,0,0,0,0.0238568588469185,0.00397614314115308,0,0.0099403578528827,0.105367793240557,0,0,0.0099403578528827,0,0,0,0,0,0,0
"000183.java",0.00162866449511401,0.503257328990228,0.351791530944625,0,0,0,0,0,0.00162866449511401,0,0,0,0,0.0944625407166124,0,0,0,0,0.00162866449511401,0,0,0.00325732899022801,0,0,0,0.00325732899022801,0,0.00325732899022801,0,0,0,0,0,0,0,0.00162866449511401,0,0,0,0.0325732899022801,0,0,0,0,0,0,0,0.00162866449511401,0,0
"000184.java",0,0,0.114733276883997,0,0,0.0469940728196444,0,0,0,0.000423370025402202,0,0,0,0.000423370025402202,0,0.00338696020321761,0,0,0.000846740050804403,0,0.577476714648603,0,0,0,0,0,0.0414902624894158,0,0,0,0,0.00169348010160881,0,0.000423370025402202,0,0,0,0.000423370025402202,0,0.203640982218459,0.000423370025402202,0,0,0,0.00762066045723963,0,0,0,0,0
"000185.java",0,0.00455927051671732,0.22644376899696,0.533434650455927,0.00151975683890578,0,0,0,0.00303951367781155,0,0.00151975683890578,0,0,0.0425531914893617,0,0,0,0,0,0,0.110942249240122,0,0,0,0,0,0,0,0,0,0,0,0,0,0,0,0,0.00303951367781155,0,0.0729483282674772,0,0,0,0,0,0,0,0,0,0
"000190.java",0,0,0.417525773195876,0.00515463917525773,0,0,0,0,0,0,0.379725085910653,0,0,0.00515463917525773,0,0,0,0,0,0,0,0,0.00515463917525773,0,0.00171821305841924,0,0,0,0,0.0292096219931271,0,0,0,0,0,0,0,0,0,0.0756013745704467,0,0,0,0,0,0,0,0,0.0756013745704467,0.00515463917525773
"000192.java",0,0,0.000214086919289231,0,0,0,0,0.000107043459644616,0,0,0,0,0.000107043459644616,0,0,0.578248769000214,0,0,0,0,0,0,0.00107043459644616,0,0.000214086919289231,0.00074930421751231,0,0.000107043459644616,0,0,0,0,0,0.000535217298223079,0,0,0,0,0,0.14076214943267,0,0,0,0,0,0,0,0,0.277884821237422,0
"000193.java",0,0,0.0508444444444444,0,0,0,0.000177777777777778,0,0,0,0,0,0,0,0,0,0,0,0,0,0,0,0,0,0,0,0,0,0,0,0,0,0,0.912533333333333,0,0,0,0,0,0.0364444444444444,0,0,0,0,0,0,0,0,0,0
"000194.java",0,0,0.519329896907217,0,0.00257731958762887,0,0,0,0,0.206185567010309,0,0,0,0.0747422680412371,0.0708762886597938,0,0,0,0.00128865979381443,0,0.00128865979381443,0,0.00128865979381443,0,0,0,0.00128865979381443,0,0,0,0,0,0,0.00902061855670103,0,0,0,0,0,0.106958762886598,0,0,0.00515463917525773,0,0,0,0,0,0,0
"000196.java",0,0,0,0,0,0,0,0,0,0,0.00366300366300366,0,0,0.47985347985348,0,0.0146520146520147,0,0,0,0.0512820512820513,0,0,0,0,0,0,0,0,0,0.043956043956044,0,0,0,0.0183150183150183,0,0,0,0,0,0.384615384615385,0,0,0,0,0,0,0,0,0.00366300366300366,0
"000197.java",0,0,0.179723502304147,0,0,0.0414746543778802,0,0,0,0,0,0,0,0.276497695852535,0,0,0.00460829493087558,0,0,0,0.032258064516129,0,0,0,0,0,0,0,0,0.0230414746543779,0.0184331797235023,0,0.00460829493087558,0.00460829493087558,0.00460829493087558,0.0645161290322581,0,0.00460829493087558,0,0.271889400921659,0,0,0,0.0599078341013825,0,0.00921658986175115,0,0,0,0
"000199.java",0,0.000440917107583774,0.178571428571429,0,0,0,0.000440917107583774,0,0.000440917107583774,0,0,0,0,0,0,0,0,0,0,0,0,0,0,0,0,0,0,0,0.000440917107583774,0.727072310405644,0,0,0,0.00396825396825397,0,0,0,0,0,0.0886243386243386,0,0,0,0,0,0,0,0,0,0
"000201.java",0,0,0.0164496230294722,0,0,0,0,0,0,0,0,0,0,0,0,0,0,0.000342700479780672,0,0.15318711446196,0,0,0,0,0,0,0.722069910897875,0,0,0,0,0,0,0.000514050719671008,0,0,0,0,0,0.105209047292666,0,0,0,0,0,0.00205620287868403,0,0,0.000171350239890336,0
"000202.java",0,0,0.157088122605364,0,0,0,0,0,0,0,0,0,0,0.00574712643678161,0,0,0,0.367816091954023,0,0,0.339080459770115,0,0,0,0,0,0,0.0766283524904215,0,0,0,0,0,0,0,0,0,0,0,0.053639846743295,0,0,0,0,0,0,0,0,0,0
"000204.java",0,0,0.22911051212938,0,0,0,0,0,0,0,0.00269541778975741,0,0,0.212938005390836,0,0,0,0.0107816711590297,0,0,0,0,0.00269541778975741,0,0.00808625336927224,0,0,0,0,0.264150943396226,0,0,0,0,0,0,0,0,0,0.22911051212938,0.0377358490566038,0,0,0.00269541778975741,0,0,0,0,0,0
"000205.java",0,0,0.501831501831502,0,0,0.0476190476190476,0,0,0.00732600732600733,0,0.358974358974359,0,0,0,0,0,0,0,0,0,0,0,0,0,0,0,0.0274725274725275,0,0,0,0,0,0,0,0,0,0,0,0,0.0421245421245421,0.00549450549450549,0,0.00183150183150183,0.00732600732600733,0,0,0,0,0,0
"000212.java",0,0,0.170265780730897,0,0,0,0.068936877076412,0,0,0,0,0.000415282392026578,0.00747508305647841,0,0.439784053156146,0,0,0,0,0,0.000415282392026578,0,0,0,0.000415282392026578,0.0037375415282392,0,0,0,0.00332225913621262,0,0,0,0.000415282392026578,0.000415282392026578,0,0,0,0,0.00124584717607973,0,0,0.000415282392026578,0,0.302740863787375,0,0,0,0,0
"000215.java",0,0,0,0,0.00589970501474926,0,0,0,0.00294985250737463,0,0,0,0,0.123893805309735,0.00294985250737463,0.112094395280236,0,0,0,0,0,0,0,0,0,0,0.00294985250737463,0,0.176991150442478,0,0,0,0,0,0,0.0737463126843658,0,0,0,0.498525073746313,0,0,0,0,0,0,0,0,0,0
"000216.java",0,0,0.0268199233716475,0,0.157088122605364,0,0,0,0,0,0,0,0,0.409961685823755,0,0,0,0,0,0,0,0,0,0,0,0,0,0,0,0,0,0,0,0,0,0,0,0,0,0.402298850574713,0,0,0,0,0,0,0,0,0,0.00383141762452107
"000218.java",0,0,0.454128440366972,0,0,0,0.00458715596330275,0,0,0,0.0137614678899083,0,0,0.224770642201835,0,0,0,0.00917431192660551,0,0,0,0.00458715596330275,0,0,0,0,0,0,0,0,0.00458715596330275,0,0.165137614678899,0,0,0,0,0,0.0458715596330275,0,0,0,0.00917431192660551,0,0.00458715596330275,0,0,0,0.00458715596330275,0.055045871559633
"000241.java",0,0,0.262678803641092,0,0.00130039011703511,0,0,0,0,0,0.373211963589077,0,0,0.00260078023407022,0,0.282184655396619,0,0,0,0,0,0,0,0,0.00390117035110533,0,0.0195058517555267,0,0,0,0.0338101430429129,0,0,0,0,0,0,0,0,0,0,0.00260078023407022,0,0,0,0,0.0182054616384915,0,0,0
"000244.java",0,0,0.102272727272727,0.00568181818181818,0,0,0,0,0,0,0,0,0.0227272727272727,0,0,0,0,0,0,0,0,0,0,0,0,0,0,0.823863636363636,0,0,0.0227272727272727,0,0.0227272727272727,0,0,0,0,0,0,0,0,0,0,0,0,0,0,0,0,0
"000247.java",0,0,0.167185877466251,0,0,0,0.00519210799584631,0,0.00103842159916926,0,0.00207684319833853,0,0,0.00623052959501558,0,0,0,0,0,0,0,0,0,0.00311526479750779,0,0,0,0.00103842159916926,0,0,0.0249221183800623,0,0,0,0,0.00207684319833853,0,0,0,0,0,0.781931464174455,0,0,0,0,0,0,0,0.00519210799584631
"000248.java",0.0844155844155844,0,0.227272727272727,0,0,0,0,0,0.00216450216450216,0,0.00216450216450216,0,0,0,0,0,0,0,0,0,0,0,0,0,0,0,0,0.00216450216450216,0.00216450216450216,0.00649350649350649,0.645021645021645,0,0,0,0,0,0,0,0,0.0151515151515152,0,0,0.00865800865800866,0,0,0.00216450216450216,0,0,0,0.00216450216450216
"000254.java",0,0,0.0854735976987877,0.000205465379083624,0,0,0,0.000205465379083624,0,0,0,0,0,0,0.000205465379083624,0.0129443188822683,0,0,0,0,0,0,0.735566057119375,0.000205465379083624,0,0,0.0343127183069653,0,0,0.000616396137250873,0,0,0,0,0,0,0,0,0,0.129854119580851,0.000410930758167249,0,0,0,0,0,0,0,0,0
"000257.java",0,0,0.42789598108747,0,0,0,0,0,0,0,0,0,0,0.0378250591016548,0,0,0,0,0,0,0,0,0,0,0,0,0.049645390070922,0,0,0.00472813238770686,0,0,0,0,0,0,0,0,0.312056737588652,0.151300236406619,0,0.00236406619385343,0,0,0.0141843971631206,0,0,0,0,0
"000295.java",0,0,0.0591304347826087,0.0782608695652174,0.0243478260869565,0,0,0,0,0,0,0,0,0,0,0.0452173913043478,0,0,0,0,0,0,0,0,0,0,0,0,0,0,0.779130434782609,0,0,0,0,0.00173913043478261,0,0,0,0.0104347826086957,0,0,0,0,0,0,0,0.00173913043478261,0,0
"000296.java",0,0,0.178294573643411,0,0,0,0,0,0,0,0,0,0,0,0,0,0,0,0,0,0,0,0,0,0,0,0,0,0,0,0.798449612403101,0,0,0,0,0,0,0,0,0,0.00775193798449612,0,0,0,0.0155038759689922,0,0,0,0,0
"000297.java",0,0.00813008130081301,0.146341463414634,0,0,0,0,0,0,0,0,0,0,0,0,0,0,0,0,0,0,0,0,0,0,0,0,0,0,0.00813008130081301,0.83739837398374,0,0,0,0,0,0,0,0,0,0,0,0,0,0,0,0,0,0,0
"000298.java",0,0,0.174019607843137,0,0,0,0.00245098039215686,0,0,0,0,0,0,0,0,0,0,0,0,0,0,0,0,0,0,0.00490196078431373,0.120098039215686,0,0,0,0.678921568627451,0,0.00490196078431373,0,0,0,0,0.00490196078431373,0.00245098039215686,0,0,0,0,0,0,0,0.00490196078431373,0,0.00245098039215686,0
"000299.java",0,0,0.0639269406392694,0,0,0.0045662100456621,0,0,0,0,0.0045662100456621,0,0,0.0045662100456621,0,0,0,0.0045662100456621,0,0,0,0.0045662100456621,0,0,0,0,0,0,0,0,0.908675799086758,0,0,0.0045662100456621,0,0,0,0,0,0,0,0,0,0,0,0,0,0,0,0
"000300.java",0,0,0.568345323741007,0,0,0,0,0,0,0,0,0,0,0,0,0,0,0,0,0,0,0,0,0.00719424460431655,0,0,0,0,0,0,0.381294964028777,0,0,0.0431654676258993,0,0,0,0,0,0,0,0,0,0,0,0,0,0,0,0
"000301.java",0,0,0.0978384527872583,0,0,0,0.887372013651877,0,0,0,0,0,0,0,0,0,0,0.00113765642775882,0,0,0,0,0,0,0,0,0,0,0,0,0,0,0,0,0,0,0,0,0,0,0.00113765642775882,0,0.00455062571103527,0,0.00227531285551763,0,0,0,0,0.00568828213879408
"000306.java",0,0,0.0833838690115221,0,0,0,0,0,0,0,0,0,0,0.000303214069132808,0,0,0,0,0,0,0,0,0,0,0,0,0,0.000606428138265616,0,0,0,0,0,0,0,0,0.443602183141298,0,0,0,0,0,0,0,0.472104305639782,0,0,0,0,0
"000311.java",0.817045080618625,0,0.169134583744653,0,0,0,0,0,0.000658111220796315,0,0,0,0,0,0,0,0,0.000658111220796315,0,0,0,0,0,0,0,0,0.000987166831194472,0.00394866732477789,0.000329055610398157,0.00131622244159263,0,0,0,0,0,0,0,0,0,0.000329055610398157,0,0,0.00526488976637052,0,0,0.000329055610398157,0,0,0,0
"000332.java",0,0,0.317715959004392,0,0,0,0,0,0,0,0,0,0,0.000732064421669107,0,0,0,0,0,0.00658857979502196,0,0,0,0,0,0,0,0,0,0,0,0,0.000732064421669107,0,0,0,0,0.671303074670571,0,0,0,0,0,0,0,0.00292825768667643,0,0,0,0
"000333.java",0,0,0.508547008547009,0,0.00854700854700855,0,0,0,0,0,0,0,0,0.111111111111111,0,0.00427350427350427,0,0,0,0,0.320512820512821,0,0.0128205128205128,0,0.0256410256410256,0.00427350427350427,0,0,0,0,0,0,0,0,0,0,0,0,0,0,0,0,0,0.00427350427350427,0,0,0,0,0,0
"000336.java",0,0,0.450588235294118,0,0.0235294117647059,0,0,0,0,0,0,0,0,0.00117647058823529,0.397647058823529,0,0,0.00117647058823529,0,0,0,0,0,0,0,0,0.0541176470588235,0,0.00470588235294118,0,0,0,0,0,0,0,0,0,0,0.0164705882352941,0,0,0.00117647058823529,0,0,0,0.0482352941176471,0.00117647058823529,0,0
"000339.java",0,0,0.344594594594595,0,0,0,0,0,0,0,0,0,0,0,0,0,0.00168918918918919,0,0,0,0,0,0,0,0.00168918918918919,0,0,0,0,0,0,0,0,0,0.511824324324324,0,0,0,0,0.0861486486486486,0,0,0,0,0,0,0.0540540540540541,0,0,0
"000347.java",0.0176991150442478,0,0.597345132743363,0,0,0,0,0,0,0,0,0,0,0.0707964601769911,0,0,0,0,0,0,0,0,0,0,0.00884955752212389,0.00442477876106195,0.0353982300884956,0.00442477876106195,0,0,0,0,0,0,0,0,0,0,0,0,0.256637168141593,0,0,0,0,0,0,0,0.00442477876106195,0
"000357.java",0,0.000916590284142988,0.286892758936755,0.0375802016498625,0,0,0,0,0,0,0,0,0.000916590284142988,0,0,0.0834097158570119,0,0,0,0,0.0834097158570119,0,0,0,0,0,0,0,0,0.000916590284142988,0,0,0,0,0,0,0,0,0,0.0595783684692942,0.00183318056828598,0,0,0.333638863428048,0,0,0,0.110907424381302,0,0
"000361.java",0,0,0.0572139303482587,0,0,0,0,0,0,0,0,0,0,0.512437810945274,0,0.149253731343284,0,0,0,0.027363184079602,0,0,0,0,0,0.00497512437810945,0,0,0,0,0,0.00248756218905473,0,0.0373134328358209,0,0,0,0.00248756218905473,0,0.203980099502488,0,0,0,0,0,0,0,0,0.00248756218905473,0
"000367.java",0,0,0.0466970387243736,0.0962414578587699,0,0,0,0,0,0,0,0,0,0,0,0.854783599088838,0.000569476082004556,0,0,0,0,0,0,0,0,0,0,0,0,0,0,0,0,0,0,0.00113895216400911,0,0,0,0.000569476082004556,0,0,0,0,0,0,0,0,0,0
"000368.java",0.000209424083769634,0,0,0,0.00146596858638743,0,0.542198952879581,0.000209424083769634,0,0.000209424083769634,0,0,0.0012565445026178,0,0,0.000209424083769634,0,0,0,0.00691099476439791,0,0,0,0,0,0,0.00146596858638743,0.000418848167539267,0,0.00146596858638743,0,0.00104712041884817,0,0,0,0,0,0,0,0,0,0.000209424083769634,0,0,0.441256544502618,0,0.00146596858638743,0,0,0
"000376.java",0,0,0,0,0,0,0,0,0,0,0,0,0,0.105263157894737,0,0,0,0,0,0,0,0,0,0,0,0,0,0,0,0,0.0131578947368421,0,0,0,0.0986842105263158,0,0,0,0.0526315789473684,0.0394736842105263,0.00657894736842105,0,0.118421052631579,0,0,0,0,0,0,0.565789473684211
"000469.java",0,0,0.110032362459547,0,0,0,0,0,0,0,0,0,0,0,0,0,0.00323624595469256,0.00647249190938511,0,0,0,0,0,0,0,0,0,0.83495145631068,0,0,0,0.00323624595469256,0,0,0,0,0,0,0.0355987055016181,0,0,0,0,0,0,0,0.00647249190938511,0,0,0
"000477.java",0,0,0,0,0,0,0,0.583333333333333,0,0,0,0,0,0,0,0,0,0,0,0,0,0.0277777777777778,0,0,0,0,0,0,0,0,0.166666666666667,0,0,0,0,0,0,0,0,0,0,0,0,0,0,0,0,0,0,0.222222222222222
"000478.java",0,0,0.196936542669584,0,0,0,0,0.420131291028446,0.00656455142231947,0,0,0,0,0,0.00218818380743982,0,0,0,0.00656455142231947,0,0.00218818380743982,0,0,0,0,0,0.00437636761487965,0.210065645514223,0,0,0,0,0,0,0,0,0,0,0,0.12253829321663,0,0,0,0,0,0,0,0,0,0.0284463894967177
