"V1","V2","V3","V4","V5","V6","V7","V8","V9","V10","V11","V12","V13","V14","V15","V16","V17","V18","V19","V20","V21","V22","V23","V24","V25","V26","V27","V28","V29","V30","V31","V32","V33","V34","V35","V36","V37","V38","V39","V40","V41","V42","V43","V44","V45","V46","V47","V48","V49","V50"
"000001.java",0,0,0,0,0,0,0,0,0,0.0022075055187638,0,0,0.0022075055187638,0,0,0,0.0022075055187638,0,0,0,0.0022075055187638,0,0,0,0.0375275938189845,0,0,0.00441501103752759,0,0,0,0,0,0,0,0.0706401766004415,0,0.0772626931567329,0,0,0.501103752759382,0,0.300220750551876,0,0,0,0,0,0,0
"000002.java",0,0,0,0,0,0,0,0,0.00121802679658952,0,0,0.00121802679658952,0,0.0048721071863581,0,0,0,0,0,0,0,0,0.071863580998782,0,0,0,0.00243605359317905,0,0,0,0,0,0,0,0,0.729598051157126,0,0.0548112058465286,0,0,0,0,0.132764920828258,0,0,0,0,0,0,0.00121802679658952
"000003.java",0,0,0,0,0.000577367205542725,0,0,0,0,0.0023094688221709,0,0.000577367205542725,0,0,0.00173210161662818,0,0.00115473441108545,0,0,0,0.00288683602771363,0,0,0,0.0109699769053118,0,0.000577367205542725,0,0,0,0,0.000577367205542725,0,0,0,0.0877598152424942,0,0,0.00115473441108545,0,0.798498845265589,0,0.0912240184757506,0,0,0,0,0,0,0
"000004.java",0,0,0,0,0,0.0033112582781457,0,0.178807947019868,0,0,0,0,0,0,0,0.201986754966887,0,0,0,0,0,0,0,0,0.00662251655629139,0,0,0,0,0,0,0,0,0,0.00993377483443709,0,0.0033112582781457,0.175496688741722,0,0,0,0,0.420529801324503,0,0,0,0,0,0,0
"000005.java",0,0,0,0,0,0.0121457489878543,0,0,0,0,0,0.00809716599190283,0,0,0,0,0,0.0202429149797571,0,0,0.0323886639676113,0,0,0,0,0,0.00404858299595142,0,0,0,0,0.00404858299595142,0,0,0,0,0,0,0,0,0,0.1417004048583,0.692307692307692,0,0,0,0.0242914979757085,0.0566801619433198,0,0.00404858299595142
"000018.java",0,0.0297029702970297,0,0,0,0,0,0,0,0,0,0.00495049504950495,0.0099009900990099,0,0,0,0,0,0,0,0,0,0.618811881188119,0.0148514851485149,0,0,0,0,0,0,0,0,0,0,0,0,0,0,0,0,0,0,0.287128712871287,0,0,0,0.0198019801980198,0,0,0.0148514851485149
"000019.java",0,0.116666666666667,0,0,0.00333333333333333,0,0,0,0,0,0,0.00333333333333333,0.00333333333333333,0,0,0,0.00333333333333333,0,0,0,0,0,0.503333333333333,0.00333333333333333,0.00333333333333333,0,0,0,0,0,0,0,0,0,0,0,0,0,0,0,0,0.00666666666666667,0.276666666666667,0,0.0266666666666667,0,0,0.05,0,0
"000020.java",0,0.0594594594594595,0,0,0,0,0,0,0,0,0,0,0,0,0,0,0,0,0,0,0,0,0.52972972972973,0,0,0,0,0,0,0,0,0.0540540540540541,0,0,0,0,0,0,0,0,0,0,0.356756756756757,0,0,0,0,0,0,0
"000023.java",0,0,0,0,0.719614921780987,0,0,0,0,0,0,0,0,0,0,0,0,0,0,0,0,0,0,0,0,0,0,0,0,0.0679903730445247,0,0,0,0,0,0,0,0,0,0.00300842358604091,0,0.00240673886883273,0.145006016847172,0,0,0,0.0619735258724428,0,0,0
"000025.java",0.00226757369614512,0,0,0,0,0,0,0.426303854875283,0.00340136054421769,0,0,0,0.0374149659863946,0,0.00340136054421769,0,0,0.0396825396825397,0,0.0102040816326531,0,0.00226757369614512,0,0.00113378684807256,0,0,0,0,0,0.00340136054421769,0,0,0.139455782312925,0,0,0.00453514739229025,0,0,0,0,0,0,0.321995464852608,0.00226757369614512,0,0,0.00226757369614512,0,0,0
"000026.java",0,0,0,0,0.000509943906170321,0,0,0,0,0,0,0,0,0,0.000169981302056774,0,0,0,0,0,0,0,0,0,0,0,0,0,0.000169981302056774,0,0,0.000339962604113548,0,0,0,0,0,0.000679925208227095,0,0,0.000849906510283869,0,0.0351861295257522,0,0,0,0,0,0,0.962094169641339
"000030.java",0,0,0,0,0,0,0,0,0.000158252888115208,0,0,0,0,0.710397214749169,0,0,0,0,0,0,0,0,0.000316505776230416,0,0,0,0,0,0,0.000316505776230416,0,0,0,0,0,0,0,0.273935749327425,0.00142427599303687,0,0,0,0.0123437252729862,0,0,0.000158252888115208,0,0,0.000949517328691249,0
"000035.java",0,0,0,0,0,0,0,0.0212765957446809,0,0,0,0.00425531914893617,0,0,0,0,0,0,0,0,0,0,0,0,0,0,0,0,0,0,0.00182370820668693,0.837082066869301,0,0,0,0,0,0.00486322188449848,0,0,0,0.00060790273556231,0.12887537993921,0,0,0.00121580547112462,0,0,0,0
"000036.java",0,0,0,0,0,0,0.00150375939849624,0.037593984962406,0,0,0,0,0,0,0,0,0,0,0.00300751879699248,0,0,0,0,0.00150375939849624,0,0,0,0,0,0,0,0.697744360902256,0,0,0,0,0,0,0,0,0,0,0.257142857142857,0,0,0.00150375939849624,0,0,0,0
"000040.java",0,0,0.00112676056338028,0,0,0,0.000563380281690141,0,0,0,0,0,0,0,0.894084507042254,0,0,0,0,0,0.000563380281690141,0,0.0028169014084507,0,0.000563380281690141,0,0,0,0,0,0,0,0,0,0,0,0,0,0,0,0,0,0.0997183098591549,0,0,0,0,0,0.000563380281690141,0
"000043.java",0.0349344978165939,0.00218340611353712,0,0,0,0,0,0.0611353711790393,0,0,0,0.0218340611353712,0,0,0.00436681222707424,0,0,0,0,0,0,0,0.417030567685589,0,0.00436681222707424,0,0,0,0,0,0,0.240174672489083,0,0,0,0,0.00218340611353712,0,0.00218340611353712,0,0,0,0,0.00218340611353712,0.0131004366812227,0.194323144104804,0,0,0,0
"000044.java",0,0,0,0,0,0,0,0,0,0,0,0,0,0,0,0,0,0.00032835330815958,0,0,0,0.00147758988671811,0,0,0,0,0.128550320144475,0,0,0,0.832375636184535,0,0,0,0,0,0,0,0,0,0,0,0.0313577409292399,0,0,0,0.00197011984895748,0.00394023969791496,0,0
"000045.java",0,0,0,0,0,0,0.000226808800181447,0,0.000226808800181447,0,0,0,0,0,0,0,0,0,0,0,0,0.0968473576774779,0,0,0,0,0,0,0,0.000226808800181447,0.850533000680426,0,0,0,0,0,0.000453617600362894,0,0,0,0,0,0.0476298480381039,0.0038557496030846,0,0,0,0,0,0
"000059.java",0,0,0,0,0.000879507475813544,0.00263852242744063,0,0,0,0,0,0,0,0,0,0,0.00263852242744063,0,0,0.898856640281442,0,0.000879507475813544,0,0,0,0,0,0,0,0,0,0,0,0,0,0,0,0,0.00175901495162709,0,0,0,0.0905892700087951,0,0,0.000879507475813544,0,0,0.000879507475813544,0
"000062.java",0.000523012552301255,0,0,0,0.00261506276150628,0.00261506276150628,0,0,0,0,0,0,0,0,0,0,0,0,0.810669456066946,0,0,0,0,0,0,0.000523012552301255,0.000523012552301255,0,0,0,0,0.00156903765690377,0,0,0,0,0,0,0,0,0,0,0.178870292887029,0,0.00209205020920502,0,0,0,0,0
"000067.java",0,0.116883116883117,0,0,0.00324675324675325,0.0373376623376623,0,0,0.00324675324675325,0,0,0,0,0,0,0,0,0,0,0,0,0,0.292207792207792,0.00487012987012987,0,0.00162337662337662,0,0.00162337662337662,0,0,0.00162337662337662,0.00162337662337662,0,0.012987012987013,0,0,0,0.0227272727272727,0,0.00162337662337662,0,0,0.269480519480519,0,0,0,0,0.00162337662337662,0.227272727272727,0
"000078.java",0.00609756097560976,0,0,0.00609756097560976,0,0,0,0,0,0,0,0,0,0.0121951219512195,0.00609756097560976,0,0,0,0,0.170731707317073,0,0,0,0.0121951219512195,0,0,0,0,0,0,0.0121951219512195,0,0,0,0,0,0,0,0,0,0,0,0.432926829268293,0,0,0.335365853658537,0,0,0,0.00609756097560976
"000080.java",0,0,0,0,0,0,0,0,0,0,0,0,0,0,0,0.00452488687782805,0,0.00452488687782805,0,0.00904977375565611,0,0,0,0,0,0,0,0,0,0,0,0,0,0,0,0.00904977375565611,0,0.0678733031674208,0,0,0,0.00452488687782805,0.760180995475113,0,0,0,0.0497737556561086,0.0678733031674208,0,0.0226244343891403
"000091.java",0,0,0,0,0,0.619773210489015,0.000354358610914245,0.0198440822111977,0,0.00070871722182849,0,0,0,0,0,0,0,0.00496102055279943,0.00177179305457123,0,0,0,0,0.000354358610914245,0.276754075124026,0,0,0,0,0,0,0.00141743444365698,0,0,0,0,0,0,0,0,0,0,0.0740609496810773,0,0,0,0,0,0,0
"000098.java",0,0,0,0,0,0,0,0.0103742880390561,0.000406834825061025,0,0,0,0,0,0,0,0,0.800854353132628,0,0,0,0,0.0248169243287225,0,0,0,0,0,0,0,0,0,0,0,0,0.000203417412530513,0,0.0105777054515867,0,0.000610252237591538,0,0,0.132017900732303,0,0,0,0.0124084621643613,0.00183075671277461,0.00589910496338487,0
"000106.java",0,0,0,0,0,0,0,0.0714285714285714,0,0,0,0.051948051948052,0,0,0,0,0,0,0.00649350649350649,0,0,0,0.305194805194805,0,0.00649350649350649,0,0,0,0,0,0.012987012987013,0.0454545454545455,0,0.012987012987013,0,0,0,0,0.00649350649350649,0,0,0,0.318181818181818,0,0.025974025974026,0.136363636363636,0,0,0,0
"000109.java",0,0,0,0,0,0,0,0,0,0,0,0,0,0,0,0,0,0,0,0,0,0,0,0,0,0,0,0.2,0,0,0,0.0222222222222222,0,0,0,0,0.533333333333333,0,0,0,0,0,0.177777777777778,0,0,0.0222222222222222,0.0444444444444444,0,0,0
"000111.java",0,0,0,0,0,0.00431034482758621,0.685344827586207,0,0,0.00107758620689655,0,0,0,0,0,0,0,0,0.00107758620689655,0,0.00538793103448276,0,0.112068965517241,0,0,0,0,0,0,0,0,0.00431034482758621,0,0,0,0,0,0.00862068965517241,0,0,0,0,0.172413793103448,0,0,0.00107758620689655,0,0,0.00323275862068966,0.00107758620689655
"000115.java",0,0.00715990453460621,0.00238663484486874,0,0.00238663484486874,0.00477326968973747,0,0.56563245823389,0,0,0,0,0,0,0,0,0,0,0,0,0,0,0,0,0,0,0,0,0,0,0,0,0,0,0,0,0,0,0,0,0,0,0.152744630071599,0,0.00238663484486874,0.262529832935561,0,0,0,0
"000116.java",0,0,0,0,0.010536398467433,0,0,0.00478927203065134,0,0,0.64176245210728,0.000957854406130268,0,0.00191570881226054,0.000957854406130268,0,0,0,0,0,0,0,0.00670498084291188,0,0,0,0,0,0.0670498084291188,0,0,0,0,0,0,0,0,0.00191570881226054,0,0,0,0,0.244252873563218,0,0,0,0.00670498084291188,0.00862068965517241,0,0.00383141762452107
"000124.java",0,0,0.000480769230769231,0,0,0.000961538461538462,0,0.00144230769230769,0,0.937019230769231,0,0,0,0,0,0,0,0,0,0,0,0,0,0,0,0,0,0,0.000480769230769231,0,0,0,0,0,0,0,0,0.00432692307692308,0,0,0,0,0.0543269230769231,0,0,0,0,0,0,0.000961538461538462
"000132.java",0,0,0,0,0,0,0,0.0119821660783949,0,0,0,0,0,0,0,0,0,0,0,0,0.00436559539290359,0,0.000371540033438603,0,0,0,0.000371540033438603,0,0,0,0,0.000185770016719302,0,0,0,0,0,0,0,0.959223481330113,0,0,0.023128367081553,0.000278655025078952,0,9.28850083596508e-05,0,0,0,0
"000134.java",0,0,0,0,0,0,0,0,0,0,0,0,0,0,0.0265895953757225,0.00115606936416185,0,0,0,0,0.0497109826589595,0,0.0092485549132948,0,0.0023121387283237,0,0,0,0,0,0.0289017341040462,0.669364161849711,0,0,0,0,0,0.0023121387283237,0,0,0,0,0.208092485549133,0,0.0023121387283237,0,0,0,0,0
"000136.java",0,0,0,0,0,0,0.0053475935828877,0.053475935828877,0,0,0,0,0.379679144385027,0,0,0,0,0.0106951871657754,0,0,0,0,0,0,0,0.0053475935828877,0,0,0,0,0,0.0106951871657754,0,0,0,0,0.128342245989305,0,0,0,0,0,0.406417112299465,0,0,0,0,0,0,0
"000137.java",0,0,0,0,0,0,0,0,0,0,0.00106609808102345,0,0.000533049040511727,0,0,0,0.000533049040511727,0,0,0,0,0,0.00213219616204691,0.00106609808102345,0.631663113006397,0,0,0,0,0,0,0.00159914712153518,0,0,0,0,0,0.00426439232409382,0.0964818763326226,0,0,0,0.158848614072495,0.000533049040511727,0.100213219616205,0,0,0.00106609808102345,0,0
"000138.java",0,0,0,0,0,0,0,0,0.0697674418604651,0,0,0,0.322259136212625,0,0,0.00664451827242525,0,0.0631229235880399,0,0,0,0,0,0,0.079734219269103,0,0.00332225913621262,0,0,0,0,0,0,0.00332225913621262,0,0,0.00332225913621262,0,0,0,0.00332225913621262,0,0.445182724252492,0,0,0,0,0,0,0
"000139.java",0,0,0,0,0,0.000704225352112676,0,0,0,0,0,0,0,0.000704225352112676,0,0,0,0,0,0,0.0028169014084507,0,0,0,0.00352112676056338,0,0,0,0,0,0,0,0,0,0,0,0,0.00563380281690141,0,0,0,0,0.205633802816901,0,0.759154929577465,0,0.0161971830985915,0,0.00211267605633803,0.00352112676056338
"000140.java",0,0,0.0101010101010101,0,0,0.0101010101010101,0,0,0,0,0,0,0,0,0,0,0,0,0,0.0202020202020202,0,0,0,0.343434343434343,0,0,0,0,0,0,0,0,0,0,0,0,0.232323232323232,0,0,0,0,0,0.363636363636364,0,0,0.0202020202020202,0,0,0,0
"000141.java",0,0.00930232558139535,0,0,0,0,0,0.0744186046511628,0,0,0.0744186046511628,0,0,0.00930232558139535,0,0,0,0,0,0,0,0,0,0,0,0,0.00465116279069767,0,0,0.0186046511627907,0,0.367441860465116,0,0,0,0,0,0,0,0,0,0,0.395348837209302,0,0.0418604651162791,0,0,0.00465116279069767,0,0
"000142.java",0,0,0,0,0,0,0,0.00493827160493827,0,0,0,0,0,0,0,0,0,0,0,0,0.00493827160493827,0,0,0,0,0,0.00246913580246914,0,0,0,0,0,0,0,0,0,0.985185185185185,0,0,0,0,0.00246913580246914,0,0,0,0,0,0,0,0
"000143.java",0,0,0,0,0.00117924528301887,0,0,0.017688679245283,0,0,0,0,0,0.00117924528301887,0.000589622641509434,0,0,0,0.0035377358490566,0,0,0,0,0,0.000589622641509434,0,0,0,0,0,0.000589622641509434,0.00235849056603774,0.000589622641509434,0,0,0,0,0,0,0,0,0,0.178066037735849,0,0.793632075471698,0,0,0,0,0
"000144.java",0,0,0,0,0,0,0,0.229281767955801,0,0,0,0,0,0.00276243093922652,0,0,0,0,0,0,0,0,0,0,0,0,0,0,0,0,0,0,0,0,0,0,0.767955801104972,0,0,0,0,0,0,0,0,0,0,0,0,0
"000145.java",0,0,0,0,0,0,0,0,0,0,0,0,0,0,0.00392156862745098,0,0,0,0,0,0,0,0.00784313725490196,0,0,0,0,0,0,0,0,0,0,0,0,0,0.984313725490196,0,0,0,0,0,0,0,0,0,0.00392156862745098,0,0,0
"000146.java",0,0,0,0,0,0,0,0,0,0,0,0.0204081632653061,0,0.0408163265306122,0,0,0,0,0,0.469387755102041,0,0.0612244897959184,0,0,0,0,0,0.163265306122449,0,0,0,0,0,0,0,0,0.183673469387755,0,0,0,0,0,0.0408163265306122,0,0,0,0,0,0,0.0204081632653061
"000147.java",0,0,0,0,0,0.00296296296296296,0,0,0,0,0,0,0,0,0,0,0,0,0,0.0207407407407407,0,0,0,0,0,0,0,0,0,0,0,0,0,0,0.00148148148148148,0,0.971851851851852,0,0,0,0,0,0,0,0,0.00148148148148148,0,0,0.00148148148148148,0
"000148.java",0,0,0,0,0,0,0,0,0,0,0,0,0,0,0,0,0,0.00233100233100233,0,0,0,0,0,0,0,0,0,0,0,0,0,0,0,0,0,0,0.995337995337995,0.00233100233100233,0,0,0,0,0,0,0,0,0,0,0,0
"000149.java",0,0.00977198697068404,0,0,0,0,0,0,0,0,0,0,0,0,0.00325732899022801,0,0.00325732899022801,0,0,0,0,0.00325732899022801,0,0,0,0,0,0,0,0,0.00651465798045603,0,0,0,0,0,0.93485342019544,0.00651465798045603,0,0,0,0,0.0293159609120521,0,0,0,0,0,0,0.00325732899022801
"000150.java",0,0,0,0,0,0,0,0.0099009900990099,0,0,0,0,0,0,0,0,0,0,0,0,0,0,0,0,0,0,0,0,0,0,0,0,0,0,0,0,0.982673267326733,0,0,0,0,0,0,0.00247524752475248,0,0.00495049504950495,0,0,0,0
"000151.java",0,0,0,0,0,0,0.00161812297734628,0,0,0,0,0,0,0,0,0,0,0,0,0,0,0.0190938511326861,0,0,0,0,0.000970873786407767,0,0,0.000323624595469256,0,0,0,0,0,0,0,0.0317152103559871,0,0,0,0,0.0932038834951456,0,0,0.000970873786407767,0,0.85210355987055,0,0
"000152.java",0,0,0,0,0,0,0,0,0,0,0,0,0,0,0,0,0,0.00693240901213172,0,0,0,0.00693240901213172,0,0,0,0.421143847487002,0.00866551126516464,0,0,0,0.00173310225303293,0.0103986135181976,0,0,0,0.00346620450606586,0,0,0,0.0225303292894281,0.00519930675909879,0,0.410745233968804,0.0225303292894281,0,0,0,0,0.0797227036395147,0
"000156.java",0,0,0,0,0,0.00349162011173184,0,0.00349162011173184,0,0,0,0,0,0,0,0,0,0.00418994413407821,0,0,0,0,0,0,0.124301675977654,0,0,0,0,0,0,0,0,0.657122905027933,0,0,0,0,0,0,0,0,0.206005586592179,0,0,0,0,0.00139664804469274,0,0
"000157.java",0,0,0,0,0,0,0,0.00605867346938775,0,0,0,0,0,0,0,0,0,0,0,0,0,0.879783163265306,0,0,0,0,0,0,0,0,0,0,0,0,0,0,0,0,0.000318877551020408,0.000637755102040816,0,0,0.112244897959184,0,0,0,0,0.000318877551020408,0.000637755102040816,0
"000160.java",0,0,0,0,0,0,0.0102739726027397,0,0,0,0,0,0,0,0.00342465753424658,0,0,0,0,0,0,0,0.133561643835616,0.00342465753424658,0,0,0.243150684931507,0.0616438356164384,0,0,0,0,0,0,0,0,0.00342465753424658,0,0,0,0.00342465753424658,0.00342465753424658,0.273972602739726,0,0,0.26027397260274,0,0,0,0
"000172.java",0,0,0.00233918128654971,0,0,0.00233918128654971,0,0.0654970760233918,0,0.0140350877192982,0.0725146198830409,0,0,0.00233918128654971,0.00467836257309942,0,0,0.00116959064327485,0,0,0,0,0,0.00116959064327485,0,0,0,0,0,0,0,0.00701754385964912,0,0,0.401169590643275,0,0,0.0584795321637427,0,0.00350877192982456,0,0,0.264327485380117,0,0,0,0,0,0,0.0994152046783626
"000175.java",0,0,0,0,0,0,0,0.0451038575667656,0,0.00178041543026706,0,0,0,0,0,0,0,0,0.000593471810089021,0,0,0,0.00356083086053412,0,0,0,0,0,0,0,0,0,0,0,0,0,0,0,0,0,0,0.804747774480712,0.143026706231454,0,0,0,0,0.00118694362017804,0,0
"000176.java",0,0,0,0,0,0,0,0.00602409638554217,0,0,0,0,0.802065404475043,0,0,0.000860585197934596,0,0,0,0,0,0,0,0,0,0,0,0,0,0,0,0,0,0,0,0,0,0.000860585197934596,0.000860585197934596,0,0,0,0.189328743545611,0,0,0,0,0,0,0
"000177.java",0,0.366223908918406,0,0,0,0,0,0.0113851992409867,0,0,0,0,0,0,0,0,0,0.047438330170778,0,0.00189753320683112,0,0.00189753320683112,0,0,0,0,0,0,0,0,0,0,0,0.00379506641366224,0,0,0,0,0,0,0,0,0.567362428842505,0,0,0,0,0,0,0
"000178.java",0,0.0830618892508143,0,0,0,0,0,0.00325732899022801,0,0,0,0,0.00488599348534202,0,0.0390879478827362,0,0,0,0,0,0,0,0,0.00651465798045603,0,0.0521172638436482,0.0521172638436482,0,0,0,0,0,0,0.307817589576547,0,0,0,0.0879478827361563,0,0.00488599348534202,0,0,0.356677524429967,0,0,0,0,0,0,0.00162866449511401
"000180.java",0,0.0060790273556231,0,0,0,0,0,0,0,0,0,0,0,0,0,0,0.033434650455927,0.00151975683890578,0.0182370820668693,0,0,0,0.00151975683890578,0,0,0.0243161094224924,0,0,0.00151975683890578,0.0060790273556231,0,0,0,0,0.303951367781155,0,0,0.0942249240121581,0,0,0,0.227963525835866,0.281155015197568,0,0,0,0,0,0,0
"000185.java",0,0.0326460481099656,0.245704467353952,0,0,0,0,0,0,0,0,0,0.00343642611683849,0,0.00515463917525773,0,0,0,0,0,0,0,0,0.00171821305841924,0,0,0,0,0.0154639175257732,0.00171821305841924,0,0,0,0,0,0,0.00343642611683849,0.0412371134020619,0.00343642611683849,0.013745704467354,0,0.0687285223367698,0.355670103092784,0,0.206185567010309,0,0.00171821305841924,0,0,0
"000186.java",0.000916590284142988,0,0,0,0.446379468377635,0,0,0,0.00274977085242896,0,0.00366636113657195,0,0.0155820348304308,0,0,0,0,0,0,0,0,0,0,0.000916590284142988,0.00274977085242896,0,0,0,0.00549954170485793,0,0,0,0,0,0.00183318056828598,0,0,0.0705774518790101,0,0,0,0.0439963336388634,0.237396883593034,0,0.0494958753437214,0,0.118240146654445,0,0,0
"000187.java",0,0,0.00140131508030613,0,0.000431173870863426,0,0,0.00150910854802199,0,0,0,0.405950199417915,0,0,0.000431173870863426,0,0.000107793467715856,0,0,0.000215586935431713,0,0,0,0,0.000107793467715856,0,0,0,0,0.000215586935431713,0,0,0,0,0,0,0,0.00474291257949768,0,0,0,0,0.0711436886924652,0,0.000107793467715856,0,0.51352808019834,0.000107793467715856,0,0
"000188.java",0,0,0,0,0.00124444444444444,0.000177777777777778,0,0,0,0,0,0,0,0,0,0,0,0.000711111111111111,0.00142222222222222,0,0,0,0,0,0.0119111111111111,0,0,0,0,0.912,0,0,0,0,0,0,0,0.00337777777777778,0,0,0,0,0.0428444444444444,0,0,0,0.0254222222222222,0,0.000355555555555556,0.000533333333333333
"000189.java",0,0.0837628865979381,0,0,0,0,0,0,0,0,0,0,0,0,0,0,0,0,0,0,0,0,0.666237113402062,0,0,0,0,0,0,0,0,0.0038659793814433,0,0,0,0.00128865979381443,0.00128865979381443,0,0,0,0,0,0.222938144329897,0,0,0,0,0,0.0206185567010309,0
"000190.java",0,0.33112582781457,0,0,0,0.0198675496688742,0,0,0,0,0,0,0,0,0,0,0,0,0,0,0,0,0,0,0,0,0,0,0,0.0728476821192053,0,0,0,0,0,0,0,0,0.00662251655629139,0,0,0,0.52317880794702,0,0,0,0.043046357615894,0,0.0033112582781457,0
"000191.java",0,0.183150183150183,0,0,0,0,0,0,0,0,0,0,0,0,0,0.00366300366300366,0.00366300366300366,0,0,0,0.0695970695970696,0,0,0,0,0,0,0,0,0.0476190476190476,0,0,0,0,0,0,0,0,0.106227106227106,0,0,0,0.586080586080586,0,0,0,0,0,0,0
"000194.java",0,0,0,0,0,0,0,0.273809523809524,0,0,0,0.00132275132275132,0.000440917107583774,0,0,0,0,0,0,0,0.619929453262787,0,0,0,0,0,0.000440917107583774,0,0,0.000440917107583774,0,0.000881834215167548,0,0,0,0,0,0.013668430335097,0,0,0,0,0.0881834215167548,0,0,0,0,0.000881834215167548,0,0
"000196.java",0,0,0.000171350239890336,0,0,0,0,0.29575051405072,0,0,0,0,0,0,0,0,0,0.000342700479780672,0,0,0.000514050719671008,0,0,0,0,0,0,0,0,0,0,0.000171350239890336,0,0,0,0,0,0.00222755311857437,0.655414667580535,0,0,0,0.042837559972584,0,0.000171350239890336,0,0,0.0023989033584647,0,0
"000197.java",0.00191570881226054,0,0,0,0,0,0,0,0,0,0,0,0,0,0,0,0,0,0,0,0,0,0,0,0,0.591954022988506,0,0,0,0,0,0.00383141762452107,0,0,0,0,0,0,0,0.0268199233716475,0,0.00383141762452107,0.367816091954023,0,0.00383141762452107,0,0,0,0,0
"000199.java",0,0.191374663072776,0,0,0,0,0,0,0,0,0,0,0,0,0,0,0,0.00269541778975741,0,0,0.31266846361186,0,0,0,0,0,0,0,0,0,0,0,0,0.00269541778975741,0,0,0.00808625336927224,0,0.00539083557951483,0,0.00539083557951483,0,0.466307277628032,0,0,0,0,0.00539083557951483,0,0
"000200.java",0,0,0.0274725274725275,0,0,0,0,0,0,0,0,0,0,0,0,0,0,0,0,0,0,0,0,0,0,0,0,0,0,0,0,0,0,0,0,0.00366300366300366,0,0,0,0.00366300366300366,0,0.0641025641025641,0.468864468864469,0,0.368131868131868,0,0,0,0,0.0641025641025641
"000201.java",0,0,0.62298682284041,0,0,0,0,0,0,0,0,0,0,0,0,0,0,0.00219619326500732,0,0,0,0.00146412884333821,0,0,0,0,0,0,0,0,0,0.00585651537335286,0,0,0,0,0,0,0.0212298682284041,0.00219619326500732,0,0,0.343338213762811,0,0,0,0,0,0.000732064421669107,0
"000202.java",0,0.094017094017094,0,0,0,0.00427350427350427,0.00854700854700855,0.00427350427350427,0.00427350427350427,0,0.0170940170940171,0,0,0,0,0,0,0.0128205128205128,0,0,0.00427350427350427,0,0,0,0.0170940170940171,0.0897435897435897,0,0,0,0,0,0,0,0.0128205128205128,0,0,0,0.136752136752137,0,0,0,0,0.542735042735043,0,0.0128205128205128,0,0,0.00427350427350427,0,0.0341880341880342
"000225.java",0,0.00130039011703511,0,0,0,0,0,0.00130039011703511,0,0,0,0,0.00260078023407022,0,0,0,0,0,0,0,0,0,0,0,0.0364109232769831,0,0,0,0,0,0,0,0.00260078023407022,0.00130039011703511,0.374512353706112,0,0,0,0,0,0,0,0.299089726918075,0.00260078023407022,0,0.00260078023407022,0.275682704811443,0,0,0
"000226.java",0.0917431192660551,0.0963302752293578,0,0,0,0,0,0,0.0137614678899083,0,0,0.00917431192660551,0,0,0,0,0,0,0,0.0871559633027523,0,0,0,0,0,0.00917431192660551,0,0.0871559633027523,0,0,0,0,0,0,0,0,0.0825688073394495,0,0,0,0,0,0.522935779816514,0,0,0,0,0,0,0
"000228.java",0,0,0,0,0,0,0,0,0,0,0,0,0.738636363636364,0,0,0,0,0,0,0,0,0,0,0,0,0,0,0,0.0227272727272727,0,0,0,0,0,0,0,0,0,0,0,0,0.00568181818181818,0.204545454545455,0,0,0.0284090909090909,0,0,0,0
"000231.java",0.757009345794392,0,0,0,0.00103842159916926,0,0,0,0,0.00103842159916926,0,0,0,0,0,0,0,0,0,0,0,0,0.0114226375908619,0,0,0,0,0,0,0,0.00103842159916926,0,0,0,0.00415368639667705,0,0,0,0,0.00207684319833853,0,0,0.215991692627207,0,0.00623052959501558,0,0,0,0,0
"000237.java",0.000205634382068682,0,0.000616903146206046,0,0,0,0,0.0067859346082665,0,0,0,0,0,0,0,0,0.000205634382068682,0,0,0,0,0,0,0,0,0,0,0,0.823154431420934,0,0.000411268764137364,0.000411268764137364,0,0,0,0,0,0.0612790458564672,0,0.000616903146206046,0,0,0.095003084515731,0,0,0,0.00801974090067859,0,0,0.00329015011309891
"000276.java",0,0,0,0,0,0,0,0,0,0,0,0,0,0,0,0,0.575652173913043,0,0.00347826086956522,0.00173913043478261,0.0156521739130435,0,0.161739130434783,0,0,0,0,0,0,0,0,0,0,0,0,0,0,0,0,0,0,0,0.00521739130434783,0,0,0.227826086956522,0.00521739130434783,0.00347826086956522,0,0
"000277.java",0.0232558139534884,0,0,0,0,0,0,0,0,0,0,0.00775193798449612,0,0,0,0,0.155038759689922,0,0,0,0,0,0.0155038759689922,0,0,0,0,0,0,0,0,0,0,0,0,0,0,0,0,0,0.00775193798449612,0,0.00775193798449612,0,0.00775193798449612,0.775193798449612,0,0,0,0
"000278.java",0,0,0,0,0,0,0,0.016260162601626,0.00813008130081301,0,0,0,0,0,0,0,0.138211382113821,0.00813008130081301,0,0,0,0,0,0,0,0,0,0,0,0,0,0,0,0,0,0,0,0,0.00813008130081301,0,0,0,0,0,0,0.813008130081301,0.00813008130081301,0,0,0
"000279.java",0,0,0,0,0,0,0,0,0,0,0,0.0441176470588235,0,0,0,0,0,0,0,0,0,0,0.33578431372549,0,0,0,0,0,0,0,0.00735294117647059,0.0392156862745098,0,0,0,0,0,0,0.00980392156862745,0,0,0,0,0.00245098039215686,0,0.561274509803922,0,0,0,0
"000280.java",0,0,0,0,0,0,0.0091324200913242,0.0045662100456621,0,0,0,0,0,0,0,0,0,0,0.0136986301369863,0,0,0,0,0,0,0,0,0,0,0.0045662100456621,0,0,0,0,0,0,0,0,0.045662100456621,0,0,0,0.0365296803652968,0,0,0.885844748858447,0,0,0,0
"000281.java",0,0,0.0215827338129496,0,0,0,0,0,0,0,0,0,0,0,0,0,0,0,0,0,0,0,0.0719424460431655,0,0,0.00719424460431655,0,0,0.00719424460431655,0,0,0,0,0,0,0,0,0,0,0,0,0,0.223021582733813,0,0,0.669064748201439,0,0,0,0
"000282.java",0,0,0,0.000212359311955829,0,0,0,0.00339774899129327,0,0,0,0,0,0,0.000212359311955829,0,0,0,0,0,0.00212359311955829,0,0.217880654066681,0,0,0,0,0,0,0,0.000212359311955829,0,0,0.000637077935867488,0,0,0.000212359311955829,0,0,0,0,0,0,0.772138458271395,0,0,0,0,0.00297303036738161,0
"000283.java",0,0,0,0,0,0,0,0,0,0,0,0,0,0.00114155251141553,0.00342465753424658,0,0,0.00342465753424658,0,0,0,0,0,0,0,0,0,0,0,0,0,0,0.406392694063927,0,0,0,0,0,0,0,0,0,0.17351598173516,0.407534246575342,0,0,0.00228310502283105,0,0.00228310502283105,0
"000292.java",0,0,0.00197433366238894,0,0,0.00164527805199079,0,0,0,0.000329055610398157,0,0,0.00427772293517604,0,0,0,0,0.00164527805199079,0,0.000987166831194472,0.00493583415597236,0,0,0.791378743007568,0.000329055610398157,0,0.000658111220796315,0,0,0,0,0.000329055610398157,0,0.00723922342875946,0,0,0,0.0190852254030931,0.000987166831194472,0.000329055610398157,0,0,0.163540638367884,0.000329055610398157,0,0,0,0,0,0
"000317.java",0,0,0,0,0,0,0,0.00235849056603774,0,0,0,0,0,0,0,0,0,0.0330188679245283,0,0,0,0,0.569575471698113,0,0,0,0,0,0,0,0,0,0,0,0,0,0,0,0,0.00707547169811321,0,0,0.0731132075471698,0,0,0,0,0.0224056603773585,0.292452830188679,0
"000318.java",0.000578368999421631,0.00231347599768652,0,0,0,0,0,0.00404858299595142,0,0,0,0,0,0,0,0,0,0,0,0,0,0.00983227299016773,0.140543666859456,0.000578368999421631,0,0,0,0,0,0,0,0,0,0,0,0,0,0,0,0.00173510699826489,0,0,0,0.109311740890688,0,0,0,0,0.731058415268942,0
"000320.java",0,0,0,0,0,0,0,0.155405405405405,0,0,0,0,0,0,0,0.398648648648649,0,0.0777027027027027,0.00168918918918919,0.00168918918918919,0,0,0.00506756756756757,0,0.00168918918918919,0,0,0,0,0,0,0,0,0,0,0,0,0,0,0,0.00337837837837838,0,0.349662162162162,0,0.00168918918918919,0,0,0,0.00337837837837838,0
"000321.java",0,0.109144542772861,0,0,0,0,0,0,0,0,0,0,0.0147492625368732,0,0.0147492625368732,0,0,0,0,0,0,0,0,0,0.00294985250737463,0,0.0678466076696165,0,0,0.00294985250737463,0,0,0,0,0,0,0,0,0,0.218289085545723,0,0,0.40117994100295,0,0,0,0.141592920353982,0,0.00294985250737463,0.023598820058997
"000322.java",0,0.272030651340996,0,0,0,0,0,0,0,0,0,0,0.00383141762452107,0,0,0.0268199233716475,0,0,0,0,0.0153256704980843,0,0,0,0,0,0,0.00383141762452107,0,0,0.00383141762452107,0,0,0,0.00383141762452107,0,0,0.0613026819923372,0,0,0,0,0.379310344827586,0,0,0,0,0.229885057471264,0,0
"000330.java",0,0,0.00223588596981554,0,0,0.00167691447736165,0,0.00391280044717719,0.613191727221912,0,0,0,0,0,0.00167691447736165,0,0,0,0,0,0,0,0.0206819452207937,0,0,0,0,0,0,0,0,0,0.000558971492453885,0,0,0,0.000558971492453885,0.101732811626607,0,0.0391280044717719,0,0,0.17272219116825,0,0,0,0,0,0.0100614868641699,0.0318613750698714
"000343.java",0,0.165898617511521,0,0,0,0,0,0,0,0,0,0,0,0,0,0,0,0,0,0,0.0460829493087558,0,0,0,0,0,0,0,0,0,0,0,0,0,0,0.00460829493087558,0,0.0599078341013825,0,0.15668202764977,0,0,0.428571428571429,0.00460829493087558,0.00460829493087558,0,0.00921658986175115,0,0,0.119815668202765
"000352.java",0,0,0,0,0.00657894736842105,0,0,0,0,0,0,0,0.00657894736842105,0,0,0,0,0,0,0,0,0,0.0131578947368421,0,0,0,0,0,0,0,0,0,0,0,0,0,0.789473684210526,0,0,0,0,0,0.151315789473684,0,0.0328947368421053,0,0,0,0,0
"000433.java",0.20863309352518,0,0,0,0,0,0,0.0215827338129496,0,0,0,0,0.39568345323741,0,0,0,0,0,0,0,0,0,0,0,0,0,0,0,0,0,0,0,0,0,0,0,0,0,0,0,0,0.00719424460431655,0.352517985611511,0,0,0,0.0143884892086331,0,0,0
"000441.java",0,0,0,0,0,0,0,0,0,0,0,0,0,0,0,0,0,0,0,0,0,0,0,0,0,0,0,0.638888888888889,0,0,0,0,0,0,0,0,0.111111111111111,0,0,0,0,0,0,0,0,0.222222222222222,0,0,0,0.0277777777777778
"000442.java",0,0,0,0,0,0,0,0,0,0,0,0,0.105032822757112,0,0,0,0,0,0,0,0,0,0.0568927789934354,0,0,0,0,0.477024070021882,0,0,0.0087527352297593,0.0568927789934354,0,0,0,0,0.0284463894967177,0,0,0,0,0,0.262582056892779,0,0,0,0,0.00437636761487965,0,0
