"V1","V2","V3","V4","V5","V6","V7","V8","V9","V10","V11","V12","V13","V14","V15","V16","V17","V18","V19","V20","V21","V22","V23","V24","V25","V26","V27","V28","V29","V30","V31","V32","V33","V34","V35","V36","V37","V38","V39","V40","V41","V42","V43","V44","V45","V46","V47","V48","V49","V50"
"000001.java",0,0,0,0.240618101545254,0.00441501103752759,0,0,0,0,0,0,0,0,0,0,0,0,0,0,0,0,0,0,0,0.529801324503311,0.0022075055187638,0,0.0132450331125828,0,0,0,0,0,0,0.0838852097130243,0,0,0,0,0,0.0684326710816777,0.0022075055187638,0,0,0,0.0529801324503311,0,0,0,0.0022075055187638
"000002.java",0,0,0,0.187576126674787,0.0048721071863581,0,0.0207064555420219,0,0.0133982947624848,0.00121802679658952,0,0,0,0,0,0.00365408038976857,0,0,0,0,0,0,0.00121802679658952,0,0,0,0,0,0,0.0048721071863581,0,0.00121802679658952,0,0,0,0,0,0,0,0,0.757612667478684,0.00243605359317905,0,0,0,0,0,0,0,0.00121802679658952
"000003.java",0.000577367205542725,0,0,0.100461893764434,0,0,0,0,0,0,0,0,0,0,0,0,0,0.000577367205542725,0,0.000577367205542725,0,0,0,0,0.799653579676674,0,0,0,0,0,0,0,0,0,0,0,0.0196304849884527,0.000577367205542725,0,0,0.0669745958429561,0,0,0.000577367205542725,0,0.00577367205542725,0.0046189376443418,0,0,0
"000004.java",0,0,0,0.52317880794702,0,0,0,0,0,0,0.0033112582781457,0,0.0827814569536424,0,0,0,0,0.0033112582781457,0,0.235099337748344,0,0,0,0,0,0,0,0.0033112582781457,0,0,0,0,0,0.0397350993377483,0,0,0,0.00662251655629139,0.00662251655629139,0.0960264900662252,0,0,0,0,0,0,0,0,0,0
"000005.java",0,0,0,0.462555066079295,0.00881057268722467,0,0,0,0,0,0.039647577092511,0,0,0,0.026431718061674,0.013215859030837,0,0,0,0,0,0,0,0,0,0,0,0,0,0.00881057268722467,0,0.00881057268722467,0.370044052863436,0,0,0,0,0,0,0,0,0,0,0,0,0,0.0572687224669604,0.00440528634361234,0,0
"000006.java",0,0.202429149797571,0,0.65587044534413,0,0.00404858299595142,0.0404858299595142,0,0,0,0,0,0.00809716599190283,0,0,0,0.0323886639676113,0,0,0,0,0,0,0,0,0,0,0,0,0,0,0,0,0.0202429149797571,0,0,0.00809716599190283,0,0.00404858299595142,0,0.00809716599190283,0.0121457489878543,0,0,0,0,0,0,0,0.00404858299595142
"000019.java",0.0198019801980198,0,0.0099009900990099,0.896039603960396,0,0,0.00495049504950495,0.00495049504950495,0,0,0,0,0.00495049504950495,0,0,0,0,0,0,0,0,0,0.00495049504950495,0,0,0,0,0,0,0,0,0,0,0,0,0,0,0.0495049504950495,0,0,0,0,0.00495049504950495,0,0,0,0,0,0,0
"000020.java",0.04,0,0,0.613333333333333,0,0,0,0,0,0,0,0,0,0,0,0,0,0.0366666666666667,0,0.0266666666666667,0,0,0,0,0,0,0,0,0,0,0,0.00333333333333333,0.0233333333333333,0.0933333333333333,0,0.156666666666667,0,0,0,0,0,0,0,0,0,0,0.00666666666666667,0,0,0
"000021.java",0.0432432432432432,0,0,0.848648648648649,0,0,0,0,0,0,0.0918918918918919,0,0,0,0,0,0,0,0,0,0,0,0,0,0,0,0,0,0.0108108108108108,0,0,0,0,0,0,0,0,0,0,0,0,0,0,0,0.00540540540540541,0,0,0,0,0
"000024.java",0,0,0,0.187725631768953,0,0,0,0,0,0.76173285198556,0,0,0.000601684717208183,0,0,0,0,0.00120336943441637,0,0,0,0,0,0.00240673886883273,0,0.000601684717208183,0,0.0439229843561974,0,0,0,0,0,0,0,0,0,0,0,0,0,0,0,0,0,0.00180505415162455,0,0,0,0
"000026.java",0,0.00113378684807256,0,0.549886621315193,0,0,0,0,0,0,0,0,0.00113378684807256,0,0,0,0,0,0,0.41156462585034,0,0,0,0,0,0,0,0,0,0,0,0,0.00340136054421769,0,0,0,0,0,0,0.00113378684807256,0.00113378684807256,0,0,0,0,0,0.0158730158730159,0,0,0.0147392290249433
"000027.java",0,0,0,0.0207201086956522,0,0,0,0,0,0,0,0,0,0,0,0,0.000509510869565217,0.97758152173913,0,0,0,0,0,0,0.000169836956521739,0,0,0,0.000849184782608696,0,0,0,0,0,0,0,0,0,0,0,0,0,0,0,0,0.000169836956521739,0,0,0,0
"000031.java",0,0,0,0.0430447855673366,0.000158252888115208,0,0,0,0,0,0,0,0.000316505776230416,0,0,0,0,0.000474758664345624,0,0,0,0,0,0,0,0.955530938439627,0,0,0,0,0,0,0,0,0.000158252888115208,0,0,0,0.000158252888115208,0.000158252888115208,0,0,0,0,0,0,0,0,0,0
"000036.java",0.00060790273556231,0.00060790273556231,0,0.209118541033435,0,0,0,0,0,0,0.785410334346505,0,0,0,0,0,0,0,0.00060790273556231,0,0,0.00060790273556231,0.00121580547112462,0,0,0.00060790273556231,0,0,0,0,0,0,0.00060790273556231,0,0,0,0,0,0,0,0,0,0.00060790273556231,0,0,0,0,0,0,0
"000037.java",0,0,0,0.329323308270677,0,0,0,0,0,0,0.664661654135338,0,0,0,0,0,0,0,0,0.00451127819548872,0,0,0,0,0,0,0,0,0,0.00150375939849624,0,0,0,0,0,0,0,0,0,0,0,0,0,0,0,0,0,0,0,0
"000041.java",0,0,0,0.0664788732394366,0,0,0,0.000563380281690141,0,0,0,0,0.929577464788732,0,0,0,0,0.000563380281690141,0,0,0,0,0.000563380281690141,0,0,0,0,0,0.000563380281690141,0,0,0,0,0.00169014084507042,0,0,0,0,0,0,0,0,0,0,0,0,0,0,0,0
"000044.java",0.120087336244541,0,0,0.475982532751092,0,0,0,0,0,0,0.091703056768559,0,0,0,0,0,0,0,0,0.0480349344978166,0,0,0,0,0,0,0,0,0,0,0,0,0.189956331877729,0,0,0,0,0,0,0,0,0,0.0524017467248908,0,0,0,0.00218340611353712,0,0.0196506550218341,0
"000045.java",0,0,0,0.0574618289279265,0,0,0,0,0,0,0,0,0,0,0,0,0.00180594319487769,0,0,0.00016417665407979,0.00016417665407979,0.604990970284026,0,0.00016417665407979,0.00016417665407979,0,0,0,0,0,0,0,0,0.00016417665407979,0,0,0,0.334592021014612,0,0.00032835330815958,0,0,0,0,0,0,0,0,0,0
"000046.java",0.000226808800181447,0,0,0.0650941256520753,0,0,0,0,0.000453617600362894,0,0,0,0,0,0,0,0,0,0,0.000226808800181447,0,0.0315264232252211,0,0.000226808800181447,0,0,0,0,0,0,0,0.0494443184395555,0,0,0,0,0,0.851440235881152,0,0,0,0.000226808800181447,0,0,0,0,0.00113404400090724,0,0,0
"000060.java",0,0,0,0.0826737027264732,0.906772207563764,0,0,0,0.00263852242744063,0,0,0,0,0,0,0.000879507475813544,0,0.00175901495162709,0,0,0,0,0.000879507475813544,0,0,0,0,0,0,0,0,0,0,0,0,0,0,0,0,0.000879507475813544,0,0,0.00351802990325418,0,0,0,0,0,0,0
"000063.java",0.000523012552301255,0,0,0.321652719665272,0,0,0,0,0,0,0,0,0,0,0.00313807531380753,0,0,0,0,0,0,0,0,0.673117154811716,0,0,0,0,0,0,0,0,0,0,0,0,0,0,0,0,0.000523012552301255,0,0,0,0.00104602510460251,0,0,0,0,0
"000068.java",0,0,0,0.529209621993127,0,0,0,0,0.00171821305841924,0,0,0,0,0,0,0.00171821305841924,0,0,0,0,0,0,0.0326460481099656,0,0.0240549828178694,0,0.00171821305841924,0,0,0,0,0,0,0.0171821305841924,0,0.347079037800687,0.00343642611683849,0,0,0,0,0,0,0,0,0.0378006872852234,0,0.00343642611683849,0,0
"000079.java",0,0,0,0.390243902439024,0.140243902439024,0,0,0,0.0121951219512195,0,0,0,0,0,0,0,0,0,0.225609756097561,0,0,0,0,0,0,0,0,0,0.0182926829268293,0,0,0,0,0,0,0,0,0,0,0,0,0,0.00609756097560976,0,0.00609756097560976,0,0.201219512195122,0,0,0
"000081.java",0,0.180995475113122,0,0.624434389140271,0,0,0,0,0,0,0,0,0.00452488687782805,0,0,0,0.135746606334842,0.00452488687782805,0,0.00452488687782805,0,0,0,0,0,0,0,0,0,0,0,0,0,0,0,0,0,0.00452488687782805,0,0,0,0,0,0,0,0.0316742081447964,0.00904977375565611,0,0,0
"000092.java",0,0,0,0.276754075124026,0,0,0.000354358610914245,0,0,0,0,0,0,0,0,0.00141743444365698,0,0.00106307583274274,0,0.00141743444365698,0,0,0,0,0.000354358610914245,0,0,0,0,0,0,0.000354358610914245,0,0,0.000354358610914245,0,0,0,0,0,0,0,0,0,0,0.717576187101347,0.000354358610914245,0,0,0
"000100.java",0,0,0.000181785129976368,0.318123977458644,0,0,0,0,0,0,0.000181785129976368,0,0,0.000181785129976368,0.000545355389929104,0.000181785129976368,0,0,0,0,0.000545355389929104,0,0,0.000545355389929104,0,0,0,0,0,0,0,0,0.00236320668969278,0.00327213233957462,0.0114524631885112,0.00672604980912561,0.00272677694964552,0,0.000181785129976368,0,0,0,0,0,0,0,0,0,0,0.652790401745137
"000108.java",0,0.0324675324675325,0,0.707792207792208,0,0,0,0,0,0,0,0,0,0,0.038961038961039,0,0,0,0.0714285714285714,0.142857142857143,0,0,0,0,0,0,0,0,0,0,0,0,0,0,0,0,0.00649350649350649,0,0,0,0,0,0,0,0,0,0,0,0,0
"000111.java",0,0.0222222222222222,0,0.244444444444444,0,0,0,0,0,0,0,0,0,0,0,0.311111111111111,0.0222222222222222,0,0,0,0,0,0,0,0,0,0,0,0,0.288888888888889,0,0,0.0888888888888889,0,0,0,0,0,0,0,0,0,0,0.0222222222222222,0,0,0,0,0,0
"000113.java",0,0,0.679956896551724,0.307112068965517,0,0,0,0,0,0,0,0,0.00107758620689655,0,0,0,0,0,0,0.00107758620689655,0,0,0,0.00107758620689655,0,0,0,0,0,0,0,0,0,0,0,0,0,0,0.00107758620689655,0,0,0.00754310344827586,0,0,0,0,0,0.00107758620689655,0,0
"000117.java",0,0,0.00238663484486874,0.54653937947494,0,0,0,0,0,0,0,0,0,0,0,0.00238663484486874,0,0,0,0.431980906921241,0,0,0,0,0,0,0,0,0.00238663484486874,0,0,0.00477326968973747,0,0,0,0,0,0,0,0,0,0,0,0,0.00954653937947494,0,0,0,0,0
"000118.java",0.0153256704980843,0,0,0.35823754789272,0,0,0.0191570881226054,0,0,0,0,0,0,0,0,0,0,0,0,0,0,0,0,0.00191570881226054,0,0,0,0,0,0,0,0,0,0,0,0,0,0,0.0354406130268199,0,0,0,0,0,0,0,0,0,0.56992337164751,0
"000126.java",0,0,0,0.0725961538461539,0,0,0,0,0,0,0,0,0,0,0,0,0,0,0,0.000480769230769231,0,0,0.000480769230769231,0,0,0,0,0,0,0,0,0,0,0,0,0.000480769230769231,0,0,0.000480769230769231,0,0,0,0,0.925480769230769,0,0,0,0,0,0
"000134.java",0,0.000185770016719302,0,0.062232955600966,0,0,0.000278655025078952,0,0,0,0,0,0,0,0,0,0.000650195058517555,0.000185770016719302,0,0,0,0.0166264164963775,0.919097157718744,0,0,0,0,0,0,0,0,0,0,0.000278655025078952,0,0,0,0,0,0,0,0,0,0,0,0,0.000464425041798254,0,0,0
"000136.java",0,0,0,0.32485549132948,0,0,0,0,0,0,0.584971098265896,0,0.0138728323699422,0.00115606936416185,0,0,0,0,0,0,0.00115606936416185,0,0,0,0,0,0,0,0,0,0,0,0,0,0,0,0,0.0219653179190751,0,0,0,0.0508670520231214,0,0,0,0,0,0.00115606936416185,0,0
"000138.java",0,0,0.0160427807486631,0.427807486631016,0,0,0,0.0053475935828877,0,0,0,0,0,0.13903743315508,0,0.0641711229946524,0,0,0,0.0053475935828877,0,0,0,0,0,0,0.0374331550802139,0,0.0053475935828877,0,0,0,0.0053475935828877,0,0,0,0,0,0,0,0,0,0,0,0,0,0.294117647058824,0,0,0
"000139.java",0.0170575692963753,0,0,0.405117270788913,0,0.00426439232409382,0,0,0.00106609808102345,0,0,0,0,0.000533049040511727,0,0,0,0,0.000533049040511727,0,0.480810234541578,0,0,0,0,0,0,0,0,0,0,0,0,0.0783582089552239,0,0,0,0,0,0,0,0,0,0,0,0.00426439232409382,0.00799573560767591,0,0,0
"000140.java",0,0,0,0.501661129568106,0,0,0,0,0.00664451827242525,0,0,0,0,0.176079734219269,0,0,0.00332225913621262,0,0,0,0.119601328903654,0.00332225913621262,0,0,0,0,0,0,0,0,0,0,0,0,0,0,0,0,0,0.0465116279069767,0,0,0,0,0,0,0.122923588039867,0,0,0.0199335548172757
"000141.java",0,0,0,0.341531974701335,0,0,0.00140548137737175,0,0,0,0,0,0,0,0,0,0.0161630358397751,0,0,0,0,0,0,0,0,0,0.000702740688685875,0.0196767392832045,0,0,0,0,0,0.617006324666198,0.00140548137737175,0,0,0,0,0,0,0.00140548137737175,0.000702740688685875,0,0,0,0,0,0,0
"000142.java",0,0,0,0,0,0,0,0.161616161616162,0,0,0,0,0,0,0,0.525252525252525,0,0,0.0101010101010101,0.0101010101010101,0,0,0,0,0,0,0,0,0,0,0,0,0,0,0,0,0.282828282828283,0,0,0,0,0,0,0,0,0.0101010101010101,0,0,0,0
"000143.java",0,0,0,0.152255639097744,0.00093984962406015,0,0,0.00093984962406015,0.149436090225564,0,0,0,0.0093984962406015,0.683270676691729,0,0,0,0,0,0,0.00093984962406015,0,0,0,0.00093984962406015,0,0,0,0,0,0,0,0,0,0,0.00093984962406015,0,0,0,0,0,0,0,0,0,0.00093984962406015,0,0,0,0
"000144.java",0,0,0,0.14828897338403,0,0.00380228136882129,0,0,0.00380228136882129,0,0,0,0,0.239543726235741,0,0.490494296577947,0,0,0.0152091254752852,0.0760456273764259,0,0,0,0,0,0,0,0,0,0,0,0,0,0,0,0,0.00380228136882129,0,0,0,0,0,0.00380228136882129,0,0,0,0.0114068441064639,0,0,0.00380228136882129
"000145.java",0,0,0.0186046511627907,0.567441860465116,0,0,0,0,0,0,0.302325581395349,0,0.00930232558139535,0,0,0,0,0,0,0,0,0.0511627906976744,0.0325581395348837,0,0,0,0,0,0,0,0,0,0,0,0,0,0,0,0,0,0,0,0.00465116279069767,0,0,0,0.013953488372093,0,0,0
"000146.java",0,0,0,0.0296296296296296,0,0,0,0,0,0,0,0,0,0,0,0.962962962962963,0,0.00246913580246914,0,0,0,0.00246913580246914,0,0,0,0,0,0,0,0,0,0,0,0,0,0,0,0,0,0,0,0.00246913580246914,0,0,0,0,0,0,0,0
"000147.java",0,0,0,0.267554479418886,0,0,0,0,0,0,0,0,0,0,0,0.00242130750605327,0,0,0,0,0,0,0.0161420500403551,0.00121065375302663,0,0,0,0,0,0,0,0,0,0.703389830508475,0,0,0,0,0,0,0.00161420500403551,0.00443906376109766,0,0.000403551251008878,0.000807102502017756,0,0.00201775625504439,0,0,0
"000148.java",0,0,0,0.273480662983425,0,0,0,0,0,0,0,0,0,0,0.00552486187845304,0.718232044198895,0,0,0,0,0,0,0,0,0,0,0,0,0,0,0,0,0,0,0,0,0,0,0.00276243093922652,0,0,0,0,0,0,0,0,0,0,0
"000149.java",0,0,0,0.0117647058823529,0,0,0,0,0,0,0,0,0,0,0,0.980392156862745,0,0,0,0,0,0,0,0,0,0.00392156862745098,0,0,0,0,0,0,0,0,0,0,0,0,0,0,0,0,0,0,0,0,0,0,0,0.00392156862745098
"000150.java",0,0,0,0,0.183673469387755,0,0,0,0,0,0,0,0,0,0,0.489795918367347,0,0,0,0,0,0.0204081632653061,0,0,0,0,0,0,0,0.285714285714286,0,0,0,0,0,0,0,0,0,0,0,0,0,0,0,0,0.0204081632653061,0,0,0
"000151.java",0,0.00260078023407022,0,0,0.0247074122236671,0,0,0.00130039011703511,0,0.00130039011703511,0.00130039011703511,0,0,0.00390117035110533,0,0.960988296488947,0,0,0,0,0.00130039011703511,0,0,0,0,0,0,0,0,0,0,0,0,0,0,0.00130039011703511,0,0,0,0,0,0,0,0,0,0,0,0,0,0.00130039011703511
"000152.java",0.00233100233100233,0,0,0.00466200466200466,0,0,0,0,0,0,0,0,0,0,0,0.988344988344988,0,0,0,0,0,0,0,0,0,0,0,0,0.00233100233100233,0,0,0,0,0,0,0,0,0,0,0,0,0,0,0,0,0,0.00233100233100233,0,0,0
"000153.java",0,0,0,0.00977198697068404,0,0,0,0,0,0,0,0,0,0,0,0.931596091205212,0.00977198697068404,0,0,0,0,0,0,0,0,0,0.00325732899022801,0,0,0.0423452768729642,0,0,0,0,0,0,0,0.00325732899022801,0,0,0,0,0,0,0,0,0,0,0,0
"000154.java",0,0,0,0,0,0,0.00247524752475248,0,0,0,0,0,0,0,0,0.985148514851485,0,0,0,0,0,0,0,0,0,0,0,0.00247524752475248,0,0,0,0.00247524752475248,0,0,0,0,0,0,0,0,0,0.00495049504950495,0,0.00247524752475248,0,0,0,0,0,0
"000155.java",0,0,0,0.0850785340314136,0,0,0,0,0,0,0,0,0.00523560209424084,0.905759162303665,0,0,0,0,0,0,0,0,0.00261780104712042,0,0,0,0,0,0,0,0,0,0,0,0,0,0,0,0,0,0,0,0,0,0,0.00130890052356021,0,0,0,0
"000156.java",0.00226537216828479,0,0,0.151779935275081,0,0,0,0,0.000647249190938511,0,0,0,0,0,0.831067961165049,0,0,0.000323624595469256,0,0,0,0,0,0,0,0.000323624595469256,0,0,0.000323624595469256,0,0,0.0122977346278317,0,0,0,0,0,0.000323624595469256,0.000323624595469256,0,0,0,0,0,0,0,0,0.000323624595469256,0,0
"000157.java",0,0,0,0.27209705372617,0,0,0,0,0.0138648180242634,0,0.0138648180242634,0,0,0,0,0,0,0,0,0.00866551126516464,0,0,0,0,0,0,0,0,0.618717504332756,0,0,0.0277296360485269,0,0,0.00346620450606586,0.0398613518197574,0,0,0.00173310225303293,0,0,0,0,0,0,0,0,0,0,0
"000161.java",0,0,0,0.264664804469274,0,0,0,0,0.000698324022346369,0,0,0.000698324022346369,0,0,0.00977653631284916,0,0,0,0,0.00209497206703911,0,0,0,0,0,0,0,0,0,0,0,0,0,0.00768156424581006,0.706703910614525,0,0,0.000698324022346369,0,0,0,0,0,0,0,0,0,0,0,0.00698324022346369
"000162.java",0,0,0,0.160758706467662,0,0,0,0,0,0,0.0015547263681592,0,0,0,0,0,0,0,0,0.000310945273631841,0,0,0,0,0.000310945273631841,0,0,0,0,0,0,0.834577114427861,0,0,0,0,0,0.00248756218905473,0,0,0,0,0,0,0,0,0,0,0,0
"000176.java",0.0760233918128655,0.516959064327485,0,0.381286549707602,0,0,0,0,0,0.00350877192982456,0.00701754385964912,0,0,0,0,0,0.00584795321637427,0,0,0,0.00116959064327485,0,0,0,0.00116959064327485,0,0,0,0,0,0,0,0,0.00116959064327485,0,0.00116959064327485,0,0,0,0,0.00116959064327485,0,0,0,0,0.00116959064327485,0,0,0.00233918128654971,0
"000179.java",0,0,0,0.258160237388724,0,0,0.729376854599406,0.00118694362017804,0.00118694362017804,0,0.00178041543026706,0,0,0,0,0,0,0,0,0,0,0,0,0,0,0,0,0.00712166172106825,0,0,0,0,0,0,0,0,0,0,0,0,0,0,0,0,0,0,0,0,0,0.00118694362017804
"000180.java",0.000745712155108128,0,0,0.125279642058166,0,0,0,0,0.000745712155108128,0,0,0,0,0,0,0,0,0,0,0.000745712155108128,0,0,0.00149142431021626,0,0,0.000745712155108128,0,0,0,0,0,0,0,0,0,0,0,0,0,0,0,0,0,0,0,0.000745712155108128,0.869500372856078,0,0,0
"000182.java",0,0,0.00198807157057654,0.685884691848907,0,0,0,0,0,0,0,0.00198807157057654,0,0,0,0,0,0,0,0,0,0,0.0119284294234592,0,0,0,0.00198807157057654,0,0,0.220675944333996,0,0.00198807157057654,0,0,0.0556660039761431,0,0,0,0,0.0119284294234592,0,0,0,0,0,0.00397614314115308,0,0,0,0.00198807157057654
"000183.java",0,0,0,0.405537459283388,0,0,0,0,0,0,0,0,0.0732899022801303,0,0.00325732899022801,0,0,0.00162866449511401,0,0,0,0,0,0,0,0,0,0,0,0,0,0,0,0,0.425081433224756,0,0.00325732899022801,0,0,0.0863192182410423,0,0,0,0,0,0.00162866449511401,0,0,0,0
"000184.java",0,0,0,0.284928027095682,0,0,0,0,0,0,0,0,0.000423370025402202,0,0,0,0.00423370025402202,0.0554614733276884,0,0,0,0,0.00889077053344623,0,0,0,0,0.00254022015241321,0.000846740050804403,0,0,0.00211685012701101,0,0,0.000423370025402202,0.012701100762066,0,0.000423370025402202,0.00254022015241321,0.624470787468247,0,0,0,0,0,0,0,0,0,0
"000185.java",0,0,0,0.300911854103343,0,0,0.537993920972644,0,0,0.00151975683890578,0,0.00151975683890578,0.00151975683890578,0,0.0106382978723404,0,0,0,0,0,0,0,0,0,0,0,0,0,0,0,0,0,0,0,0.0243161094224924,0,0,0,0,0.121580547112462,0,0,0,0,0,0,0,0,0,0
"000190.java",0,0,0,0.508591065292096,0,0.403780068728522,0.00171821305841924,0,0,0,0.00171821305841924,0,0,0,0.0206185567010309,0,0.00687285223367698,0,0,0,0,0,0.00171821305841924,0,0,0.0103092783505155,0,0,0.0120274914089347,0.00171821305841924,0,0,0,0,0,0,0,0,0.0309278350515464,0,0,0,0,0,0,0,0,0,0,0
"000192.java",0.000642260757867694,0,0,0.10597302504817,0,0,0,0,0,0.000642260757867694,0,0.000107043459644616,0,0.000107043459644616,0,0,0.887711410832798,0,0,0,0,0,0,0.000107043459644616,0,0,0.000107043459644616,0.00128452151573539,0.000963391136801541,0,0,0.000107043459644616,0.000535217298223079,0,0.00117747805609077,0,0,0,0,0.000107043459644616,0,0,0,0.000107043459644616,0,0,0.000214086919289231,0,0,0.000107043459644616
"000193.java",0,0,0,0.0663111111111111,0,0,0,0,0,0,0,0,0,0,0,0,0,0,0,0,0,0,0,0,0,0,0,0.932622222222222,0,0,0,0,0,0,0,0,0,0.00106666666666667,0,0,0,0,0,0,0,0,0,0,0,0
"000194.java",0,0,0.0038659793814433,0.582474226804124,0.00128865979381443,0,0.00128865979381443,0,0,0,0,0,0,0,0,0,0.00128865979381443,0,0,0.00128865979381443,0,0.00644329896907216,0.00128865979381443,0,0,0,0,0,0,0,0,0.0309278350515464,0,0,0.00128865979381443,0.354381443298969,0,0,0,0.00257731958762887,0,0,0,0,0,0,0,0,0.0115979381443299,0
"000196.java",0.124542124542125,0,0,0.666666666666667,0,0,0,0,0,0,0,0,0,0.00732600732600733,0,0.00366300366300366,0,0,0,0,0,0,0.00366300366300366,0,0,0,0,0.032967032967033,0,0,0,0.0769230769230769,0,0,0,0,0,0,0,0,0,0.0842490842490843,0,0,0,0,0,0,0,0
"000197.java",0.0184331797235023,0,0,0.447004608294931,0,0,0.00460829493087558,0,0,0,0,0,0,0,0,0,0.00460829493087558,0.147465437788018,0,0,0,0,0.202764976958525,0,0,0.00460829493087558,0,0,0,0,0,0,0,0,0,0,0,0,0,0.138248847926267,0,0,0.0276497695852535,0.00460829493087558,0,0,0,0,0,0
"000199.java",0,0,0,0.306437389770723,0,0,0,0,0,0,0,0,0,0,0.000440917107583774,0,0,0,0,0,0,0,0,0,0,0,0.000440917107583774,0,0.000440917107583774,0,0,0,0,0,0,0.000440917107583774,0,0,0,0,0,0.691798941798942,0,0,0,0,0,0,0,0
"000201.java",0.913810829335161,0,0,0.0844756682659356,0,0,0,0,0,0,0,0,0,0,0,0,0,0,0,0,0,0,0,0,0,0,0.000171350239890336,0,0,0,0,0,0,0,0.000171350239890336,0,0,0,0,0,0.00102810143934202,0.000342700479780672,0,0,0,0,0,0,0,0
"000202.java",0,0,0,0.275862068965517,0,0,0,0,0,0,0,0,0,0,0,0.00191570881226054,0,0,0,0,0,0,0,0,0,0,0,0,0.722222222222222,0,0,0,0,0,0,0,0,0,0,0,0,0,0,0,0,0,0,0,0,0
"000204.java",0,0,0,0.568733153638814,0,0.00269541778975741,0,0.0700808625336927,0,0,0.00269541778975741,0,0,0,0.0107816711590297,0,0.00539083557951483,0,0,0,0,0,0,0,0,0,0,0,0,0,0.00269541778975741,0.00269541778975741,0,0.00808625336927224,0,0,0,0.091644204851752,0,0,0,0.226415094339623,0,0,0.00808625336927224,0,0,0,0,0
"000205.java",0,0,0,0.553113553113553,0,0.415750915750916,0,0,0,0,0,0,0,0,0.00183150183150183,0,0,0.0146520146520147,0,0.00183150183150183,0,0,0,0,0,0,0,0,0.00549450549450549,0,0,0,0,0,0,0,0,0,0,0,0,0.00549450549450549,0,0,0.00183150183150183,0,0,0,0,0
"000212.java",0,0.000415282392026578,0,0.270764119601329,0,0,0,0,0.112541528239203,0,0,0,0,0.000415282392026578,0,0,0,0,0,0,0,0,0,0,0,0,0,0.000415282392026578,0,0,0,0.00415282392026578,0,0,0,0.572674418604651,0,0,0,0,0,0.00332225913621262,0.00249169435215947,0,0.0120431893687708,0,0,0.0207641196013289,0,0
"000215.java",0,0,0,0.474926253687316,0,0,0,0,0,0.00294985250737463,0,0,0,0,0,0,0.100294985250737,0.00589970501474926,0,0,0,0.153392330383481,0.141592920353982,0,0,0,0,0,0.109144542772861,0,0,0,0,0,0,0,0,0,0,0,0,0,0,0,0,0,0.0117994100294985,0,0,0
"000216.java",0,0,0,0.57088122605364,0,0.145593869731801,0,0,0,0,0.00766283524904215,0,0,0,0.218390804597701,0,0,0,0,0,0,0,0.00766283524904215,0,0,0,0,0,0,0,0,0,0,0.00766283524904215,0,0.0191570881226054,0,0,0,0.0229885057471264,0,0,0,0,0,0,0,0,0,0
"000218.java",0,0,0,0.440366972477064,0.13302752293578,0.0504587155963303,0,0,0,0,0,0,0,0,0,0.188073394495413,0,0,0.00917431192660551,0,0,0,0,0,0,0,0.0871559633027523,0,0,0,0,0.0688073394495413,0.0229357798165138,0,0,0,0,0,0,0,0,0,0,0,0,0,0,0,0,0
"000241.java",0,0,0,0.343302990897269,0,0.421326397919376,0,0,0,0,0,0,0,0,0,0,0.209362808842653,0,0.0156046814044213,0,0,0,0,0,0,0,0,0.00390117035110533,0,0,0,0,0,0.00260078023407022,0,0,0,0,0,0,0.00130039011703511,0,0.00260078023407022,0,0,0,0,0,0,0
"000244.java",0.00568181818181818,0,0,0.142045454545455,0,0,0,0,0.0113636363636364,0,0,0,0,0.0113636363636364,0,0.0454545454545455,0.00568181818181818,0,0.107954545454545,0,0,0,0,0,0,0,0.545454545454545,0,0,0,0,0,0,0,0,0,0,0,0,0.00568181818181818,0,0,0,0,0,0,0.119318181818182,0,0,0
"000247.java",0,0.00103842159916926,0.00103842159916926,0.212876427829699,0,0,0,0.00207684319833853,0,0,0,0,0,0,0,0,0,0,0.00415368639667705,0,0,0.00103842159916926,0,0,0,0,0,0,0,0,0,0.00103842159916926,0.00103842159916926,0,0,0,0,0,0,0,0,0,0.771547248182762,0,0.00207684319833853,0,0.00207684319833853,0,0,0
"000248.java",0,0,0,0.188311688311688,0.00865800865800866,0.00216450216450216,0,0,0,0,0,0,0,0,0.00216450216450216,0,0.00216450216450216,0,0.67965367965368,0,0,0.00432900432900433,0,0,0,0,0,0,0,0,0,0,0.00216450216450216,0,0,0,0.108225108225108,0,0,0.00216450216450216,0,0,0,0,0,0,0,0,0,0
"000254.java",0.000205465379083624,0,0,0.25621532771728,0,0.00143825765358537,0,0.000205465379083624,0,0.000410930758167249,0,0,0,0.000821861516334498,0,0,0,0,0,0.000205465379083624,0,0,0,0,0,0,0,0.000205465379083624,0,0,0,0,0,0,0,0,0,0,0.740291760838299,0,0,0,0,0,0,0,0,0,0,0
"000257.java",0,0,0,0.626477541371158,0,0,0,0,0,0,0,0,0,0.00236406619385343,0,0,0,0.00236406619385343,0,0,0.00236406619385343,0,0,0,0,0,0,0.00236406619385343,0,0,0,0.00472813238770686,0.352245862884161,0,0,0,0,0,0,0,0,0,0.00709219858156028,0,0,0,0,0,0,0
"000295.java",0,0,0,0.0382608695652174,0,0,0.0834782608695652,0,0,0,0.00173913043478261,0,0,0,0.0191304347826087,0.00347826086956522,0.0382608695652174,0,0.812173913043478,0,0,0.00347826086956522,0,0,0,0,0,0,0,0,0,0,0,0,0,0,0,0,0,0,0,0,0,0,0,0,0,0,0,0
"000296.java",0,0.00775193798449612,0,0.124031007751938,0,0,0,0,0,0,0,0,0,0,0,0,0,0,0.837209302325581,0,0,0,0,0,0.00775193798449612,0,0.00775193798449612,0,0,0,0,0,0,0,0,0,0,0,0,0,0,0,0,0.0155038759689922,0,0,0,0,0,0
"000297.java",0,0,0,0.0731707317073171,0.00813008130081301,0,0,0,0,0,0,0,0,0,0,0,0,0,0.894308943089431,0,0,0,0,0,0.00813008130081301,0,0,0.016260162601626,0,0,0,0,0,0,0,0,0,0,0,0,0,0,0,0,0,0,0,0,0,0
"000298.java",0.0245098039215686,0,0,0.208333333333333,0,0,0,0,0,0.00245098039215686,0,0,0,0,0,0,0,0,0.757352941176471,0,0,0,0,0,0,0,0,0,0,0,0,0,0,0,0,0.00245098039215686,0,0,0,0.00490196078431373,0,0,0,0,0,0,0,0,0,0
"000299.java",0,0,0,0,0,0,0,0,0,0,0,0,0,0,0,0,0,0.0045662100456621,0.931506849315068,0,0,0,0,0,0,0,0,0,0.0136986301369863,0,0,0,0,0,0,0,0,0,0,0,0,0,0.0410958904109589,0,0,0,0,0.0091324200913242,0,0
"000300.java",0,0.0143884892086331,0,0.23021582733813,0,0,0,0.00719424460431655,0,0,0,0,0,0,0,0,0,0.00719424460431655,0.733812949640288,0,0,0,0,0,0,0,0,0,0,0.00719424460431655,0,0,0,0,0,0,0,0,0,0,0,0,0,0,0,0,0,0,0,0
"000301.java",0,0,0,0.12514220705347,0,0,0,0,0.866894197952218,0,0,0,0,0,0,0.00341296928327645,0,0,0,0,0,0,0,0,0,0,0,0,0,0,0,0,0,0,0,0,0,0.00113765642775882,0,0,0,0,0,0,0,0,0,0.00341296928327645,0,0
"000306.java",0,0,0,0.158580958156458,0,0,0,0,0,0,0,0,0,0,0,0,0,0,0.000303214069132808,0,0,0,0,0,0,0,0,0,0,0,0,0.000606428138265616,0,0,0,0,0.000606428138265616,0,0,0,0,0,0.000606428138265616,0,0.00181928441479685,0,0,0.837174044875682,0,0.000303214069132808
"000311.java",0,0,0,0.163211582757486,0.000987166831194472,0,0.00296150049358342,0.000329055610398157,0,0,0,0.00164527805199079,0.00625205659756499,0,0,0,0.000329055610398157,0,0,0,0,0,0,0,0,0,0,0,0,0,0,0,0,0.000987166831194472,0,0,0.803882856202698,0,0,0,0.000329055610398157,0.00131622244159263,0,0,0,0,0.0174399473511023,0.000329055610398157,0,0
"000332.java",0.000732064421669107,0,0,0.433382137628111,0,0,0.000732064421669107,0.558565153733529,0.000732064421669107,0,0,0.000732064421669107,0,0,0,0,0,0,0,0,0,0,0,0,0,0,0,0,0,0,0,0,0,0,0,0,0,0.000732064421669107,0,0,0,0,0,0,0,0.00439238653001464,0,0,0,0
"000333.java",0,0,0,0.594017094017094,0,0,0.00427350427350427,0.00427350427350427,0.00854700854700855,0,0,0,0,0.00427350427350427,0,0,0,0,0,0,0,0,0,0,0,0,0,0,0.0726495726495727,0.00427350427350427,0,0,0.00854700854700855,0,0.047008547008547,0,0,0,0,0.252136752136752,0,0,0,0,0,0,0,0,0,0
"000336.java",0,0,0,0.495294117647059,0,0,0,0,0,0,0,0,0,0,0.0352941176470588,0,0.00117647058823529,0,0,0,0,0,0,0,0,0,0,0,0,0,0,0,0,0,0.00117647058823529,0.427058823529412,0,0,0.00588235294117647,0,0,0,0,0,0.00235294117647059,0,0,0,0.00117647058823529,0.0305882352941176
"000339.java",0,0,0,0.486486486486487,0,0,0,0,0,0,0,0,0,0,0,0,0,0,0,0.442567567567568,0.00168918918918919,0.00168918918918919,0.00168918918918919,0,0,0,0,0,0,0,0,0,0,0,0,0,0,0.00168918918918919,0,0.00168918918918919,0,0,0,0,0,0,0,0,0,0.0625
"000347.java",0,0,0,0.721238938053097,0,0,0,0,0,0,0,0,0,0,0.00442477876106195,0.00442477876106195,0,0,0,0,0,0.00442477876106195,0,0,0,0,0,0,0.00442477876106195,0.00442477876106195,0,0,0,0.234513274336283,0.00442477876106195,0,0,0.0176991150442478,0,0,0,0,0,0,0,0,0,0,0,0
"000357.java",0,0,0,0.299725022914757,0.00274977085242896,0,0.0293308890925756,0,0,0.439046746104491,0,0,0,0,0,0,0.0192483959670028,0.0073327222731439,0,0,0,0,0,0,0,0,0,0,0,0,0,0,0,0,0,0,0,0,0.0311640696608616,0.140238313473877,0.00274977085242896,0.00183318056828598,0,0,0,0,0.0265811182401467,0,0,0
"000361.java",0.0348258706467662,0,0,0.514925373134328,0,0,0,0,0,0,0,0,0,0.0870646766169154,0,0,0.174129353233831,0,0,0,0,0,0,0,0.00746268656716418,0.00497512437810945,0,0.0447761194029851,0,0,0.00746268656716418,0.0671641791044776,0,0.0572139303482587,0,0,0,0,0,0,0,0,0,0,0,0,0,0,0,0
"000367.java",0,0,0,0.116742596810934,0,0,0.314350797266515,0,0,0,0,0,0,0,0,0,0.567767653758542,0,0,0,0,0,0,0,0,0,0,0,0,0,0,0,0,0,0,0,0,0,0,0,0,0.00113895216400911,0,0,0,0,0,0,0,0
"000368.java",0,0,0,0.223664921465969,0,0,0,0,0.189528795811518,0,0,0,0.000209424083769634,0,0,0,0,0,0,0,0,0.00230366492146597,0,0,0,0,0.000209424083769634,0,0,0,0,0,0,0,0.00146596858638743,0.0270157068062827,0,0,0,0,0,0,0.000418848167539267,0,0.555183246073298,0,0,0,0,0
"000376.java",0,0,0,0.131578947368421,0,0,0,0,0,0,0,0,0,0,0,0.736842105263158,0,0,0,0,0,0,0,0,0,0,0.0263157894736842,0,0,0,0,0,0.105263157894737,0,0,0,0,0,0,0,0,0,0,0,0,0,0,0,0,0
"000469.java",0,0,0,0.207119741100324,0,0,0,0,0,0,0,0,0,0.00647249190938511,0,0,0,0,0,0.0517799352750809,0,0,0,0,0,0,0.197411003236246,0,0,0,0,0,0,0,0,0,0,0,0,0,0,0,0,0,0,0.00323624595469256,0.533980582524272,0,0,0
"000477.java",0,0,0,0,0,0,0,0,0,0,0,0,0,0,0,0.166666666666667,0,0,0.166666666666667,0,0,0,0,0.0277777777777778,0,0,0,0,0.0277777777777778,0.555555555555556,0,0,0,0,0,0,0,0,0,0,0,0,0,0,0,0,0.0555555555555556,0,0,0
"000478.java",0,0,0,0.293216630196937,0,0,0,0,0,0,0.037199124726477,0,0.0437636761487965,0,0,0.0481400437636762,0,0,0.0153172866520788,0,0,0.00218818380743982,0,0,0,0,0,0,0,0.336980306345733,0,0,0,0,0,0,0,0,0,0,0,0,0.00437636761487965,0,0,0,0.207877461706783,0,0.0109409190371991,0
