"V1","V2","V3","V4","V5","V6","V7","V8","V9","V10","V11","V12","V13","V14","V15","V16","V17","V18","V19","V20","V21","V22","V23","V24","V25","V26","V27","V28","V29","V30","V31","V32","V33","V34","V35","V36","V37","V38","V39","V40","V41","V42","V43","V44","V45","V46","V47","V48","V49","V50"
"000001.java",0,0.0154525386313466,0.0353200883002208,0,0,0,0,0.0419426048565121,0,0,0.0022075055187638,0.0022075055187638,0.0022075055187638,0,0,0,0,0.211920529801325,0,0,0,0,0,0.0022075055187638,0,0,0.0596026490066225,0,0,0,0,0,0,0,0,0,0,0.611479028697572,0,0,0,0.0154525386313466,0,0,0,0,0,0,0,0
"000002.java",0,0,0.783191230207065,0,0.00365408038976857,0,0,0.00243605359317905,0,0,0,0,0,0,0,0,0,0.188794153471376,0,0,0,0,0,0.00121802679658952,0,0,0,0,0.0048721071863581,0,0,0,0,0.0048721071863581,0,0,0,0,0,0,0.0109622411693057,0,0,0,0,0,0,0,0,0
"000003.java",0,0,0.0467667436489607,0,0,0,0,0,0,0,0,0,0,0,0,0,0,0.0577367205542725,0,0,0,0,0,0,0,0,0,0.0069284064665127,0,0,0,0,0,0,0,0,0,0.851039260969977,0,0.0311778290993072,0,0,0,0,0.00404157043879908,0,0,0,0.0023094688221709,0
"000004.java",0,0,0,0,0,0,0,0,0,0,0,0,0,0,0,0,0,0.5,0,0,0.0033112582781457,0,0,0,0,0.254966887417219,0,0,0,0,0,0,0.0033112582781457,0,0,0.0033112582781457,0,0.0033112582781457,0,0.182119205298013,0,0.0397350993377483,0,0,0,0,0,0.00993377483443709,0,0
"000005.java",0,0,0,0,0,0,0.39647577092511,0,0,0,0,0,0,0,0,0,0,0.392070484581498,0,0,0,0.00440528634361234,0.00440528634361234,0,0,0,0,0,0.0220264317180617,0.00881057268722467,0,0,0.0484581497797357,0,0,0,0,0,0,0,0.00881057268722467,0,0.00881057268722467,0,0,0.092511013215859,0,0,0.013215859030837,0
"000006.java",0.00809716599190283,0.0202429149797571,0,0,0,0,0,0,0,0,0,0,0,0,0,0,0,0.582995951417004,0,0,0,0,0,0.0566801619433198,0,0.00404858299595142,0,0,0.271255060728745,0,0,0,0,0,0,0,0,0,0,0.00809716599190283,0,0,0.0445344129554656,0.00404858299595142,0,0,0,0,0,0
"000019.java",0,0,0.00495049504950495,0,0,0,0,0,0,0.0148514851485149,0.0198019801980198,0,0,0,0,0,0,0.772277227722772,0,0,0,0,0.173267326732673,0,0,0,0,0,0.00495049504950495,0,0,0,0.00495049504950495,0,0,0,0,0,0,0,0,0.00495049504950495,0,0,0,0,0,0,0,0
"000020.java",0,0,0,0,0,0,0.0166666666666667,0,0.0233333333333333,0,0,0,0,0,0.0333333333333333,0,0,0.646666666666667,0,0,0,0,0.256666666666667,0,0,0.00666666666666667,0,0,0,0,0,0,0,0,0,0,0.00333333333333333,0,0,0,0,0,0,0,0,0,0.01,0.00333333333333333,0,0
"000021.java",0,0,0,0,0,0,0,0.0108108108108108,0,0,0,0,0,0,0,0,0,0.713513513513514,0,0,0,0,0.12972972972973,0,0,0,0,0,0,0,0,0,0.124324324324324,0,0,0,0,0.00540540540540541,0.00540540540540541,0,0,0,0,0,0,0.0108108108108108,0,0,0,0
"000024.java",0.000601684717208183,0,0,0,0,0,0,0,0,0,0,0,0,0,0.00180505415162455,0,0,0.20517448856799,0,0,0,0,0,0,0.00120336943441637,0,0,0,0,0.00240673886883273,0,0.785800240673887,0,0,0,0,0,0,0,0.00120336943441637,0,0,0,0,0,0.00120336943441637,0.000601684717208183,0,0,0
"000026.java",0.00226757369614512,0,0,0,0,0,0,0,0,0,0.00340136054421769,0,0,0,0.00113378684807256,0,0,0.531746031746032,0,0,0.428571428571429,0,0,0,0,0,0,0,0,0,0,0,0,0,0,0.0215419501133787,0,0,0,0.0113378684807256,0,0,0,0,0,0,0,0,0,0
"000027.java",0,0,0,0,0,0,0,0,0,0,0,0,0,0,0,0.953634510869565,0,0.0450067934782609,0,0,0,0,0,0,0,0.000169836956521739,0,0,0,0,0,0,0,0,0,0,0,0,0,0,0,0.000339673913043478,0,0,0,0,0.000849184782608696,0,0,0
"000031.java",0,0,0,0,0,0,0,0,0.000316505776230416,0,0,0,0.000158252888115208,0,0,0,0,0.023579680329166,0,0,0,0,0,0,0,0,0,0,0,0,0,0,0,0,0,0,0,0,0,0,0,0,0.000316505776230416,0,0,0,0,0.975154296565912,0.000474758664345624,0
"000036.java",0,0,0,0,0,0,0,0,0,0,0,0,0,0,0,0,0,0.248632218844985,0,0,0,0,0.00121580547112462,0,0,0,0,0,0,0.00060790273556231,0,0,0.634042553191489,0,0,0,0,0,0.00060790273556231,0.106990881458967,0,0.00060790273556231,0.00729483282674772,0,0,0,0,0,0,0
"000037.java",0,0,0,0,0.00300751879699248,0,0,0,0,0,0,0,0,0,0,0,0,0.401503759398496,0,0,0,0,0,0,0.00150375939849624,0,0,0,0,0,0,0,0.565413533834586,0,0,0,0,0,0,0.0255639097744361,0,0,0,0,0,0,0,0,0.00300751879699248,0
"000041.java",0,0.000563380281690141,0,0,0,0,0,0,0,0,0,0,0,0,0,0,0,0.0636619718309859,0,0,0,0,0,0,0,0,0.000563380281690141,0,0,0,0,0,0,0,0,0,0,0,0,0.482816901408451,0.450704225352113,0,0.000563380281690141,0,0,0,0.00112676056338028,0,0,0
"000044.java",0,0,0,0,0,0,0.196506550218341,0,0,0,0.15938864628821,0,0,0,0,0,0,0.37117903930131,0,0,0.0458515283842795,0,0,0,0.0545851528384279,0,0,0,0,0,0,0,0.168122270742358,0,0,0,0,0,0,0,0,0.00218340611353712,0,0,0,0.00218340611353712,0,0,0,0
"000045.java",0,0,0,0,0,0,0,0,0.00032835330815958,0.933836808405845,0.0016417665407979,0,0,0,0,0.00016417665407979,0,0.0285667378098834,0,0,0,0,0.00016417665407979,0,0,0,0,0,0,0,0,0,0,0,0,0,0.0016417665407979,0.00032835330815958,0,0.0293876210802824,0,0,0.00114923657855853,0,0,0,0,0,0.00279100311935643,0
"000046.java",0,0.00136085280108868,0,0,0,0,0,0,0.00272170560217736,0.818779768655024,0,0,0,0,0,0,0,0.066454978453164,0,0,0,0,0.000680426400544341,0.00272170560217736,0,0,0,0,0,0,0,0,0,0,0.107280562485824,0,0,0,0,0,0,0,0,0,0,0,0,0,0,0
"000060.java",0,0,0,0,0.000879507475813544,0.87598944591029,0,0,0,0,0,0,0,0,0,0,0,0.116974494283201,0,0,0,0,0,0,0.00351802990325418,0,0.000879507475813544,0,0,0,0,0.00175901495162709,0,0,0,0,0,0,0,0,0,0,0,0,0,0,0,0,0,0
"000063.java",0,0,0.000523012552301255,0.685146443514644,0,0,0,0,0,0,0,0,0,0,0,0,0,0.186715481171548,0,0,0,0,0,0,0,0,0,0,0,0,0,0,0,0.00418410041841004,0,0,0,0.000523012552301255,0,0.12081589958159,0,0,0,0,0.000523012552301255,0,0,0,0.00156903765690377,0
"000068.java",0,0,0,0,0,0,0.00171821305841924,0,0.0463917525773196,0.00171821305841924,0,0,0,0,0,0.00171821305841924,0,0.506872852233677,0,0,0.00171821305841924,0,0.013745704467354,0,0,0,0.0532646048109966,0,0,0,0,0,0,0,0,0,0,0.00859106529209622,0.350515463917526,0.0103092783505155,0,0.00171821305841924,0.00171821305841924,0,0,0,0,0,0,0
"000079.java",0,0,0,0,0.00609756097560976,0,0,0,0,0,0,0,0,0.0426829268292683,0,0,0,0.573170731707317,0.00609756097560976,0,0,0,0,0,0.353658536585366,0,0,0,0,0,0,0,0.00609756097560976,0,0,0,0.00609756097560976,0,0,0,0,0,0,0,0,0,0,0,0.00609756097560976,0
"000081.java",0,0,0,0,0,0,0,0,0,0,0,0,0,0,0,0.00452488687782805,0,0.583710407239819,0,0,0,0,0,0.0361990950226244,0,0,0,0,0.14027149321267,0,0,0,0,0.0135746606334842,0,0,0.117647058823529,0,0,0.0678733031674208,0,0,0.0271493212669683,0,0.00904977375565611,0,0,0,0,0
"000092.java",0,0,0,0,0,0,0.000354358610914245,0,0.00070871722182849,0.00106307583274274,0,0,0,0,0,0,0,0.236711552090716,0,0,0,0.000354358610914245,0,0,0,0,0.759744861800142,0,0.000354358610914245,0,0,0,0,0,0,0,0.000354358610914245,0,0,0,0,0.000354358610914245,0,0,0,0,0,0,0,0
"000100.java",0.000727140519905472,0,0.00109071077985821,0,0,0.000363570259952736,0,0,0,0,0,0,0,0.000181785129976368,0,0,0,0.316124341028904,0,0,0,0.00309034720959825,0,0,0,0,0.000181785129976368,0,0,0,0,0.000727140519905472,0.00272677694964552,0.000181785129976368,0,0.665697145973459,0,0,0.00581712415924377,0,0,0,0.00290856207962189,0,0,0,0,0,0,0.000181785129976368
"000108.java",0,0,0,0,0,0,0,0,0,0.00649350649350649,0,0,0,0,0,0,0,0.675324675324675,0,0,0.12987012987013,0,0,0,0.0779220779220779,0.012987012987013,0,0.00649350649350649,0,0,0.00649350649350649,0,0.0779220779220779,0,0,0,0,0,0,0,0,0,0,0,0,0,0,0.00649350649350649,0,0
"000111.java",0,0,0,0,0,0.0666666666666667,0,0,0,0.0222222222222222,0,0,0,0,0,0,0.0222222222222222,0,0.0666666666666667,0,0,0,0,0,0,0,0,0,0,0,0.2,0,0,0,0,0,0,0,0,0,0,0.0222222222222222,0,0,0,0,0,0,0.6,0
"000113.java",0,0.0431034482758621,0,0,0.00107758620689655,0.442887931034483,0,0,0,0,0.175646551724138,0,0,0,0,0.0021551724137931,0.0021551724137931,0.179956896551724,0,0,0,0.00107758620689655,0,0,0,0,0,0,0,0,0,0,0.0161637931034483,0,0,0,0,0,0.0549568965517241,0,0,0,0.0700431034482759,0,0,0,0,0.0107758620689655,0,0
"000117.java",0,0,0,0,0,0,0,0,0,0,0,0,0.00477326968973747,0,0,0,0,0.513126491646778,0,0,0.465393794749403,0,0.00715990453460621,0.00477326968973747,0.00238663484486874,0,0,0,0,0,0,0,0,0,0,0,0,0,0.00238663484486874,0,0,0,0,0,0,0,0,0,0,0
"000118.java",0,0,0,0.039272030651341,0,0,0,0,0,0,0.0191570881226054,0,0,0.0306513409961686,0,0,0,0.291187739463602,0.000957854406130268,0,0,0,0.00574712643678161,0,0,0,0,0.000957854406130268,0.0421455938697318,0,0,0.000957854406130268,0.0507662835249042,0.21360153256705,0,0,0,0,0.000957854406130268,0.0507662835249042,0,0.246168582375479,0.00574712643678161,0,0,0,0,0,0,0.000957854406130268
"000126.java",0,0,0,0,0,0,0,0.000961538461538462,0,0,0.000961538461538462,0,0,0,0,0,0,0.0475961538461538,0,0,0,0,0,0,0,0,0,0.000961538461538462,0,0,0,0,0,0,0,0,0,0,0.000480769230769231,0.000961538461538462,0,0,0,0,0.948076923076923,0,0,0,0,0
"000134.java",0.000185770016719302,0,0,0,0,0,0,0,0.668028980122608,0.0115177410365967,0.000835965075236857,0,0,0,0,0.000835965075236857,0,0.0306520527586847,0,0,0,0,0,0,0,0,9.28850083596508e-05,0,0,0,0,0,0.000185770016719302,0,0,0,0,0,9.28850083596508e-05,0.287571985881479,0,0,0,0,0,0,0,0,0,0
"000136.java",0,0.0497109826589595,0,0,0,0,0,0,0,0,0,0,0.0023121387283237,0,0,0,0,0.250867052023121,0,0,0,0,0,0,0,0,0,0,0,0,0,0,0.423121387283237,0,0,0,0,0,0,0.270520231213873,0.0023121387283237,0,0,0.00115606936416185,0,0,0,0,0,0
"000138.java",0,0,0,0,0,0,0,0,0,0,0,0,0,0,0,0,0,0.470588235294118,0,0,0,0,0,0.0909090909090909,0,0,0,0,0,0,0,0,0,0,0,0,0,0,0,0.0160427807486631,0,0,0,0,0,0.358288770053476,0.0053475935828877,0,0.0588235294117647,0
"000139.java",0,0.000533049040511727,0,0,0,0,0,0,0,0,0.0453091684434968,0,0,0,0.541577825159915,0,0,0.37046908315565,0,0,0,0.00106609808102345,0,0,0,0,0,0.000533049040511727,0,0,0,0,0,0.00213219616204691,0,0,0.00213219616204691,0,0,0.0346481876332623,0,0,0,0,0,0.000533049040511727,0.00106609808102345,0,0,0
"000140.java",0,0,0,0,0.0697674418604651,0,0,0,0,0,0,0,0,0,0.0299003322259136,0,0,0.471760797342193,0,0,0,0,0,0,0,0,0,0,0,0,0,0,0,0,0,0.0398671096345515,0.00332225913621262,0,0,0,0.00664451827242525,0,0,0,0,0.239202657807309,0,0,0.00332225913621262,0.136212624584718
"000141.java",0,0,0,0,0,0,0,0,0,0,0,0,0,0.00140548137737175,0,0.00491918482080112,0,0.312719606465214,0,0,0,0.65073787772312,0,0,0.00140548137737175,0,0.00702740688685875,0,0,0,0,0,0,0,0,0,0.00913562895291637,0,0,0,0,0,0,0,0,0,0.0119465917076599,0,0,0.000702740688685875
"000142.java",0.313131313131313,0,0,0,0,0,0,0,0,0,0,0,0,0,0,0,0,0.0404040404040404,0,0,0,0,0,0,0,0,0,0.121212121212121,0,0,0,0,0,0,0,0,0,0,0,0,0,0,0,0,0,0,0,0,0.525252525252525,0
"000143.java",0,0.0018796992481203,0,0,0.00093984962406015,0,0,0,0,0,0,0,0,0,0,0,0,0.221804511278195,0.00093984962406015,0,0,0,0,0.679511278195489,0,0,0,0,0,0,0,0,0,0,0,0,0,0.00281954887218045,0,0,0,0,0,0,0,0.0695488721804511,0,0,0.0216165413533835,0.00093984962406015
"000144.java",0,0,0,0.0228136882129278,0,0.0152091254752852,0,0,0,0,0,0,0.0190114068441065,0,0,0,0,0.155893536121673,0,0,0.102661596958175,0,0,0.106463878326996,0,0,0,0,0,0,0,0,0,0,0,0,0,0,0,0,0,0,0,0,0,0.0950570342205323,0.00380228136882129,0,0.479087452471483,0
"000145.java",0,0,0,0,0,0,0,0,0.00930232558139535,0,0,0,0,0.00465116279069767,0,0,0,0.502325581395349,0,0,0,0.0186046511627907,0,0,0,0,0,0,0,0,0.013953488372093,0,0.283720930232558,0,0,0,0,0,0.00465116279069767,0.134883720930233,0,0,0,0,0,0.0186046511627907,0,0.00930232558139535,0,0
"000146.java",0,0,0,0,0.00246913580246914,0,0,0,0.00246913580246914,0,0,0,0,0,0,0,0,0,0,0,0,0,0,0,0,0,0,0.00493827160493827,0,0,0,0,0,0,0,0,0,0,0,0,0,0,0,0,0,0,0,0,0.990123456790123,0
"000147.java",0.00201775625504439,0,0,0.00121065375302663,0,0,0,0,0.013317191283293,0.000403551251008878,0,0,0,0,0,0,0,0.186844229217111,0,0,0.0036319612590799,0.724778046811945,0,0,0,0,0,0,0,0,0,0,0,0,0,0,0,0.000403551251008878,0,0.0665859564164649,0,0,0,0,0,0,0,0,0.000807102502017756,0
"000148.java",0,0,0,0,0,0,0,0,0,0,0,0,0,0,0,0,0,0.31767955801105,0,0,0,0.00276243093922652,0,0,0,0,0,0,0,0,0,0,0,0,0,0.00276243093922652,0.00276243093922652,0,0,0,0,0,0,0,0,0,0,0,0.674033149171271,0
"000149.java",0.00392156862745098,0,0.0196078431372549,0,0,0,0,0,0,0,0,0,0,0,0,0,0,0,0,0,0,0,0,0,0,0,0,0,0,0,0,0,0,0,0,0,0,0,0,0,0,0,0,0,0,0,0,0,0.976470588235294,0
"000150.java",0.0204081632653061,0,0,0,0,0.204081632653061,0,0,0,0.0612244897959184,0,0,0,0.0204081632653061,0,0,0,0,0,0,0,0,0,0,0,0,0,0,0,0,0.26530612244898,0,0,0,0.0204081632653061,0.0204081632653061,0,0,0,0.0204081632653061,0,0,0,0,0,0.0612244897959184,0,0,0.306122448979592,0
"000151.java",0.00650195058517555,0,0,0,0.00130039011703511,0.00390117035110533,0,0,0,0,0,0,0.00260078023407022,0.00130039011703511,0,0,0,0,0,0,0,0.00260078023407022,0.00130039011703511,0,0,0,0,0,0,0,0,0.00130039011703511,0,0,0,0,0,0,0,0,0,0,0,0.00130039011703511,0,0.00260078023407022,0,0,0.971391417425228,0.00390117035110533
"000152.java",0,0,0,0,0,0,0,0,0,0,0,0,0,0,0.00233100233100233,0,0,0.00233100233100233,0,0,0,0,0,0,0,0.00233100233100233,0,0,0.00233100233100233,0.00233100233100233,0,0,0,0,0,0,0,0,0,0,0,0,0,0,0,0,0,0,0.988344988344988,0
"000153.java",0.00325732899022801,0,0,0,0,0,0,0,0,0,0,0,0,0,0,0,0,0,0,0,0,0,0,0,0,0,0,0,0,0,0,0,0,0.00325732899022801,0,0,0,0,0.00325732899022801,0.0228013029315961,0,0,0,0,0.00325732899022801,0,0,0,0.964169381107492,0
"000154.java",0,0.0099009900990099,0,0,0,0,0,0,0,0,0,0,0,0,0,0,0,0,0.00247524752475248,0,0,0,0,0,0,0,0,0,0,0,0,0,0,0,0,0,0,0,0,0.00247524752475248,0,0,0,0,0,0,0.00495049504950495,0,0.98019801980198,0
"000155.java",0,0,0,0,0,0,0,0,0.00392670157068063,0,0,0,0,0,0.00130890052356021,0,0,0.167539267015707,0,0,0.00130890052356021,0.00130890052356021,0,0.132198952879581,0,0,0,0,0,0,0,0,0,0,0,0.00130890052356021,0,0,0,0,0,0.00130890052356021,0.00392670157068063,0,0,0.0405759162303665,0,0,0.0523560209424084,0.592931937172775
"000156.java",0,0,0,0,0,0,0,0.000323624595469256,0,0.00258899676375405,0,0,0,0,0,0,0,0.12621359223301,0,0,0,0,0.000323624595469256,0,0,0,0,0,0,0,0,0,0,0,0.00517799352750809,0,0,0,0,0.262135922330097,0,0,0.602265372168285,0,0,0,0,0,0.000970873786407767,0
"000157.java",0,0,0,0,0,0,0,0.618717504332756,0,0,0,0,0,0,0.00346620450606586,0,0,0.282495667244367,0,0,0,0,0,0,0,0,0,0,0,0,0,0,0,0.00346620450606586,0.0173310225303293,0.00693240901213172,0,0,0.0571923743500867,0,0,0,0.00693240901213172,0,0,0.00346620450606586,0,0,0,0
"000161.java",0,0,0,0,0,0,0,0.00279329608938547,0,0,0,0,0,0.000698324022346369,0.0174581005586592,0.000698324022346369,0,0.264664804469274,0,0,0,0,0,0,0,0,0.018854748603352,0,0,0,0,0,0.00418994413407821,0,0,0.0865921787709497,0.000698324022346369,0,0,0.00139664804469274,0.000698324022346369,0.594972067039106,0,0,0,0,0,0.000698324022346369,0.00558659217877095,0
"000162.java",0,0,0,0,0,0,0,0.000310945273631841,0.000621890547263682,0,0,0,0,0,0,0,0,0.135572139303483,0.000621890547263682,0,0,0,0,0,0,0.000310945273631841,0,0,0,0,0,0,0,0,0.849502487562189,0,0,0.00217661691542289,0,0.0102611940298507,0,0,0,0,0,0,0,0,0.000621890547263682,0
"000176.java",0,0,0,0,0,0,0.00116959064327485,0,0,0,0.0584795321637427,0,0,0.123976608187135,0,0.0982456140350877,0,0.229239766081871,0,0,0,0.00116959064327485,0,0,0,0,0,0,0,0,0.00116959064327485,0,0.0818713450292398,0,0,0,0,0,0,0.0771929824561404,0.325146198830409,0,0,0,0.00233918128654971,0,0,0,0,0
"000179.java",0,0,0,0,0,0,0,0,0,0,0,0,0,0.000593471810089021,0,0,0,0.251632047477745,0,0,0,0.000593471810089021,0,0.00178041543026706,0,0,0,0,0.737685459940653,0,0.000593471810089021,0,0,0,0,0,0,0,0,0.000593471810089021,0,0,0.00237388724035608,0,0,0,0.00415430267062315,0,0,0
"000180.java",0,0,0,0.000745712155108128,0,0,0,0,0,0,0,0,0,0,0,0,0,0.121551081282625,0,0,0,0,0,0,0,0,0.000745712155108128,0,0.000745712155108128,0,0,0,0,0,0,0,0,0,0,0.0052199850857569,0.000745712155108128,0,0.000745712155108128,0,0.000745712155108128,0.868754660700969,0,0,0,0
"000182.java",0,0,0,0,0.0238568588469185,0,0.00198807157057654,0,0,0.00795228628230616,0.00397614314115308,0,0,0,0,0,0,0.536779324055666,0.00397614314115308,0,0.00198807157057654,0,0.288270377733598,0,0,0,0,0.00397614314115308,0,0,0,0,0,0,0,0.047713717693837,0,0,0,0.0556660039761431,0,0,0,0,0,0.0238568588469185,0,0,0,0
"000183.java",0,0,0,0,0,0,0,0.0732899022801303,0,0,0,0,0,0,0,0,0,0.390879478827362,0,0,0,0,0.0504885993485342,0,0,0,0,0.00325732899022801,0,0,0,0,0,0,0,0.00977198697068404,0,0,0,0.109120521172638,0,0.348534201954397,0.0146579804560261,0,0,0,0,0,0,0
"000184.java",0,0.000846740050804403,0,0.000846740050804403,0.610499576629975,0,0,0,0,0,0.000423370025402202,0,0,0.00296359017781541,0.000423370025402202,0.0668924640135478,0,0.236240474174428,0,0.00211685012701101,0.000423370025402202,0,0,0,0,0,0,0,0,0,0,0,0,0,0,0,0,0,0.0101608806096528,0.0677392040643522,0,0,0,0,0,0,0,0,0.000423370025402202,0
"000185.java",0,0,0,0,0,0,0,0.0258358662613982,0,0,0,0,0,0.512158054711246,0,0,0,0.341945288753799,0.00151975683890578,0,0,0,0.00303951367781155,0,0.00151975683890578,0,0,0,0,0,0,0,0,0,0,0,0,0,0,0.0592705167173252,0,0.0243161094224924,0,0,0,0,0.0227963525835866,0.00759878419452888,0,0
"000190.java",0,0,0,0,0,0.00343642611683849,0,0,0,0,0,0,0,0,0,0,0,0.463917525773196,0,0,0.00687285223367698,0,0,0,0,0,0,0,0,0.403780068728522,0,0,0,0,0,0,0,0,0,0.0945017182130584,0,0,0.00343642611683849,0,0,0.00859106529209622,0,0.0154639175257732,0,0
"000192.java",0,0.000535217298223079,0,0,0.000535217298223079,0,0,0,0,0.000321130378933847,0,0,0,0,0,0.000107043459644616,0,0.0771783344037679,0,0,0.000214086919289231,0.000214086919289231,0,0,0,0,0,0,0,0,0,0,0,0,0,0,0.803254121173196,0.000107043459644616,0,0.116249197174053,0,0,0.000107043459644616,0,0,0,0.00117747805609077,0,0,0
"000193.java",0,0,0,0,0,0,0,0,0,0,0,0,0,0,0,0,0,0.0613333333333333,0,0,0,0.000177777777777778,0,0.000177777777777778,0,0,0,0,0.000177777777777778,0,0,0,0,0,0,0.00302222222222222,0,0,0,0.00906666666666667,0,0,0,0,0,0,0.926044444444444,0,0,0
"000194.java",0,0,0,0.0180412371134021,0,0,0,0,0,0,0,0,0.00128865979381443,0,0,0,0,0.532216494845361,0,0,0,0,0.157216494845361,0,0,0.00128865979381443,0,0,0,0.00128865979381443,0,0,0,0,0,0,0,0,0.282216494845361,0.0038659793814433,0,0.00128865979381443,0,0,0,0,0,0.00128865979381443,0,0
"000196.java",0,0.0293040293040293,0,0.00366300366300366,0,0,0,0,0.00366300366300366,0,0.0146520146520147,0,0,0,0,0,0,0.443223443223443,0,0,0,0,0.384615384615385,0,0,0,0,0,0.00366300366300366,0,0,0,0,0,0,0,0.00732600732600733,0,0,0.00366300366300366,0,0,0,0,0,0.00732600732600733,0.0989010989010989,0,0,0
"000197.java",0,0.0276497695852535,0,0,0.0138248847926267,0,0,0,0,0,0,0.0184331797235023,0,0.00921658986175115,0,0.142857142857143,0,0.350230414746544,0,0,0,0,0.28110599078341,0,0.00921658986175115,0.00460829493087558,0,0,0,0,0,0,0,0,0,0,0,0,0.00921658986175115,0.133640552995392,0,0,0,0,0,0,0,0,0,0
"000199.java",0,0.750881834215168,0,0,0.000440917107583774,0,0,0,0,0,0.000881834215167548,0,0,0,0,0,0,0.182539682539683,0,0,0,0,0,0,0,0.00132275132275132,0,0.000881834215167548,0,0.000440917107583774,0,0,0,0,0,0,0,0,0,0.0626102292768959,0,0,0,0,0,0,0,0,0,0
"000201.java",0,0,0,0,0,0,0,0,0,0,0.895476353666895,0,0,0,0,0,0,0.0726525017135024,0,0,0,0,0,0,0,0,0.0023989033584647,0,0,0,0,0,0,0,0.000171350239890336,0,0,0,0,0.0293008910212474,0,0,0,0,0,0,0,0,0,0
"000202.java",0,0,0,0,0,0,0,0.695402298850575,0.00957854406130268,0,0,0,0,0.00191570881226054,0,0,0,0.291187739463602,0,0,0,0,0,0,0,0,0,0,0,0,0,0,0,0,0,0,0,0,0.00191570881226054,0,0,0,0,0,0,0,0,0,0,0
"000204.java",0,0.264150943396226,0,0,0,0.00269541778975741,0,0,0,0.0134770889487871,0,0,0,0,0,0.0242587601078167,0,0.501347708894879,0,0,0,0,0.161725067385445,0,0,0,0.00269541778975741,0,0,0,0,0,0,0,0,0,0,0,0,0.0215633423180593,0.00269541778975741,0,0,0,0.00269541778975741,0,0,0.00269541778975741,0,0
"000205.java",0,0,0,0,0,0,0.00183150183150183,0,0,0,0,0,0,0.0293040293040293,0,0.00183150183150183,0,0.556776556776557,0,0,0,0,0,0,0,0,0.00183150183150183,0,0,0.399267399267399,0,0,0.00183150183150183,0,0.00183150183150183,0,0,0,0,0,0,0,0,0,0,0,0.00366300366300366,0,0,0.00183150183150183
"000212.java",0,0.000415282392026578,0,0.00166112956810631,0,0.00124584717607973,0,0.00124584717607973,0.000830564784053156,0,0,0.126661129568106,0,0,0,0,0,0.265365448504983,0.00622923588039867,0,0,0,0,0,0,0,0,0,0,0,0,0,0,0,0.00622923588039867,0,0,0,0.586378737541528,0.000830564784053156,0,0,0.00207641196013289,0,0,0.000830564784053156,0,0,0,0
"000215.java",0,0,0,0,0,0,0,0,0.0412979351032448,0,0,0,0,0,0,0.0206489675516224,0,0.359882005899705,0,0.215339233038348,0,0,0.0737463126843658,0,0,0,0.00294985250737463,0,0,0,0,0,0,0,0,0,0.0383480825958702,0,0.00294985250737463,0.244837758112094,0,0,0,0,0,0,0,0,0,0
"000216.java",0,0,0,0,0,0,0,0,0,0,0,0,0,0,0.00766283524904215,0,0,0.310344827586207,0,0.00383141762452107,0.00383141762452107,0,0.237547892720307,0,0,0,0,0,0,0,0,0,0,0,0,0,0,0,0.0153256704980843,0.314176245210728,0,0,0.10727969348659,0,0,0,0,0,0,0
"000218.java",0,0,0,0,0.00917431192660551,0,0,0,0,0,0,0,0,0,0,0,0.13302752293578,0.399082568807339,0,0,0,0,0.110091743119266,0,0.137614678899083,0,0,0,0,0,0,0,0,0,0,0,0,0,0,0,0,0,0,0.00458715596330275,0,0,0.00917431192660551,0,0.197247706422018,0
"000241.java",0,0,0,0.00260078023407022,0.00130039011703511,0,0,0,0.00520156046814044,0,0,0,0.00130039011703511,0,0.00650195058517555,0,0.382314694408322,0.360208062418726,0,0,0,0,0,0,0,0,0,0,0,0,0,0,0,0.00130039011703511,0,0.0156046814044213,0.223667100130039,0,0,0,0,0,0,0,0,0,0,0,0,0
"000244.java",0,0,0,0,0,0,0,0,0,0,0,0,0.0454545454545455,0.0284090909090909,0,0,0,0.0965909090909091,0,0,0,0,0,0,0,0,0,0,0,0,0,0,0.00568181818181818,0,0,0,0,0,0,0,0.00568181818181818,0,0,0,0.0170454545454545,0.801136363636364,0,0,0,0
"000247.java",0,0,0,0,0,0,0,0,0,0,0.00103842159916926,0.00103842159916926,0.00623052959501558,0,0,0,0.00311526479750779,0.195223260643821,0,0,0,0,0.00103842159916926,0,0.78920041536864,0,0.00103842159916926,0,0,0,0,0,0,0,0,0.00103842159916926,0,0,0,0,0,0,0,0,0,0.00103842159916926,0,0,0,0
"000248.java",0.0995670995670996,0,0,0,0,0,0,0,0,0,0,0,0.595238095238095,0,0,0.00216450216450216,0.0562770562770563,0.242424242424242,0,0,0,0,0,0,0,0,0,0,0,0,0,0,0.00432900432900433,0,0,0,0,0,0,0,0,0,0,0,0,0,0,0,0,0
"000254.java",0,0,0.000205465379083624,0,0,0,0,0,0.00739675364701048,0,0,0,0.000205465379083624,0,0,0,0,0.168276145469488,0,0,0,0,0,0,0,0,0,0,0,0,0,0,0,0.731045818779536,0,0,0,0,0,0.0926648859667146,0,0,0,0,0,0,0.000205465379083624,0,0,0
"000257.java",0,0,0,0,0.00472813238770686,0,0.293144208037825,0,0.00236406619385343,0.00709219858156028,0,0,0.101654846335697,0,0.00236406619385343,0.00472813238770686,0,0.470449172576832,0,0,0,0,0.0591016548463357,0,0,0,0,0,0.00236406619385343,0.00236406619385343,0,0,0.0141843971631206,0,0,0,0,0,0,0.0118203309692671,0,0,0,0,0,0,0.016548463356974,0,0.00709219858156028,0
"000295.java",0,0,0,0,0,0,0,0,0,0,0.00173913043478261,0,0.786086956521739,0,0,0,0,0.0660869565217391,0,0,0,0,0,0,0,0.00173913043478261,0,0,0,0.00173913043478261,0,0,0,0.0956521739130435,0,0,0.0295652173913043,0,0,0,0,0,0.0121739130434783,0,0,0,0.00173913043478261,0.00347826086956522,0,0
"000296.java",0,0,0,0,0,0,0,0,0,0,0,0,0.914728682170543,0,0,0,0,0.0697674418604651,0,0,0,0,0.00775193798449612,0,0,0,0,0.00775193798449612,0,0,0,0,0,0,0,0,0,0,0,0,0,0,0,0,0,0,0,0,0,0
"000297.java",0,0,0,0,0,0,0,0,0,0,0,0,0.902439024390244,0,0,0,0,0.0894308943089431,0,0,0,0,0,0,0,0.00813008130081301,0,0,0,0,0,0,0,0,0,0,0,0,0,0,0,0,0,0,0,0,0,0,0,0
"000298.java",0,0.00245098039215686,0,0,0,0.00245098039215686,0.00980392156862745,0,0.00245098039215686,0,0.0416666666666667,0,0.732843137254902,0,0,0,0,0.205882352941176,0.00245098039215686,0,0,0,0,0,0,0,0,0,0,0,0,0,0,0,0,0,0,0,0,0,0,0,0,0,0,0,0,0,0,0
"000299.java",0,0,0,0,0,0,0,0,0.0045662100456621,0,0,0,0.936073059360731,0,0,0,0,0.045662100456621,0,0,0,0,0,0,0.0091324200913242,0,0,0,0,0,0,0,0,0,0,0.0045662100456621,0,0,0,0,0,0,0,0,0,0,0,0,0,0
"000300.java",0,0,0,0,0,0,0,0,0,0,0.00719424460431655,0,0.58273381294964,0,0,0.0143884892086331,0,0.366906474820144,0,0,0,0,0,0,0,0.0143884892086331,0.00719424460431655,0,0,0,0,0,0,0,0,0,0.00719424460431655,0,0,0,0,0,0,0,0,0,0,0,0,0
"000301.java",0,0,0,0.00227531285551763,0,0,0,0,0,0,0,0.284414106939704,0,0,0,0.00113765642775882,0,0.195676905574517,0,0,0,0,0,0.515358361774744,0,0,0,0.00113765642775882,0,0,0,0,0,0,0,0,0,0,0,0,0,0,0,0,0,0,0,0,0,0
"000306.java",0.000303214069132808,0,0,0,0,0,0,0,0,0.000909642207398423,0,0,0,0,0,0,0,0.174348089751364,0.822619769557307,0,0,0,0,0,0.000606428138265616,0,0,0,0,0,0,0,0,0,0,0.000909642207398423,0,0,0,0,0,0,0,0,0,0,0.000303214069132808,0,0,0
"000311.java",0.827245804540967,0,0.000329055610398157,0,0,0.000329055610398157,0,0,0,0,0,0,0,0,0.000658111220796315,0.000329055610398157,0,0.164856860809477,0,0,0,0,0.000329055610398157,0.00296150049358342,0,0,0,0,0,0,0.000329055610398157,0.000658111220796315,0.00131622244159263,0,0,0,0,0,0.000329055610398157,0,0,0.000329055610398157,0,0,0,0,0,0,0,0
"000332.java",0,0,0,0,0,0,0,0,0,0,0,0,0,0,0,0,0,0.424597364568082,0,0,0,0,0,0,0,0,0.0161054172767204,0.55710102489019,0,0,0,0.00219619326500732,0,0,0,0,0,0,0,0,0,0,0,0,0,0,0,0,0,0
"000333.java",0,0,0,0,0.307692307692308,0,0,0.00427350427350427,0,0,0,0,0,0,0,0.0299145299145299,0,0.52991452991453,0,0,0,0,0.115384615384615,0,0,0,0,0,0.00427350427350427,0,0,0,0,0,0,0,0.00854700854700855,0,0,0,0,0,0,0,0,0,0,0,0,0
"000336.java",0,0,0.00352941176470588,0,0,0,0,0,0.00117647058823529,0,0,0,0,0,0,0,0.00117647058823529,0.444705882352941,0,0,0.00117647058823529,0,0,0,0,0,0,0,0,0,0,0,0.00588235294117647,0,0.00117647058823529,0.0470588235294118,0,0,0.448235294117647,0.0117647058823529,0,0,0.0341176470588235,0,0,0,0,0,0,0
"000339.java",0,0.00168918918918919,0,0,0,0,0,0,0,0,0,0,0,0,0,0,0,0.471283783783784,0.00168918918918919,0,0,0,0,0,0,0.444256756756757,0,0,0.00675675675675676,0,0,0,0.00506756756756757,0,0,0.0574324324324324,0,0,0,0.00844594594594595,0,0.00168918918918919,0,0,0,0,0,0.00168918918918919,0,0
"000347.java",0,0,0,0,0,0,0,0,0,0,0,0,0,0,0,0,0,0.623893805309734,0,0,0,0.190265486725664,0.123893805309735,0.00442477876106195,0,0.00442477876106195,0,0,0,0,0.0132743362831858,0,0.0221238938053097,0,0.00442477876106195,0,0,0,0,0.00884955752212389,0,0,0,0,0.00442477876106195,0,0,0,0,0
"000357.java",0.000916590284142988,0,0.0073327222731439,0,0.0971585701191567,0.000916590284142988,0.264894592117324,0,0.00366636113657195,0.00274977085242896,0,0,0,0.0109990834097159,0,0,0,0.308890925756187,0,0,0,0,0,0,0,0,0,0,0,0,0,0.173235563703025,0,0.00458295142071494,0,0,0.0724106324472961,0,0,0,0,0,0,0,0,0,0.000916590284142988,0.0513290559120073,0,0
"000361.java",0,0,0,0,0,0,0,0,0.00248756218905473,0.0248756218905473,0,0,0,0,0,0,0,0.417910447761194,0,0,0,0,0.380597014925373,0,0,0,0,0,0,0,0,0,0,0,0.00995024875621891,0,0.0696517412935323,0,0,0,0,0,0,0,0,0,0.0945273631840796,0,0,0
"000367.java",0,0,0,0.000569476082004556,0,0,0,0,0,0,0,0,0,0.359908883826879,0,0,0,0.189066059225513,0,0,0,0,0,0,0,0,0,0,0.000569476082004556,0,0,0,0,0,0,0,0.449886104783599,0,0,0,0,0,0,0,0,0,0,0,0,0
"000368.java",0,0.0043979057591623,0,0,0,0,0,0,0,0,0.00272251308900524,0.778429319371728,0.00209424083769634,0,0,0,0,0.195602094240838,0.0006282722513089,0,0,0,0,0,0.0018848167539267,0,0,0,0,0,0,0,0,0,0,0.000209424083769634,0,0,0.0115183246073298,0.000209424083769634,0,0,0.0018848167539267,0.000418848167539267,0,0,0,0,0,0
"000376.java",0,0,0,0,0,0,0,0,0,0,0,0.00657894736842105,0.0328947368421053,0,0,0,0,0.0460526315789474,0,0,0.0460526315789474,0,0,0,0,0,0,0,0,0,0.00657894736842105,0,0,0,0,0.00657894736842105,0,0,0,0,0,0,0,0,0,0.0263157894736842,0,0,0.828947368421053,0
"000469.java",0,0,0,0.00970873786407767,0,0,0,0,0,0,0,0,0,0,0.00647249190938511,0,0,0.207119741100324,0,0,0.0647249190938511,0,0,0,0,0,0,0.00323624595469256,0,0,0,0,0,0,0,0,0,0,0,0,0,0,0,0,0,0.6957928802589,0.0129449838187702,0,0,0
"000477.java",0,0,0,0,0,0,0,0,0,0,0,0,0,0,0,0,0,0,0,0,0,0,0,0,0,0,0,0,0,0,0.638888888888889,0,0,0,0,0,0,0,0,0,0,0,0,0,0,0,0,0,0.361111111111111,0
"000478.java",0,0,0,0.00218818380743982,0.00218818380743982,0,0,0,0.00218818380743982,0,0,0,0,0,0,0,0,0.297592997811816,0,0,0,0,0,0,0,0,0,0.00656455142231947,0,0,0.450765864332604,0,0,0,0,0,0.00656455142231947,0,0,0.0678336980306346,0,0,0,0,0,0.12691466083151,0,0,0.0306345733041575,0.00656455142231947
