"V1","V2","V3","V4","V5","V6","V7","V8","V9","V10","V11","V12","V13","V14","V15","V16","V17","V18","V19","V20","V21","V22","V23","V24","V25","V26","V27","V28","V29","V30","V31","V32","V33","V34","V35","V36","V37","V38","V39","V40","V41","V42","V43","V44","V45","V46","V47","V48","V49","V50"
"000001.java",0,0,0.527593818984547,0,0.0022075055187638,0,0,0,0,0,0,0,0,0,0,0,0,0,0,0.105960264900662,0,0,0,0,0,0.022075055187638,0.0022075055187638,0.00441501103752759,0,0.0022075055187638,0,0,0,0.172185430463576,0,0.0485651214128035,0,0,0,0,0.0772626931567329,0,0,0,0,0.00662251655629139,0,0.0286975717439294,0,0
"000002.java",0.00121802679658952,0,0.723507917174178,0.0194884287454324,0,0,0,0,0.00121802679658952,0,0,0,0,0.00243605359317905,0,0,0,0,0,0.0694275274056029,0,0,0,0,0,0,0,0,0,0,0.0146163215590743,0,0,0,0,0,0,0,0,0,0.132764920828258,0,0,0.00852618757612668,0.0097442143727162,0,0,0.0048721071863581,0.0121802679658952,0
"000003.java",0,0.00115473441108545,0.848729792147806,0,0,0,0,0,0,0,0.00115473441108545,0,0,0,0,0,0,0,0.00115473441108545,0,0.0023094688221709,0,0,0,0,0.000577367205542725,0,0,0.00404157043879908,0.00173210161662818,0,0,0,0.0438799076212471,0,0.0438799076212471,0,0,0,0,0.0479214780600462,0.00173210161662818,0,0,0,0,0.00173210161662818,0,0,0
"000004.java",0,0,0,0,0,0,0.0033112582781457,0,0,0.155629139072848,0,0,0.0298013245033113,0,0.115894039735099,0,0,0,0,0.258278145695364,0,0,0,0,0,0,0,0,0,0,0,0,0,0,0,0,0,0.0033112582781457,0,0,0.370860927152318,0,0,0.0596026490066225,0,0,0,0,0.0033112582781457,0
"000005.java",0,0,0,0.110132158590308,0,0,0,0,0.00440528634361234,0,0,0,0.026431718061674,0,0,0,0,0,0,0,0,0,0.0220264317180617,0.00440528634361234,0.348017621145374,0,0,0,0,0,0,0,0.00881057268722467,0,0,0,0,0,0,0,0.295154185022026,0.158590308370044,0,0,0.0176211453744493,0,0,0,0.00440528634361234,0
"000006.java",0,0,0,0.00404858299595142,0,0,0.0121457489878543,0,0,0,0,0,0.0566801619433198,0,0,0.117408906882591,0,0,0,0.352226720647773,0,0,0,0,0,0,0,0,0,0,0,0,0.00404858299595142,0.0526315789473684,0,0,0.00809716599190283,0,0,0,0.376518218623482,0,0,0,0.00404858299595142,0.00809716599190283,0,0,0,0.00404858299595142
"000019.java",0,0,0,0.361386138613861,0,0,0,0,0.00495049504950495,0,0,0,0,0,0,0,0,0,0,0.153465346534653,0,0,0,0,0,0,0.0346534653465347,0,0,0,0,0,0,0.00495049504950495,0,0,0,0,0,0,0.420792079207921,0,0,0,0,0,0,0,0.0198019801980198,0
"000020.java",0.00333333333333333,0.0433333333333333,0,0.286666666666667,0,0,0,0,0,0,0,0,0,0,0,0,0.00666666666666667,0,0,0.01,0,0.0766666666666667,0.00333333333333333,0,0.00333333333333333,0,0,0.00666666666666667,0,0,0,0,0,0.00333333333333333,0,0.0166666666666667,0,0,0,0.00333333333333333,0.533333333333333,0,0,0,0,0,0,0.00333333333333333,0,0
"000021.java",0,0,0,0.324324324324324,0,0,0.00540540540540541,0,0.027027027027027,0,0,0.00540540540540541,0,0,0,0,0,0,0,0.0972972972972973,0,0,0.0540540540540541,0,0,0,0,0,0,0.00540540540540541,0,0,0.0108108108108108,0,0,0,0,0,0,0,0.47027027027027,0,0,0,0,0,0,0,0,0
"000024.java",0,0,0,0,0,0,0,0,0,0,0,0,0.000601684717208183,0,0,0.000601684717208183,0,0,0,0,0.00120336943441637,0,0,0,0,0,0,0,0,0,0.798435619735259,0,0,0.042719614921781,0.00541516245487365,0,0,0,0,0,0.120938628158845,0,0,0,0,0.0300842358604091,0,0,0,0
"000026.java",0.00113378684807256,0,0,0,0,0,0,0,0.0158730158730159,0.366213151927438,0,0,0,0,0,0,0.00680272108843537,0,0,0.0555555555555556,0,0,0,0.0215419501133787,0.0204081632653061,0,0,0,0,0.00226757369614512,0,0,0.00340136054421769,0,0,0,0,0,0,0,0.50453514739229,0,0,0,0,0,0.00226757369614512,0,0,0
"000027.java",0.00169836956521739,0,0,0,0,0,0,0,0,0,0,0,0.000509510869565217,0,0.000169836956521739,0,0,0,0,0,0,0,0,0,0,0,0,0,0,0.274966032608696,0,0,0,0,0,0.655910326086957,0,0,0,0,0.0653872282608696,0,0,0,0,0.00135869565217391,0,0,0,0
"000031.java",0,0,0,0.00205728754549771,0.000158252888115208,0,0,0,0,0,0,0,0,0,0,0,0,0.94651052381706,0.000316505776230416,0,0,0,0,0,0,0,0.000474758664345624,0,0,0,0,0,0,0,0,0.00126602310492166,0,0,0,0,0.0490583953157145,0,0,0,0,0.000158252888115208,0,0,0,0
"000036.java",0,0,0,0,0,0,0,0,0,0,0.00182370820668693,0,0.00851063829787234,0,0,0,0,0,0,0,0,0,0.63951367781155,0.00060790273556231,0,0,0,0,0,0,0,0,0,0,0,0,0,0,0,0,0.348328267477204,0,0,0,0,0,0,0,0,0.00121580547112462
"000037.java",0,0,0,0,0,0,0,0,0,0,0,0,0,0,0,0,0,0.00451127819548872,0.0075187969924812,0.00150375939849624,0,0,0.56390977443609,0,0,0,0,0,0.00300751879699248,0,0,0,0,0.00300751879699248,0,0,0,0,0.00150375939849624,0,0.415037593984962,0,0,0,0,0,0,0,0,0
"000041.java",0,0,0,0,0.000563380281690141,0,0,0,0,0,0,0,0,0,0.831549295774648,0.000563380281690141,0,0.00112676056338028,0.000563380281690141,0,0,0,0.000563380281690141,0,0,0,0,0,0,0,0.000563380281690141,0,0,0,0,0,0,0,0,0,0.157746478873239,0.000563380281690141,0,0,0.000563380281690141,0,0.00112676056338028,0.0028169014084507,0.00112676056338028,0.000563380281690141
"000044.java",0,0,0,0.465065502183406,0.00436681222707424,0,0,0,0,0.0611353711790393,0,0,0,0,0,0,0,0,0,0.00218340611353712,0,0,0,0,0.194323144104804,0,0,0,0,0,0,0,0,0,0.00436681222707424,0,0,0,0,0,0.266375545851528,0,0,0,0,0,0,0,0,0.00218340611353712
"000045.java",0,0,0,0.00525365293055328,0,0.00049252996223937,0,0,0,0,0.957970776555574,0,0.00311935642751601,0,0,0,0,0.000820883270398949,0,0.00459694631423412,0,0.00016417665407979,0,0.00016417665407979,0,0,0,0,0.00114923657855853,0,0,0,0,0,0,0.00131341323263832,0,0,0,0,0.0246264981119685,0,0,0,0,0,0,0,0,0.00032835330815958
"000046.java",0,0,0,0.0197323656157859,0.000226808800181447,0.0975277840780222,0.000226808800181447,0,0,0,0.822408709457927,0,0,0,0,0,0,0,0,0.000453617600362894,0,0,0,0,0,0,0,0,0,0,0.000453617600362894,0,0,0,0,0,0,0,0,0.00567022000453618,0.0508051712406441,0.000680426400544341,0,0,0,0.000680426400544341,0,0,0,0.00113404400090724
"000060.java",0,0,0,0,0,0,0,0,0,0,0,0,0,0,0.000879507475813544,0,0,0,0,0,0,0.000879507475813544,0,0.00175901495162709,0,0,0,0,0,0,0.00175901495162709,0,0,0.0589270008795075,0,0,0.000879507475813544,0,0,0.00351802990325418,0,0.00439753737906772,0,0,0,0,0.927000879507476,0,0,0
"000063.java",0.647489539748954,0,0,0,0,0,0,0,0,0,0,0,0,0,0,0.000523012552301255,0,0,0,0,0,0,0,0,0,0,0,0,0,0.000523012552301255,0,0,0,0,0,0,0,0,0,0,0.348849372384937,0.00156903765690377,0,0.000523012552301255,0,0,0,0,0.000523012552301255,0
"000068.java",0,0,0,0.0996563573883162,0,0,0,0,0,0,0,0,0,0,0,0,0,0,0,0,0,0,0.00859106529209622,0,0.00171821305841924,0,0,0,0,0,0,0,0,0,0.0687285223367698,0,0,0.0687285223367698,0,0.00171821305841924,0.446735395189003,0.00171821305841924,0,0,0,0,0,0.0601374570446735,0,0.242268041237113
"000079.java",0,0,0,0,0,0,0,0,0,0,0,0,0,0,0,0,0.00609756097560976,0,0,0.213414634146341,0,0,0,0,0,0,0.23780487804878,0,0.0182926829268293,0,0,0,0.024390243902439,0.378048780487805,0,0,0,0,0,0,0,0,0,0,0,0,0.121951219512195,0,0,0
"000081.java",0,0,0.00904977375565611,0,0,0,0.00452488687782805,0,0,0,0.00452488687782805,0,0.0542986425339367,0,0,0.00904977375565611,0.0180995475113122,0,0,0.352941176470588,0,0.00452488687782805,0,0,0,0,0,0,0,0,0,0,0,0.00452488687782805,0,0.0226244343891403,0,0,0.0723981900452489,0,0.384615384615385,0,0,0.0542986425339367,0,0,0,0.00452488687782805,0,0
"000092.java",0,0,0,0,0,0,0,0,0.000354358610914245,0,0,0,0,0,0,0,0,0,0,0,0,0.000354358610914245,0,0.00070871722182849,0,0,0,0,0.00070871722182849,0,0,0,0,0.00177179305457123,0.000354358610914245,0,0,0.000354358610914245,0,0,0.256201275690999,0,0,0,0,0,0.000354358610914245,0.738837703756201,0,0
"000100.java",0.00090892564988184,0.000181785129976368,0,0.00836211597891292,0.000727140519905472,0.000545355389929104,0,0,0.673332121432467,0.00127249590983458,0,0.000181785129976368,0.0045446282494092,0,0,0,0,0,0.000181785129976368,0,0,0,0.000181785129976368,0,0,0,0,0,0,0,0.00145428103981094,0,0,0,0,0,0,0,0,0.00163606616978731,0.302672241410653,0,0,0,0,0,0,0,0,0.00381748772950373
"000108.java",0,0,0,0.0779220779220779,0.012987012987013,0,0,0,0,0.11038961038961,0,0,0,0,0.012987012987013,0,0,0,0,0.168831168831169,0,0,0.0584415584415584,0,0,0,0.025974025974026,0,0,0,0,0,0,0,0,0,0.00649350649350649,0,0,0,0.519480519480519,0,0,0,0.00649350649350649,0,0,0,0,0
"000111.java",0,0,0.0222222222222222,0,0,0,0,0,0,0,0.0222222222222222,0,0.0222222222222222,0,0,0,0,0,0,0,0,0,0,0,0.2,0,0,0,0,0,0,0,0.244444444444444,0,0,0,0.0222222222222222,0,0,0.0222222222222222,0.0222222222222222,0.4,0,0,0,0,0,0,0.0222222222222222,0
"000113.java",0,0,0,0.0280172413793103,0,0,0,0,0.00323275862068966,0,0.0021551724137931,0,0,0,0,0,0,0,0,0.0204741379310345,0.691810344827586,0,0,0,0,0,0,0,0,0,0.0021551724137931,0,0,0,0,0,0,0,0,0,0.251077586206897,0,0,0,0,0,0,0,0,0.00107758620689655
"000117.java",0,0,0,0.0167064439140811,0.00238663484486874,0,0,0,0,0.384248210023866,0.00238663484486874,0,0,0,0,0,0,0,0,0.0835322195704057,0,0,0,0,0,0,0,0,0,0,0.0119331742243437,0,0,0,0,0,0,0,0,0,0.458233890214797,0,0,0.0119331742243437,0.0286396181384248,0,0,0,0,0
"000118.java",0,0,0,0.260536398467433,0.419540229885057,0,0,0,0,0,0,0,0.00191570881226054,0,0,0,0,0,0,0,0,0,0,0,0,0,0,0.000957854406130268,0.00191570881226054,0,0.0383141762452107,0.000957854406130268,0,0.000957854406130268,0,0,0,0,0,0,0.254789272030651,0,0,0,0,0,0,0,0.0201149425287356,0
"000126.java",0,0,0,0,0,0,0,0,0,0,0,0,0,0.000961538461538462,0.000961538461538462,0,0,0.000961538461538462,0,0,0,0,0,0,0,0,0,0,0,0,0,0,0,0,0.000961538461538462,0,0.908653846153846,0,0,0,0.0870192307692308,0,0,0,0,0,0,0.000480769230769231,0,0
"000134.java",0,0,0,0,0,0,0,0,0,0.000743080066877206,0.0126323611369125,0,0,9.28850083596508e-05,0,0,0,0.000371540033438603,0,0,0,0,9.28850083596508e-05,0,0,0,0,0,0,0,0,0,0,0.000278655025078952,0.898198030837823,0.0143042912873862,0,0,0,9.28850083596508e-05,0.0731933865874048,0,0,0,0,0,0,0,0,0
"000136.java",0,0,0,0.0982658959537572,0,0,0.0439306358381503,0,0.00115606936416185,0,0,0,0.00578034682080925,0,0,0.00115606936416185,0,0,0,0,0,0,0.455491329479769,0,0,0,0,0,0,0,0,0,0,0.0023121387283237,0,0,0,0,0,0,0.391907514450867,0,0,0,0,0,0,0,0,0
"000138.java",0,0,0.0053475935828877,0,0.0053475935828877,0,0,0,0,0.0053475935828877,0,0,0,0,0,0,0.0481283422459893,0,0,0,0,0,0,0.219251336898396,0,0,0,0,0,0.0053475935828877,0.0106951871657754,0,0,0.122994652406417,0,0,0,0,0,0,0.224598930481283,0.294117647058824,0.0160427807486631,0,0,0,0.0427807486631016,0,0,0
"000139.java",0.00159914712153518,0,0,0,0,0,0,0.000533049040511727,0,0,0,0.017590618336887,0.000533049040511727,0.558102345415778,0,0,0,0,0.000533049040511727,0.00639658848614072,0,0,0,0.000533049040511727,0,0,0,0,0,0,0,0.00106609808102345,0,0,0,0.0266524520255864,0,0,0,0,0.384861407249467,0,0,0,0,0.000533049040511727,0,0,0.00106609808102345,0
"000140.java",0,0,0,0,0,0,0,0.0664451827242525,0.0697674418604651,0,0,0,0,0.0398671096345515,0.0132890365448505,0,0,0,0,0.00332225913621262,0,0,0,0.0830564784053156,0,0.00332225913621262,0,0,0,0,0,0.00332225913621262,0,0,0,0,0,0,0,0,0.325581395348837,0.385382059800664,0,0.00332225913621262,0,0.00332225913621262,0,0,0,0
"000141.java",0.000702740688685875,0,0,0.061841180604357,0,0,0,0,0,0,0,0.510189739985945,0,0.0028109627547435,0,0,0,0.00491918482080112,0,0,0,0,0,0,0,0.00140548137737175,0,0,0.00210822206605762,0,0.005621925509487,0.000702740688685875,0,0,0.000702740688685875,0.101897399859452,0,0,0,0,0.306394940267041,0,0,0,0,0,0,0,0.000702740688685875,0
"000142.java",0,0,0,0,0,0,0,0,0,0,0,0,0,0,0,0,0.0101010101010101,0,0,0,0,0,0,0,0,0,0,0,0.242424242424242,0,0,0.0101010101010101,0,0.171717171717172,0,0,0,0,0,0,0,0.515151515151515,0,0.0101010101010101,0,0,0.0404040404040404,0,0,0
"000143.java",0.00093984962406015,0,0,0,0,0,0,0,0,0,0,0,0,0,0,0,0,0,0,0,0,0,0.00093984962406015,0.0197368421052632,0,0,0,0,0,0,0,0,0,0.0855263157894737,0,0,0,0,0,0.510338345864662,0.056390977443609,0.322368421052632,0.00093984962406015,0,0,0,0.00281954887218045,0,0,0
"000144.java",0,0,0,0,0,0,0,0,0,0.0342205323193916,0,0,0,0,0,0,0.0950570342205323,0,0,0.0760456273764259,0,0,0,0,0,0,0.0456273764258555,0,0,0,0,0,0,0.11787072243346,0,0,0,0,0,0.0304182509505703,0.0418250950570342,0.55893536121673,0,0,0,0,0,0,0,0
"000145.java",0,0,0,0.441860465116279,0,0,0,0,0,0,0.0651162790697674,0,0,0,0,0,0,0,0,0,0.0465116279069767,0,0,0,0,0.00465116279069767,0,0,0,0,0,0,0,0,0,0,0,0,0,0,0.413953488372093,0.027906976744186,0,0,0,0,0,0,0,0
"000146.java",0,0,0,0.00493827160493827,0,0,0,0,0,0,0.00246913580246914,0,0,0,0,0,0.990123456790123,0,0,0,0,0,0,0,0,0,0,0,0,0,0,0,0,0,0,0,0,0,0,0,0.00246913580246914,0,0,0,0,0,0,0,0,0
"000147.java",0,0,0.00121065375302663,0.102905569007264,0,0,0,0,0,0,0,0.57183212267958,0,0,0.00161420500403551,0.000403551251008878,0,0,0,0,0,0,0,0,0,0,0,0,0,0.000403551251008878,0,0.00242130750605327,0,0.00161420500403551,0.010088781275222,0.0867635189669088,0,0,0,0.000403551251008878,0.215092816787732,0.00161420500403551,0,0,0,0,0,0.00282485875706215,0.000807102502017756,0
"000148.java",0,0,0,0,0.00276243093922652,0,0,0,0,0,0,0,0,0,0,0,0.698895027624309,0,0,0.00276243093922652,0,0,0,0,0,0,0,0,0,0,0,0,0,0,0,0,0,0,0,0,0.287292817679558,0,0.00828729281767956,0,0,0,0,0,0,0
"000149.java",0,0,0,0,0,0,0,0,0,0,0,0,0,0,0,0.00392156862745098,0.992156862745098,0,0,0,0,0,0,0,0,0,0,0,0,0,0,0,0,0,0,0,0,0,0,0,0,0,0,0,0.00392156862745098,0,0,0,0,0
"000150.java",0,0,0,0,0,0,0,0,0,0,0,0,0.0204081632653061,0,0,0,0.0612244897959184,0,0.0408163265306122,0,0,0,0,0,0,0,0.0204081632653061,0,0,0,0,0,0,0,0,0,0,0.285714285714286,0.0204081632653061,0,0.0612244897959184,0.346938775510204,0,0,0,0,0.142857142857143,0,0,0
"000151.java",0,0,0,0,0,0.00130039011703511,0,0,0,0,0,0,0,0.00390117035110533,0,0,0.970091027308192,0.00260078023407022,0,0,0,0,0,0,0,0,0,0,0.00130039011703511,0,0,0,0,0,0,0,0,0,0,0,0,0,0,0,0,0,0.0208062418725618,0,0,0
"000152.java",0,0,0,0,0.00466200466200466,0,0,0,0,0,0,0,0,0,0.00233100233100233,0,0.974358974358974,0,0,0,0,0,0,0,0,0.00233100233100233,0,0,0,0,0,0,0,0,0,0,0.013986013986014,0,0,0,0.00233100233100233,0,0,0,0,0,0,0,0,0
"000153.java",0,0,0,0,0,0,0,0,0,0,0,0,0,0,0,0,0.90228013029316,0.00325732899022801,0,0,0,0,0,0,0.00325732899022801,0,0,0,0,0,0,0,0,0,0,0.00651465798045603,0,0,0,0,0,0.0846905537459283,0,0,0,0,0,0,0,0
"000154.java",0,0,0,0,0,0,0,0,0,0,0.00247524752475248,0,0,0,0,0,0.987623762376238,0,0,0.00247524752475248,0,0,0,0,0,0,0,0,0,0,0,0.00742574257425743,0,0,0,0,0,0,0,0,0,0,0,0,0,0,0,0,0,0
"000155.java",0,0,0.00130890052356021,0,0,0,0,0.56413612565445,0,0.00523560209424084,0,0,0,0,0.00130890052356021,0,0,0,0,0.0130890052356021,0,0,0,0,0,0,0,0,0,0.00392670157068063,0,0,0,0.141361256544503,0.00130890052356021,0,0,0,0,0.0772251308900524,0.0143979057591623,0.176701570680628,0,0,0,0,0,0,0,0
"000156.java",0.000647249190938511,0,0,0,0,0.0161812297734628,0,0,0,0,0,0,0.783171521035599,0,0.000647249190938511,0,0,0,0,0,0,0,0,0,0,0,0,0,0,0,0,0,0,0.0029126213592233,0,0,0,0,0.00194174757281553,0,0.192880258899676,0.000323624595469256,0,0,0,0,0,0,0,0.00129449838187702
"000157.java",0,0,0,0,0,0.00346620450606586,0.0415944540727903,0,0.00519930675909879,0,0,0,0.0103986135181976,0,0,0,0,0,0,0,0.00173310225303293,0,0,0.0311958405545927,0,0.30155979202773,0,0,0,0,0,0,0,0.540727902946274,0,0.0121317157712305,0,0,0,0.00173310225303293,0,0,0,0,0,0,0,0,0,0.0502599653379549
"000161.java",0,0,0,0,0,0,0,0,0,0,0.000698324022346369,0,0,0,0,0,0.00349162011173184,0.00139664804469274,0.705307262569832,0,0,0,0,0,0,0,0,0,0,0,0.00139664804469274,0,0,0.0544692737430168,0,0,0,0,0,0,0.206703910614525,0.00139664804469274,0,0,0,0,0,0.0251396648044693,0,0
"000162.java",0,0,0,0.000310945273631841,0,0.824004975124378,0,0,0,0,0,0,0,0,0,0,0,0,0,0,0,0,0,0,0,0.000621890547263682,0,0,0,0.000310945273631841,0,0.00310945273631841,0,0.0382462686567164,0.00435323383084577,0.000310945273631841,0,0,0,0,0.127487562189055,0.000621890547263682,0,0,0,0,0,0,0,0.000621890547263682
"000176.java",0,0,0,0.570760233918129,0.0830409356725146,0,0,0,0,0.00701754385964912,0,0,0.00233918128654971,0,0.00818713450292398,0,0,0,0,0,0,0,0,0,0,0,0,0,0,0,0,0,0,0.11812865497076,0,0.183625730994152,0.0128654970760234,0,0.00233918128654971,0,0,0,0,0.00233918128654971,0,0,0.00818713450292398,0,0.00116959064327485,0
"000179.java",0,0,0,0,0,0,0,0,0,0,0,0,0,0,0,0.734718100890208,0,0,0,0.000593471810089021,0,0,0,0,0,0,0,0,0,0,0,0,0,0,0,0,0,0,0,0,0.252225519287834,0,0,0,0,0.0124629080118694,0,0,0,0
"000180.java",0,0,0,0,0,0,0.00149142431021626,0,0,0,0.00149142431021626,0,0,0,0,0,0,0,0,0,0,0,0,0.859060402684564,0,0,0,0,0,0,0,0,0,0.105145413870246,0,0,0,0,0,0,0.0320656226696495,0,0,0,0,0.000745712155108128,0,0,0,0
"000182.java",0,0,0,0.10337972166998,0,0,0.00198807157057654,0,0.0218687872763419,0,0,0,0,0,0,0,0,0,0.0218687872763419,0.00397614314115308,0,0,0,0.00198807157057654,0,0,0,0,0,0.0516898608349901,0,0,0,0.0536779324055666,0.00198807157057654,0,0,0,0,0,0.379721669980119,0.351888667992048,0,0.00596421471172962,0,0,0,0,0,0
"000183.java",0,0,0.00162866449511401,0.0912052117263844,0,0,0,0,0,0,0.00814332247557003,0,0,0,0.0472312703583062,0,0,0,0.407166123778502,0.00651465798045603,0,0,0,0,0,0.0749185667752443,0,0,0,0,0,0,0,0.0684039087947883,0,0,0.00162866449511401,0,0,0,0.293159609120521,0,0,0,0,0,0,0,0,0
"000184.java",0,0,0,0.0685859441151566,0,0,0,0,0,0,0,0,0,0,0.000423370025402202,0,0,0,0,0.00296359017781541,0,0,0,0,0.000423370025402202,0.520745131244708,0,0,0,0,0,0.0012701100762066,0,0.0292125317527519,0.00381033022861981,0.215495342929721,0,0,0,0,0.143099068585944,0,0,0.00846740050804403,0,0,0,0,0,0.00550381033022862
"000185.java",0.0212765957446809,0,0,0,0.442249240121581,0,0,0,0,0,0,0,0,0.00151975683890578,0.00151975683890578,0,0,0,0.0227963525835866,0.0927051671732523,0.00151975683890578,0,0,0,0,0.0699088145896656,0,0,0,0,0,0,0,0,0,0,0,0,0.00151975683890578,0,0.264437689969605,0,0,0.0790273556231003,0,0,0,0,0.00151975683890578,0
"000190.java",0,0.27319587628866,0,0.0360824742268041,0.00171821305841924,0,0.00171821305841924,0,0,0,0.00171821305841924,0.00171821305841924,0,0,0,0,0.00171821305841924,0,0.00171821305841924,0.0481099656357388,0,0,0,0,0,0,0.0103092783505155,0,0,0,0,0,0,0.183848797250859,0,0.013745704467354,0,0,0,0,0.238831615120275,0,0,0.175257731958763,0.00515463917525773,0.00515463917525773,0,0,0,0
"000192.java",0,0,0,0,0,0,0,0.000321130378933847,0,0,0,0,0.000107043459644616,0,0.00074930421751231,0,0,0,0,0,0,0,0,0,0,0,0,0,0.000107043459644616,0,0,0,0,0.00792121601370156,0,0,0.000107043459644616,0,0.738599871547848,0,0.00460286876471848,0,0,0.246307000642261,0,0,0.00117747805609077,0,0,0
"000193.java",0,0,0,0,0,0,0,0,0.00408888888888889,0,0,0,0.000355555555555556,0,0,0,0,0.000533333333333333,0,0,0,0,0,0,0,0,0,0,0,0,0,0,0,0,0,0,0,0,0,0,0.0782222222222222,0,0,0,0,0.916266666666667,0,0.000533333333333333,0,0
"000194.java",0,0,0,0.177835051546392,0.0077319587628866,0,0.00128865979381443,0,0,0,0,0,0,0,0,0,0.0038659793814433,0,0,0,0,0.00128865979381443,0,0,0,0,0,0,0,0,0,0.00128865979381443,0,0.162371134020619,0,0,0,0,0,0,0.318298969072165,0,0.00128865979381443,0,0,0.00128865979381443,0,0,0,0.323453608247423
"000196.java",0,0,0,0.113553113553114,0.00366300366300366,0,0.0622710622710623,0,0,0,0,0,0,0,0,0,0,0,0,0,0,0,0,0,0,0,0,0,0,0,0,0.0769230769230769,0,0.619047619047619,0,0,0,0,0,0,0.0842490842490843,0,0,0,0,0.0256410256410256,0,0,0,0.0146520146520147
"000197.java",0,0,0.00460829493087558,0.207373271889401,0,0,0.0138248847926267,0,0,0,0.00460829493087558,0,0,0,0,0,0,0,0,0,0,0,0,0,0,0.0276497695852535,0,0,0.00460829493087558,0,0,0,0,0.3963133640553,0.0783410138248848,0.235023041474654,0,0,0,0,0.0184331797235023,0,0,0,0.00921658986175115,0,0,0,0,0
"000199.java",0,0,0,0,0,0,0.664462081128748,0,0,0,0,0.000440917107583774,0,0,0,0,0,0,0,0,0,0,0,0,0,0,0,0,0,0,0,0,0,0,0.0017636684303351,0.000440917107583774,0,0,0,0,0.331128747795414,0,0,0,0,0,0,0,0.0017636684303351,0
"000201.java",0.000342700479780672,0,0.000171350239890336,0.00137080191912269,0,0,0,0,0,0,0.000342700479780672,0,0.000171350239890336,0,0.000171350239890336,0.000171350239890336,0,0,0,0,0,0,0,0,0,0,0,0.000171350239890336,0,0,0,0.886566141192598,0,0,0,0.00154215215901302,0,0,0.000171350239890336,0,0.108636052090473,0,0,0.000171350239890336,0,0,0,0,0,0
"000202.java",0,0,0,0,0,0,0.0172413793103448,0,0,0,0,0.00383141762452107,0.00574712643678161,0,0,0,0,0,0.00191570881226054,0.00191570881226054,0,0,0,0.0325670498084291,0,0.576628352490421,0,0,0,0,0,0,0,0.331417624521073,0.024904214559387,0,0,0,0,0,0,0,0,0.00191570881226054,0,0,0,0,0.00191570881226054,0
"000204.java",0,0.032345013477089,0,0.161725067385445,0,0,0.196765498652291,0,0,0,0,0,0,0,0.0215633423180593,0,0,0,0.00269541778975741,0,0,0,0,0,0,0,0,0,0,0.0242587601078167,0,0,0.00269541778975741,0.296495956873315,0,0,0,0,0,0,0.261455525606469,0,0,0,0,0,0,0,0,0
"000205.java",0,0.274725274725275,0,0,0.00732600732600733,0,0,0,0,0,0,0,0,0.00183150183150183,0,0.0494505494505494,0,0.00183150183150183,0,0.0934065934065934,0,0,0,0,0,0,0.00183150183150183,0,0,0,0,0,0,0.166666666666667,0,0.0934065934065934,0,0,0,0,0.304029304029304,0,0,0,0.00549450549450549,0,0,0,0,0
"000212.java",0,0,0,0,0,0.00996677740863787,0,0,0,0,0,0,0,0,0,0,0,0,0.000830564784053156,0,0,0,0,0,0,0,0.00290697674418605,0.000415282392026578,0,0,0,0.000415282392026578,0,0.00290697674418605,0,0,0,0,0,0,0.239617940199336,0,0.000415282392026578,0,0.183139534883721,0,0,0,0,0.559385382059801
"000215.java",0,0,0,0,0,0,0,0,0,0,0.176991150442478,0,0,0,0,0,0,0,0,0.00294985250737463,0,0,0,0,0,0,0,0,0,0,0,0,0,0.519174041297935,0.12094395280236,0.0530973451327434,0,0,0.126843657817109,0,0,0,0,0,0,0,0,0,0,0
"000216.java",0,0.0613026819923372,0,0.256704980842912,0.00383141762452107,0,0,0,0,0,0,0,0.222222222222222,0,0,0,0,0.00383141762452107,0,0,0,0.00383141762452107,0,0,0,0.00766283524904215,0,0,0,0,0,0,0,0.325670498084291,0.0766283524904215,0,0.00383141762452107,0,0.00383141762452107,0,0.0191570881226054,0,0,0,0,0.00383141762452107,0,0,0,0.00766283524904215
"000218.java",0,0,0,0.0596330275229358,0,0,0,0,0,0,0,0,0,0,0,0,0.0779816513761468,0,0,0.23394495412844,0,0,0,0,0.0779816513761468,0.00917431192660551,0,0,0,0,0,0,0,0.339449541284404,0,0,0,0,0,0,0.0275229357798165,0,0,0,0,0,0.174311926605505,0,0,0
"000241.java",0,0.00260078023407022,0.00130039011703511,0.0689206762028609,0,0,0,0,0,0,0,0,0,0.0182054616384915,0,0,0,0,0,0.0949284785435631,0.00130039011703511,0,0,0,0,0,0.00910273081924577,0,0,0,0,0,0,0,0,0,0,0,0.23927178153446,0,0.176853055916775,0,0,0,0,0,0.299089726918075,0,0.0884265279583875,0
"000244.java",0,0,0,0,0.0113636363636364,0,0,0.0227272727272727,0,0,0.0113636363636364,0,0,0,0,0,0,0,0,0.130681818181818,0,0,0,0.704545454545455,0,0,0.0284090909090909,0,0,0,0,0,0,0.00568181818181818,0,0,0,0,0,0,0,0.0113636363636364,0,0,0,0,0,0,0.0738636363636364,0
"000247.java",0,0,0,0.00311526479750779,0,0,0.00103842159916926,0,0,0.00103842159916926,0,0,0,0,0.00103842159916926,0,0.00415368639667705,0,0,0,0.00103842159916926,0,0,0.0124610591900312,0,0,0.835929387331256,0,0,0,0,0,0,0.0654205607476635,0.00103842159916926,0,0.00519210799584631,0,0,0,0.063343717549325,0,0.00103842159916926,0.00207684319833853,0,0.00207684319833853,0,0,0,0
"000248.java",0,0,0,0.123376623376623,0,0,0,0,0,0,0,0,0,0,0.0238095238095238,0,0,0,0,0,0,0,0,0,0,0,0.562770562770563,0,0.0757575757575758,0.00432900432900433,0,0,0,0,0,0.00216450216450216,0.00216450216450216,0,0,0,0.134199134199134,0,0,0,0,0,0.0714285714285714,0,0,0
"000254.java",0,0,0,0,0.000205465379083624,0,0,0,0.000616396137250873,0,0,0,0.000205465379083624,0,0,0,0,0.00143825765358537,0,0,0.000205465379083624,0,0,0,0,0.000205465379083624,0,0,0,0,0,0,0,0.000205465379083624,0.000616396137250873,0.00123279227450175,0,0,0,0.000616396137250873,0.258680912266283,0,0,0.128210396548182,0,0,0,0,0.607561125950277,0
"000257.java",0,0,0,0.163120567375887,0,0,0,0,0,0,0,0,0,0,0,0,0.00236406619385343,0,0,0,0,0,0,0,0.33806146572104,0,0,0,0,0,0,0,0,0.049645390070922,0,0.00236406619385343,0,0,0,0,0.397163120567376,0.0449172576832151,0,0.00236406619385343,0,0,0,0,0,0
"000295.java",0.180869565217391,0,0,0.133913043478261,0.00173913043478261,0,0,0,0,0,0,0,0.0295652173913043,0,0,0,0,0,0,0.0260869565217391,0,0,0,0,0,0,0.584347826086957,0,0,0,0.00521739130434783,0,0,0,0,0,0,0,0.00347826086956522,0,0,0,0,0.0330434782608696,0,0,0,0,0.00173913043478261,0
"000296.java",0,0,0,0,0,0,0,0,0,0,0,0,0,0,0,0,0,0,0,0.10077519379845,0,0,0,0,0,0,0.891472868217054,0,0,0,0,0,0,0,0,0,0,0,0.00775193798449612,0,0,0,0,0,0,0,0,0,0,0
"000297.java",0,0,0,0,0,0,0,0,0,0,0,0,0,0,0,0,0,0,0,0.146341463414634,0,0,0,0,0,0,0.780487804878049,0,0,0,0,0,0,0.024390243902439,0,0,0,0,0,0,0.0487804878048781,0,0,0,0,0,0,0,0,0
"000298.java",0,0,0,0.279411764705882,0,0,0,0,0,0,0,0,0,0,0,0,0,0,0,0,0,0,0,0,0.00245098039215686,0,0.573529411764706,0,0,0,0,0,0,0.00245098039215686,0,0,0,0,0,0,0.137254901960784,0,0,0,0.00490196078431373,0,0,0,0,0
"000299.java",0,0,0,0,0,0,0,0,0.0045662100456621,0,0,0,0,0,0.0319634703196347,0,0,0,0,0.105022831050228,0,0,0,0,0,0,0.821917808219178,0,0,0.0365296803652968,0,0,0,0,0,0,0,0,0,0,0,0,0,0,0,0,0,0,0,0
"000300.java",0,0.00719424460431655,0,0,0,0,0,0,0,0,0,0,0,0,0,0,0,0,0,0.0935251798561151,0,0,0,0,0.00719424460431655,0.0143884892086331,0.39568345323741,0,0.00719424460431655,0,0,0,0,0,0,0,0,0,0,0,0.41726618705036,0,0,0,0,0.0575539568345324,0,0,0,0
"000301.java",0,0,0,0,0,0,0,0,0,0,0,0,0,0,0,0,0.00113765642775882,0,0,0.00113765642775882,0.00113765642775882,0,0,0,0,0,0,0,0,0,0,0,0,0.0216154721274175,0,0,0,0,0,0.763367463026166,0.154721274175199,0,0,0,0.0568828213879408,0,0,0,0,0
"000306.java",0,0,0,0,0,0,0,0,0,0,0,0,0,0,0,0,0,0,0,0,0.000606428138265616,0,0,0,0,0,0,0,0,0,0,0,0,0.000303214069132808,0,0,0,0,0,0,0.183141297756216,0,0.813523347483323,0.00121285627653123,0.00121285627653123,0,0,0,0,0
"000311.java",0,0,0,0.000329055610398157,0.000658111220796315,0.000329055610398157,0.00197433366238894,0,0.000329055610398157,0,0,0,0.000987166831194472,0,0,0,0,0,0,0.0299440605462323,0,0,0,0.0121750575847318,0,0,0,0,0.826258637709773,0,0,0.000658111220796315,0,0,0.000329055610398157,0.00131622244159263,0,0,0,0.000329055610398157,0.107930240210596,0.0151365580783152,0,0.000987166831194472,0.000329055610398157,0,0,0,0,0
"000332.java",0,0.136896046852123,0,0.00146412884333821,0,0,0.0300146412884334,0,0,0,0.000732064421669107,0.000732064421669107,0,0.00219619326500732,0,0,0,0,0.00366032210834553,0,0,0,0.00219619326500732,0,0,0,0,0,0,0,0,0.0241581259150805,0,0,0,0,0,0,0,0,0.787701317715959,0,0,0,0,0,0,0.0102489019033675,0,0
"000333.java",0.00854700854700855,0,0.00427350427350427,0.145299145299145,0,0,0,0,0,0,0,0,0,0,0,0,0,0,0.00854700854700855,0.115384615384615,0,0,0.00427350427350427,0,0,0.183760683760684,0,0,0,0,0,0,0,0.393162393162393,0,0.136752136752137,0,0,0,0,0,0,0,0,0,0,0,0,0,0
"000336.java",0,0,0,0.0870588235294118,0.00352941176470588,0,0,0,0.0282352941176471,0,0,0,0.0376470588235294,0,0,0,0,0,0,0,0,0,0.00588235294117647,0,0,0,0,0,0,0,0,0,0,0,0,0,0,0,0,0,0.390588235294118,0,0,0,0.00117647058823529,0,0,0,0,0.445882352941176
"000339.java",0,0,0,0,0,0,0,0,0.0726351351351351,0.456081081081081,0,0,0,0,0,0,0,0,0,0,0,0,0,0,0,0.00337837837837838,0,0,0,0,0,0,0,0,0,0,0,0,0,0,0.459459459459459,0.00844594594594595,0,0,0,0,0,0,0,0
"000347.java",0,0,0,0.190265486725664,0,0,0,0,0,0,0,0.141592920353982,0,0,0,0,0,0,0,0.0132743362831858,0,0.00442477876106195,0,0,0,0,0,0.00442477876106195,0,0,0.00442477876106195,0,0,0.0486725663716814,0,0,0,0,0,0.00442477876106195,0.584070796460177,0,0,0.00442477876106195,0,0,0,0,0,0
"000357.java",0,0,0,0.000916590284142988,0.0265811182401467,0,0,0,0,0,0,0.00549954170485793,0,0,0.000916590284142988,0.0119156736938588,0,0,0,0.076076993583868,0,0,0,0.0256645279560037,0,0.0586617781851512,0.000916590284142988,0,0.00458295142071494,0,0.348304307974335,0.00366636113657195,0,0,0.00458295142071494,0.235563703024748,0,0,0.0146654445462878,0,0.136571952337305,0,0,0.0412465627864345,0.00366636113657195,0,0,0,0,0
"000361.java",0,0,0,0.276119402985075,0,0,0,0,0,0,0,0,0,0,0,0.00248756218905473,0,0,0.00248756218905473,0,0,0,0,0,0,0,0,0,0,0,0,0,0,0.393034825870647,0,0,0,0,0.116915422885572,0.00248756218905473,0.129353233830846,0,0,0,0.00248756218905473,0.0746268656716418,0,0,0,0
"000367.java",0,0,0,0,0.32630979498861,0,0,0,0,0,0,0,0,0.000569476082004556,0,0,0,0,0,0,0,0,0,0,0,0,0,0,0,0,0,0,0,0,0,0,0,0,0.511958997722096,0,0.161161731207289,0,0,0,0,0,0,0,0,0
"000368.java",0,0,0,0,0,0.000837696335078534,0,0,0.00774869109947644,0,0,0,0.0025130890052356,0,0,0,0,0,0,0,0,0,0,0.00418848167539267,0.000209424083769634,0,0.000209424083769634,0,0,0,0,0,0.0006282722513089,0.0190575916230366,0,0.000209424083769634,0,0,0,0,0,0.000209424083769634,0,0.00146596858638743,0.948900523560209,0.000209424083769634,0,0.000418848167539267,0,0.0131937172774869
"000376.java",0,0,0.00657894736842105,0,0,0,0,0,0,0,0,0.00657894736842105,0,0,0,0,0,0,0,0.118421052631579,0,0,0,0,0,0,0.0263157894736842,0,0,0,0,0,0,0,0,0,0,0,0,0,0,0.822368421052632,0,0,0.0197368421052632,0,0,0,0,0
"000469.java",0,0,0,0,0,0,0,0,0.00970873786407767,0.0550161812297735,0,0,0,0,0.00647249190938511,0,0,0,0,0.0517799352750809,0,0,0,0.6957928802589,0,0,0,0,0,0,0,0,0,0.174757281553398,0,0,0,0,0,0,0,0,0,0,0,0.00323624595469256,0,0.00323624595469256,0,0
"000477.java",0,0,0,0,0,0.0277777777777778,0,0,0,0,0,0,0,0,0,0,0.111111111111111,0,0,0.166666666666667,0,0,0,0.0555555555555556,0,0,0,0,0,0,0,0,0.333333333333333,0,0,0,0,0,0,0,0.0277777777777778,0.277777777777778,0,0,0,0,0,0,0,0
"000478.java",0,0,0,0.12472647702407,0,0,0,0,0,0,0,0.0153172866520788,0,0,0,0.00656455142231947,0,0,0,0,0,0,0,0.135667396061269,0.00218818380743982,0,0,0,0,0,0,0,0.439824945295405,0.0525164113785558,0,0,0,0,0,0.00218818380743982,0.196936542669584,0,0,0.0240700218818381,0,0,0,0,0,0
