"V1","V2","V3","V4","V5","V6","V7","V8","V9","V10","V11","V12","V13","V14","V15","V16","V17","V18","V19","V20","V21","V22","V23","V24","V25","V26","V27","V28","V29","V30","V31","V32","V33","V34","V35","V36","V37","V38","V39","V40","V41","V42","V43","V44","V45","V46","V47","V48","V49","V50"
"000001.java",0,0.0022075055187638,0.0022075055187638,0,0,0,0.0022075055187638,0,0,0,0,0,0,0,0.0728476821192053,0.0485651214128035,0,0,0,0,0,0,0,0,0,0,0,0,0.0022075055187638,0.00662251655629139,0,0.00883002207505519,0,0,0,0,0.0529801324503311,0.194260485651214,0,0.0772626931567329,0,0.527593818984547,0.0022075055187638,0,0,0,0,0,0,0
"000002.java",0,0.00243605359317905,0,0,0,0,0,0,0,0,0,0,0,0,0,0,0,0,0.00243605359317905,0,0,0,0,0.00243605359317905,0,0.0048721071863581,0,0,0,0,0,0,0,0,0.0048721071863581,0,0.809987819732034,0.164433617539586,0,0,0,0.00121802679658952,0,0.00121802679658952,0.00121802679658952,0,0,0.0048721071863581,0,0
"000003.java",0,0,0,0,0,0,0,0,0,0,0,0,0,0,0,0,0,0,0,0,0.00346420323325635,0,0.00346420323325635,0,0,0,0,0,0.000577367205542725,0.0023094688221709,0.00750577367205543,0,0,0,0.00173210161662818,0,0.0802540415704388,0.0640877598152425,0,0,0,0.836605080831409,0,0,0,0,0,0,0,0
"000004.java",0.0033112582781457,0,0,0,0,0,0,0,0,0,0,0.0132450331125828,0,0,0,0,0,0,0,0,0,0,0,0,0,0,0,0,0,0,0.0033112582781457,0.314569536423841,0,0,0,0.076158940397351,0,0.556291390728477,0,0,0,0,0,0,0.0033112582781457,0.00993377483443709,0,0.0198675496688742,0,0
"000005.java",0,0.00440528634361234,0,0,0,0,0.00881057268722467,0,0,0,0,0.0220264317180617,0,0,0,0.0176211453744493,0.0176211453744493,0,0,0,0,0,0,0,0,0,0,0,0,0.149779735682819,0,0,0,0,0.0616740088105727,0,0,0.361233480176211,0.00440528634361234,0,0,0,0,0,0,0,0,0,0.039647577092511,0.312775330396476
"000006.java",0,0,0,0,0,0.0121457489878543,0,0,0,0,0,0,0,0,0,0,0.00809716599190283,0,0,0,0,0.00404858299595142,0,0,0,0.121457489878543,0,0.202429149797571,0,0,0,0,0,0.00404858299595142,0,0,0.0688259109311741,0.574898785425101,0,0.00404858299595142,0,0,0,0,0,0,0,0,0,0
"000019.java",0,0,0,0,0,0.00495049504950495,0,0,0,0,0,0,0,0,0,0.0148514851485149,0,0,0,0.00495049504950495,0.00495049504950495,0,0.0148514851485149,0,0,0,0,0.133663366336634,0,0,0,0,0.00495049504950495,0,0,0,0,0.717821782178218,0,0,0,0,0,0.0940594059405941,0,0,0,0,0.00495049504950495,0
"000020.java",0,0,0,0,0,0,0,0,0,0,0,0.0266666666666667,0,0,0,0.0133333333333333,0,0,0,0,0,0,0,0,0.03,0,0.00666666666666667,0.266666666666667,0,0.04,0,0,0,0,0,0,0,0.6,0,0,0,0,0.01,0,0,0,0,0.00333333333333333,0.00333333333333333,0
"000021.java",0,0,0.0108108108108108,0,0,0,0,0.00540540540540541,0,0,0,0,0,0,0,0,0.102702702702703,0,0,0,0,0,0,0,0,0,0,0.156756756756757,0,0,0,0,0,0,0,0,0,0.718918918918919,0,0,0,0,0.00540540540540541,0,0,0,0,0,0,0
"000024.java",0,0,0,0,0,0,0,0,0.000601684717208183,0,0,0.000601684717208183,0.0722021660649819,0,0,0,0,0,0.0192539109506619,0.00180505415162455,0,0,0.000601684717208183,0,0,0.000601684717208183,0,0,0,0,0,0,0,0.74488567990373,0,0,0,0.15884476534296,0,0,0,0,0,0,0.000601684717208183,0,0,0,0,0
"000026.java",0,0,0,0,0,0.00566893424036281,0,0,0,0,0,0,0,0,0,0,0,0,0,0.00113378684807256,0,0,0,0,0.00226757369614512,0,0,0,0,0,0,0.442176870748299,0.00226757369614512,0,0,0,0,0.512471655328798,0,0,0,0,0,0.00113378684807256,0,0.0328798185941043,0,0,0,0
"000027.java",0,0,0,0,0,0,0,0,0,0,0,0,0,0,0,0,0,0,0,0,0,0,0,0,0.944633152173913,0,0,0.000169836956521739,0,0,0.000169836956521739,0,0,0.000509510869565217,0,0.000339673913043478,0,0.0536684782608696,0,0,0,0,0,0.000169836956521739,0,0,0.000169836956521739,0,0,0.000169836956521739
"000031.java",0,0,0,0,0,0,0,0,0.000158252888115208,0,0,0,0,0,0,0,0,0,0.000158252888115208,0,0,0,0,0,0.000474758664345624,0,0,0,0,0,0,0.000158252888115208,0,0,0.000158252888115208,0.952998892229783,0,0.0449438202247191,0,0,0,0,0.000949517328691249,0,0,0,0,0,0,0
"000036.java",0,0,0,0,0.00243161094224924,0,0,0,0.00182370820668693,0,0,0.00851063829787234,0,0,0,0,0.686322188449848,0,0,0,0,0,0,0,0,0,0,0,0,0,0,0,0,0,0,0,0,0.298480243161094,0,0,0,0.00060790273556231,0,0.00060790273556231,0,0.00060790273556231,0,0,0.00060790273556231,0
"000037.java",0,0,0,0,0,0,0,0,0,0,0,0,0,0.00300751879699248,0,0,0.574436090225564,0,0,0.00451127819548872,0,0,0,0,0,0,0,0,0,0.00150375939849624,0,0.00300751879699248,0,0.00150375939849624,0,0,0,0.410526315789474,0,0,0,0,0,0,0,0,0,0.00150375939849624,0,0
"000041.java",0,0,0,0,0,0,0.000563380281690141,0,0,0,0,0,0.00225352112676056,0,0,0,0,0,0,0.000563380281690141,0,0,0,0,0,0,0,0,0,0,0,0,0,0,0,0.000563380281690141,0,0.0929577464788732,0,0,0,0,0,0,0,0,0,0.903098591549296,0,0
"000044.java",0,0,0,0,0.00218340611353712,0,0,0,0.0458515283842795,0,0,0,0.00436681222707424,0.0196506550218341,0,0,0.146288209606987,0,0,0,0,0.00218340611353712,0,0.0349344978165939,0,0.00436681222707424,0,0,0.00218340611353712,0.205240174672489,0,0.126637554585153,0,0,0,0,0,0.294759825327511,0,0,0.00218340611353712,0,0,0.109170305676856,0,0,0,0,0,0
"000045.java",0,0,0,0,0.956493186668856,0,0,0,0,0,0,0.00591035954687243,0,0,0,0,0,0,0,0,0.00049252996223937,0,0,0.00591035954687243,0,0,0,0,0,0,0,0,0,0,0,0,0,0.0305368576588409,0,0,0.00016417665407979,0,0.00032835330815958,0,0,0,0,0,0,0.00016417665407979
"000046.java",0,0,0,0.0038557496030846,0.81968700385575,0,0,0,0,0.00226808800181447,0,0.000226808800181447,0,0.0165570424132456,0,0,0,0,0,0,0.0923111816738489,0,0.000226808800181447,0.00272170560217736,0,0,0,0,0,0,0,0,0,0,0,0,0,0.0621456112497165,0,0,0,0,0,0,0,0,0,0,0,0
"000060.java",0,0,0,0.00615655233069481,0,0.9155672823219,0.000879507475813544,0.000879507475813544,0,0,0.000879507475813544,0,0,0,0,0,0,0,0.000879507475813544,0,0,0,0,0,0,0,0,0,0,0,0,0,0,0,0,0,0,0.0738786279683377,0.000879507475813544,0,0,0,0,0,0,0,0,0,0,0
"000063.java",0,0,0.000523012552301255,0,0,0,0,0,0,0,0,0,0.217573221757322,0,0,0,0,0,0,0,0,0,0,0,0,0,0.00156903765690377,0,0,0.000523012552301255,0,0,0,0,0,0,0,0.33734309623431,0.441945606694561,0.000523012552301255,0,0,0,0,0,0,0,0,0,0
"000068.java",0,0,0,0,0,0.00171821305841924,0,0,0,0,0,0,0,0.338487972508591,0,0.0257731958762887,0,0,0,0.0756013745704467,0,0,0,0,0,0,0,0.0652920962199313,0,0,0,0,0,0.00515463917525773,0,0.00343642611683849,0,0.482817869415808,0,0,0,0,0,0,0,0,0,0,0.00171821305841924,0
"000079.java",0,0,0,0,0.0182926829268293,0.0975609756097561,0.00609756097560976,0.286585365853659,0,0,0,0,0,0,0,0,0,0,0,0,0,0,0,0,0,0,0,0,0,0.0182926829268293,0,0,0,0,0.0670731707317073,0,0,0.353658536585366,0,0,0,0,0,0,0,0,0,0,0.152439024390244,0
"000081.java",0,0,0,0,0,0,0,0,0,0,0.0135746606334842,0.0361990950226244,0,0,0.00452488687782805,0.0226244343891403,0.00452488687782805,0,0.104072398190045,0,0,0,0,0,0,0,0,0.226244343891403,0,0,0,0,0,0,0,0,0,0.588235294117647,0,0,0,0,0,0,0,0,0,0,0,0
"000092.java",0.000354358610914245,0,0,0,0,0,0,0,0,0,0,0,0,0,0,0.718284904323175,0,0,0,0,0,0.000354358610914245,0,0,0,0,0,0,0,0.000354358610914245,0,0,0,0.00212615166548547,0,0,0,0.276399716513111,0,0,0,0,0,0.00212615166548547,0,0,0,0,0,0
"000100.java",0,0.000363570259952736,0,0,0,0,0,0,0.000181785129976368,0,0,0.00254499181966915,0.000181785129976368,0.00599890928922014,0.00327213233957462,0.00272677694964552,0,0,0.0156335211779676,0,0,0.00163606616978731,0.00163606616978731,0,0.000181785129976368,0,0,0,0,0.00145428103981094,0,0,0,0.00090892564988184,0,0,0,0.297218687511362,0,0,0,0.000181785129976368,0.000545355389929104,0,0,0.665333575713507,0,0,0,0
"000108.java",0,0,0,0.00649350649350649,0,0,0,0.0324675324675325,0.0779220779220779,0,0,0,0,0,0.00649350649350649,0.00649350649350649,0.0584415584415584,0,0,0,0,0.00649350649350649,0,0,0,0,0,0,0.00649350649350649,0,0,0.162337662337662,0,0,0,0,0,0.62987012987013,0,0,0,0,0,0,0,0,0,0.00649350649350649,0,0
"000111.java",0,0,0,0,0,0,0,0.0222222222222222,0,0,0.0444444444444444,0,0,0,0,0,0,0,0,0,0,0,0,0,0,0,0,0,0,0.533333333333333,0,0,0,0,0,0,0,0.2,0,0,0,0,0,0,0,0,0,0,0.2,0
"000113.java",0,0,0,0,0,0,0,0,0.00323275862068966,0,0,0,0,0,0,0,0,0,0,0.0021551724137931,0,0.700431034482759,0,0,0,0,0,0,0,0,0,0,0,0,0.00107758620689655,0,0,0.27801724137931,0,0,0,0,0.00107758620689655,0.0129310344827586,0,0,0,0,0,0.00107758620689655
"000117.java",0,0.00238663484486874,0,0,0,0,0,0,0,0.00477326968973747,0,0,0.00238663484486874,0,0,0,0,0,0,0.00715990453460621,0,0,0,0.0620525059665871,0,0,0,0.0214797136038186,0,0,0,0.420047732696897,0.00238663484486874,0.00238663484486874,0,0,0,0.47255369928401,0,0,0,0,0,0.00238663484486874,0,0,0,0,0,0
"000118.java",0,0,0,0,0,0.00383141762452107,0,0,0,0,0.00191570881226054,0,0.21455938697318,0,0,0,0.0229885057471264,0,0,0.00478927203065134,0.000957854406130268,0,0,0,0,0.0028735632183908,0,0,0.422413793103448,0,0,0,0,0,0,0,0,0.323754789272031,0,0.00191570881226054,0,0,0,0,0,0,0,0,0,0
"000126.java",0.00240384615384615,0,0,0,0,0,0,0,0,0,0,0,0,0.000480769230769231,0.000480769230769231,0,0,0.000480769230769231,0,0,0,0,0,0,0,0,0.00192307692307692,0.000480769230769231,0,0.000480769230769231,0.917307692307692,0,0,0,0,0,0,0.0754807692307692,0,0,0.000480769230769231,0,0,0,0,0,0,0,0,0
"000134.java",0,0,0,0,0.0104960059446405,0,0,0.000464425041798254,0.000185770016719302,0,0,9.28850083596508e-05,0.0186698866802898,0,0,0,9.28850083596508e-05,0,0,0.933029908972692,9.28850083596508e-05,0,0,0.00204347018391232,0,0,0,0,9.28850083596508e-05,0,0,0,0,0,0,0,0,0.0346461081181497,0,0,0,9.28850083596508e-05,0,0,0,0,0,0,0,0
"000136.java",0.00115606936416185,0,0,0,0.0092485549132948,0,0,0,0,0,0,0,0,0,0,0,0.538728323699422,0,0,0,0.00578034682080925,0,0,0,0,0,0,0,0,0,0,0,0,0,0,0,0.00115606936416185,0.390751445086705,0,0,0.038150289017341,0,0,0,0,0,0,0.015028901734104,0,0
"000138.java",0,0.0160427807486631,0.0267379679144385,0,0,0,0.0106951871657754,0,0,0.0213903743315508,0.0053475935828877,0,0,0,0,0,0,0,0.0053475935828877,0,0,0.0160427807486631,0,0.0053475935828877,0,0,0,0,0,0.165775401069519,0,0,0,0,0.368983957219251,0,0,0.358288770053476,0,0,0,0,0,0,0,0,0,0,0,0
"000139.java",0,0,0,0,0,0,0,0,0,0,0,0,0.0111940298507463,0,0,0.0154584221748401,0,0.533049040511727,0,0,0,0,0,0,0,0,0.0367803837953092,0,0,0,0.000533049040511727,0,0,0,0,0,0,0.376865671641791,0.00213219616204691,0,0,0,0,0.0239872068230277,0,0,0,0,0,0
"000140.java",0,0,0,0,0,0,0.0332225913621262,0,0,0,0.0199335548172757,0,0,0,0,0,0,0.0332225913621262,0,0.00332225913621262,0,0,0,0,0,0,0,0,0,0.00664451827242525,0,0,0.109634551495017,0,0.215946843853821,0,0,0.421926910299003,0,0,0,0,0,0,0,0.149501661129568,0,0,0.00664451827242525,0
"000141.java",0,0,0,0,0,0.000702740688685875,0,0,0,0,0,0.00140548137737175,0.0498945888966971,0,0,0,0,0,0.0133520730850316,0,0,0,0,0,0,0.00140548137737175,0.60646521433591,0,0,0,0,0,0.000702740688685875,0.00210822206605762,0,0,0,0.320449754040759,0,0,0,0,0,0.000702740688685875,0.00210822206605762,0,0,0.000702740688685875,0,0
"000142.java",0,0,0,0,0,0,0,0,0,0,0,0,0,0,0,0,0,0,0,0,0,0,0.303030303030303,0,0,0.0101010101010101,0,0,0,0.454545454545455,0.0101010101010101,0,0,0,0.0101010101010101,0,0,0.212121212121212,0,0,0,0,0,0,0,0,0,0,0,0
"000143.java",0,0,0.0018796992481203,0.598684210526316,0,0,0,0,0,0,0,0,0,0,0,0,0,0,0,0,0,0,0,0.0056390977443609,0.00093984962406015,0,0,0,0,0.228383458646617,0,0,0,0,0.0657894736842105,0,0,0.0986842105263158,0,0,0,0,0,0,0,0,0,0,0,0
"000144.java",0,0,0,0.0114068441064639,0,0.0228136882129278,0.0114068441064639,0.0190114068441065,0,0,0.00380228136882129,0,0.026615969581749,0.00380228136882129,0,0,0,0,0,0,0,0,0,0,0,0,0,0,0,0.653992395437262,0,0.0798479087452472,0,0,0.0608365019011407,0,0,0.106463878326996,0,0,0,0,0,0,0,0,0,0,0,0
"000145.java",0,0,0,0,0.013953488372093,0,0,0,0,0,0,0,0,0,0,0,0.358139534883721,0,0.00465116279069767,0,0,0.0325581395348837,0,0,0,0,0.013953488372093,0.013953488372093,0,0,0,0,0,0,0,0,0,0.562790697674419,0,0,0,0,0,0,0,0,0,0,0,0
"000146.java",0,0,0,0,0,0,0,0,0,0.97037037037037,0,0,0,0.00246913580246914,0,0,0,0,0,0.00987654320987654,0,0,0,0,0,0.00246913580246914,0,0,0,0.0148148148148148,0,0,0,0,0,0,0,0,0,0,0,0,0,0,0,0,0,0,0,0
"000147.java",0.00282485875706215,0,0,0,0,0.000807102502017756,0.00121065375302663,0,0,0,0.000403551251008878,0.000403551251008878,0.0560936238902341,0,0,0,0.00282485875706215,0,0,0,0,0.000403551251008878,0,0.0185633575464084,0,0.000403551251008878,0.688054882970137,0,0,0,0,0,0,0.000807102502017756,0,0,0.00443906376109766,0.215496368038741,0,0,0,0,0.000403551251008878,0.00645682001614205,0,0,0.000403551251008878,0,0,0
"000148.java",0.00276243093922652,0,0,0,0,0,0,0,0,0.709944751381215,0,0,0,0,0,0,0,0,0,0,0,0,0,0,0,0.00276243093922652,0,0,0,0,0,0,0,0,0,0,0,0.279005524861878,0,0.00552486187845304,0,0,0,0,0,0,0,0,0,0
"000149.java",0.00392156862745098,0,0,0,0,0,0.00392156862745098,0,0,0.992156862745098,0,0,0,0,0,0,0,0,0,0,0,0,0,0,0,0,0,0,0,0,0,0,0,0,0,0,0,0,0,0,0,0,0,0,0,0,0,0,0,0
"000150.java",0,0,0,0,0.0204081632653061,0.204081632653061,0,0,0,0.0408163265306122,0,0,0,0,0,0,0,0,0.0204081632653061,0,0.0204081632653061,0.0408163265306122,0,0,0,0,0,0,0,0.244897959183673,0,0,0,0,0,0,0,0.0408163265306122,0,0,0,0,0,0,0,0.0612244897959184,0,0.0204081632653061,0.285714285714286,0
"000151.java",0,0,0,0,0.00260078023407022,0.0286085825747724,0,0,0,0.947984395318596,0,0,0,0,0,0.00130039011703511,0,0,0.00390117035110533,0,0,0,0,0,0.00130039011703511,0,0,0,0,0.0130039011703511,0,0,0,0,0,0,0,0,0.00130039011703511,0,0,0,0,0,0,0,0,0,0,0
"000152.java",0,0,0,0,0,0,0,0,0,0.972027972027972,0,0,0,0,0,0,0.00233100233100233,0,0,0,0,0,0,0.0233100233100233,0,0,0,0,0,0,0,0,0,0,0,0,0,0,0,0,0.00233100233100233,0,0,0,0,0,0,0,0,0
"000153.java",0,0,0,0,0.00651465798045603,0,0,0,0,0.957654723127036,0,0,0,0,0,0,0.00651465798045603,0,0,0.00651465798045603,0,0,0,0,0,0,0,0,0,0,0,0,0,0,0.0228013029315961,0,0,0,0,0,0,0,0,0,0,0,0,0,0,0
"000154.java",0,0,0,0,0,0,0,0,0,0.98019801980198,0,0,0,0,0,0,0,0,0,0.00742574257425743,0,0,0,0.0123762376237624,0,0,0,0,0,0,0,0,0,0,0,0,0,0,0,0,0,0,0,0,0,0,0,0,0,0
"000155.java",0,0,0,0.0981675392670157,0,0,0,0,0,0.0196335078534031,0,0,0,0,0,0,0,0,0,0,0,0,0,0,0,0,0,0,0,0.205497382198953,0,0,0.551047120418848,0,0.0157068062827225,0,0,0.103403141361257,0,0,0,0.00130890052356021,0,0,0.00523560209424084,0,0,0,0,0
"000156.java",0,0,0,0,0,0,0,0,0,0,0,0.81326860841424,0.0029126213592233,0,0.000970873786407767,0,0,0,0,0,0.00129449838187702,0.000323624595469256,0,0,0,0,0,0,0,0,0,0,0,0.000323624595469256,0,0,0,0.179288025889968,0,0,0.000647249190938511,0.000323624595469256,0.000647249190938511,0,0,0,0,0,0,0
"000157.java",0,0.00173310225303293,0,0,0,0,0.00173310225303293,0,0,0,0,0,0,0.048526863084922,0,0,0.0207972270363951,0,0,0.00173310225303293,0,0,0,0,0,0,0,0.00173310225303293,0,0,0,0.00693240901213172,0.00346620450606586,0,0,0,0.00693240901213172,0.246100519930676,0,0.660311958405546,0,0,0,0,0,0,0,0,0,0
"000161.java",0,0,0,0,0,0,0,0,0.00209497206703911,0.000698324022346369,0,0,0,0,0.648743016759777,0.0328212290502793,0,0,0,0.0111731843575419,0,0,0,0,0,0,0,0,0,0,0,0,0,0,0,0,0,0.253491620111732,0.000698324022346369,0,0,0,0,0,0,0.0502793296089385,0,0,0,0
"000162.java",0,0,0,0,0,0,0,0,0,0,0,0,0,0,0,0,0,0,0,0,0.808457711442786,0,0,0,0,0,0,0.000621890547263682,0,0,0,0.000621890547263682,0,0.000310945273631841,0.0015547263681592,0,0,0.188432835820896,0,0,0,0,0,0,0,0,0,0,0,0
"000176.java",0,0,0,0,0,0.0304093567251462,0,0,0,0,0,0,0,0,0,0,0.00350877192982456,0,0,0,0,0,0,0.0128654970760234,0,0.00233918128654971,0,0,0.00116959064327485,0,0,0,0,0,0,0,0,0.334502923976608,0,0,0,0,0.506432748538012,0.108771929824561,0,0,0,0,0,0
"000179.java",0,0,0,0,0,0,0,0,0,0,0,0,0,0,0,0.000593471810089021,0.00178041543026706,0,0,0,0.000593471810089021,0,0,0.0332344213649852,0,0.678338278931751,0,0.00178041543026706,0,0,0,0,0,0,0,0,0,0.277151335311573,0.00118694362017804,0,0,0,0,0.0029673590504451,0.00237388724035608,0,0,0,0,0
"000180.java",0,0,0,0,0,0.00447427293064877,0,0.0052199850857569,0,0,0,0,0,0,0,0,0,0,0,0,0,0,0,0,0,0,0,0,0,0,0,0.00149142431021626,0,0.00223713646532438,0.879940343027591,0,0,0.104399701715138,0,0,0,0,0,0,0,0,0,0.00223713646532438,0,0
"000182.java",0,0,0,0,0.00596421471172962,0,0.00596421471172962,0,0,0.00596421471172962,0,0.0119284294234592,0,0,0,0,0.0139165009940358,0,0,0,0,0,0,0,0,0,0,0.26441351888668,0.00596421471172962,0.00198807157057654,0,0,0,0,0,0,0,0.590457256461233,0,0,0.00596421471172962,0,0,0,0,0.025844930417495,0,0,0.0616302186878728,0
"000183.java",0,0,0,0,0.0765472312703583,0.00162866449511401,0,0,0,0,0,0.00162866449511401,0,0,0.322475570032573,0,0,0,0,0,0,0,0,0,0.00325732899022801,0,0,0.0358306188925081,0,0,0.00325732899022801,0,0,0,0,0,0.00162866449511401,0.368078175895765,0,0.109120521172638,0,0,0,0,0,0,0,0.0765472312703583,0,0
"000184.java",0,0,0,0,0,0,0.605419136325148,0,0,0,0,0.0012701100762066,0.0397967823878069,0.00254022015241321,0.00889077053344623,0,0,0,0.000423370025402202,0.0224386113463167,0,0,0,0.000423370025402202,0.0622353937341236,0.000846740050804403,0,0,0,0,0,0,0,0,0,0,0,0.255292125317528,0,0.000423370025402202,0,0,0,0,0,0,0,0,0,0
"000185.java",0,0,0,0,0,0.103343465045593,0.0364741641337386,0,0.00151975683890578,0,0,0,0.153495440729483,0,0,0,0,0,0.0106382978723404,0,0,0,0,0,0,0.297872340425532,0,0.0379939209726444,0,0,0,0,0,0,0,0,0,0.308510638297872,0,0.0486322188449848,0,0,0,0,0.00151975683890578,0,0,0,0,0
"000190.java",0.0240549828178694,0,0,0,0,0,0,0,0,0.00171821305841924,0,0,0.115120274914089,0,0,0,0,0.00171821305841924,0.00687285223367698,0.0120274914089347,0,0,0,0,0,0,0,0.128865979381443,0,0,0,0.00343642611683849,0,0,0,0,0,0.45360824742268,0,0,0,0,0,0,0,0,0,0,0,0.252577319587629
"000192.java",0.283665168058232,0.000107043459644616,0.000107043459644616,0.000107043459644616,0,0,0,0,0,0,0,0.000856347677156926,0.00685078141725541,0,0,0,0,0,0.578034682080925,0.00107043459644616,0,0,0,0,0,0,0,0,0.000107043459644616,0,0,0,0,0,0,0,0,0.127595803896382,0,0,0,0,0.000107043459644616,0,0.00107043459644616,0,0,0,0,0.000321130378933847
"000193.java",0,0,0,0.000355555555555556,0,0,0,0,0,0,0,0,0,0,0,0.00106666666666667,0,0,0,0,0,0,0,0.000355555555555556,0,0,0,0,0,0,0,0.000355555555555556,0,0,0,0,0,0.0755555555555556,0,0,0,0.000177777777777778,0,0,0.920355555555556,0.00177777777777778,0,0,0,0
"000194.java",0,0,0,0,0,0,0,0,0,0,0,0,0.0128865979381443,0.274484536082474,0,0,0,0,0,0,0,0.00515463917525773,0,0,0,0,0,0.175257731958763,0,0.0077319587628866,0,0,0,0,0.00128865979381443,0,0,0.520618556701031,0,0,0,0,0,0,0,0.00128865979381443,0,0.00128865979381443,0,0
"000196.java",0,0,0,0,0,0,0,0,0,0,0.00732600732600733,0,0,0,0,0,0,0,0,0,0.010989010989011,0,0,0.0256410256410256,0,0,0,0.402930402930403,0,0.00732600732600733,0,0,0,0,0,0,0,0.465201465201465,0,0,0,0,0.00366300366300366,0,0.0732600732600733,0,0.00366300366300366,0,0,0
"000197.java",0.00460829493087558,0,0,0,0,0,0.032258064516129,0,0,0,0,0,0,0,0,0.00460829493087558,0,0,0,0.248847926267281,0.00921658986175115,0,0,0,0.161290322580645,0,0,0.170506912442396,0,0,0,0,0,0,0,0,0,0.304147465437788,0,0.00460829493087558,0,0,0.0460829493087558,0,0,0,0.00460829493087558,0,0,0.00921658986175115
"000199.java",0,0,0,0,0,0,0.000440917107583774,0,0,0,0,0,0,0,0.000440917107583774,0,0,0,0,0,0,0,0,0.161375661375661,0,0,0,0,0,0,0,0,0,0,0,0,0,0.27336860670194,0,0,0.563492063492063,0.000440917107583774,0.000440917107583774,0,0,0,0,0,0,0
"000201.java",0,0.000171350239890336,0,0,0,0,0,0,0,0,0,0.000514050719671008,0.000514050719671008,0,0,0,0,0.000171350239890336,0,0,0,0,0,0,0,0,0,0,0,0.000171350239890336,0,0.000342700479780672,0,0,0,0,0.000514050719671008,0.0735092529129541,0.000171350239890336,0,0,0,0,0.923920493488691,0,0,0,0,0,0
"000202.java",0,0,0,0,0.00191570881226054,0,0,0,0,0,0,0,0,0,0,0,0,0,0,0,0,0,0,0,0,0,0,0,0,0,0,0,0,0,0,0,0,0.185823754789272,0,0.810344827586207,0,0,0,0,0,0,0,0,0,0.00191570881226054
"000204.java",0,0,0.00539083557951483,0,0,0.00269541778975741,0,0,0,0,0.00269541778975741,0,0,0,0,0,0.0134770889487871,0,0,0,0,0,0,0.0485175202156334,0,0,0,0.188679245283019,0,0,0,0,0,0,0,0,0,0.514824797843666,0,0.0215633423180593,0.202156334231806,0,0,0,0,0,0,0,0,0
"000205.java",0,0,0,0,0,0,0,0,0,0,0,0,0.111721611721612,0,0,0,0,0,0,0,0,0,0,0,0,0,0,0.0695970695970696,0,0.00183150183150183,0,0,0,0,0,0,0,0.54029304029304,0,0.0256410256410256,0,0,0,0,0,0,0,0,0,0.250915750915751
"000212.java",0,0.12375415282392,0.0199335548172757,0,0,0,0,0,0,0,0,0.000830564784053156,0,0.543604651162791,0.00498338870431894,0,0,0,0,0,0,0,0,0,0,0,0,0,0,0,0,0.00166112956810631,0,0,0,0,0,0.304401993355482,0,0,0,0,0,0,0,0,0,0.000830564784053156,0,0
"000215.java",0,0,0,0,0.168141592920354,0,0,0,0,0.00294985250737463,0,0,0,0.00294985250737463,0,0,0,0,0.079646017699115,0.233038348082596,0,0,0,0,0,0,0,0.103244837758112,0,0,0,0,0,0,0.0147492625368732,0,0,0.359882005899705,0,0.0324483775811209,0,0,0,0,0.00294985250737463,0,0,0,0,0
"000216.java",0,0,0,0,0,0,0.0114942528735632,0,0,0,0,0.329501915708812,0,0.0114942528735632,0,0,0,0,0,0,0,0,0,0.0268199233716475,0,0,0,0.222222222222222,0,0,0,0,0,0,0,0,0,0.390804597701149,0,0,0.00383141762452107,0,0.00383141762452107,0,0,0,0,0,0,0
"000218.java",0,0,0,0,0,0.160550458715596,0,0.00917431192660551,0.00917431192660551,0.0917431192660551,0,0,0,0,0.00458715596330275,0,0,0,0,0,0,0,0,0,0,0,0,0.146788990825688,0,0.137614678899083,0,0,0.0642201834862385,0,0,0,0,0.376146788990826,0,0,0,0,0,0,0,0,0,0,0,0
"000241.java",0,0,0,0.29518855656697,0,0,0,0.0221066319895969,0.00130039011703511,0,0,0.00390117035110533,0.0845253576072822,0,0,0.00130039011703511,0,0.00520156046814044,0.283485045513654,0,0.00130039011703511,0,0,0,0,0,0,0.0780234070221066,0,0,0,0,0,0,0,0,0,0.218465539661899,0,0,0,0,0,0.00130039011703511,0,0.00390117035110533,0,0,0,0
"000244.java",0,0,0,0,0,0,0,0.0397727272727273,0,0,0,0,0.0284090909090909,0,0,0,0,0,0,0,0,0,0,0.0227272727272727,0,0,0,0,0,0.0284090909090909,0,0,0,0,0.835227272727273,0,0,0.0340909090909091,0.0113636363636364,0,0,0,0,0,0,0,0,0,0,0
"000247.java",0.00311526479750779,0,0,0,0,0,0.00415368639667705,0.0280373831775701,0.764278296988577,0,0,0.00103842159916926,0,0,0,0,0,0,0,0,0,0,0,0,0,0,0,0,0,0.00623052959501558,0,0,0,0,0,0,0,0.188992731048806,0,0,0,0,0,0,0.00415368639667705,0,0,0,0,0
"000248.java",0,0,0,0,0.00649350649350649,0.012987012987013,0,0.716450216450216,0,0,0,0,0.00432900432900433,0,0,0,0,0,0,0,0,0,0.0779220779220779,0,0.00216450216450216,0,0,0,0,0,0.00216450216450216,0,0,0,0,0,0,0.16017316017316,0,0.00216450216450216,0.0108225108225108,0,0,0,0.00432900432900433,0,0,0,0,0
"000254.java",0,0,0.000410930758167249,0,0,0,0.000205465379083624,0.000205465379083624,0,0,0.510170536264639,0,0.238545305116088,0,0.000410930758167249,0.000205465379083624,0,0,0,0,0,0,0,0.000205465379083624,0,0,0,0,0,0.000616396137250873,0,0,0,0,0,0,0,0.244709266488597,0,0,0,0,0,0.00431477296075611,0,0,0,0,0,0
"000257.java",0.0307328605200946,0,0,0,0,0,0,0,0.00236406619385343,0,0,0,0,0.0354609929078014,0,0,0,0,0,0,0,0,0,0,0.00709219858156028,0,0,0,0,0.468085106382979,0,0.00945626477541371,0,0,0,0,0,0.309692671394799,0,0,0,0,0,0.137115839243499,0,0,0,0,0,0
"000295.java",0,0,0,0,0,0,0,0.737391304347826,0,0,0,0,0.16,0,0,0,0,0,0,0,0,0.00173913043478261,0,0.00173913043478261,0,0.00173913043478261,0,0,0,0,0,0,0,0,0,0,0,0.088695652173913,0,0,0,0,0,0,0,0,0,0,0,0.00869565217391304
"000296.java",0,0,0,0,0,0,0,0.922480620155039,0,0,0,0,0,0,0,0,0,0,0,0,0,0,0,0,0,0,0,0,0,0,0,0,0,0,0,0,0,0.0697674418604651,0,0,0,0,0,0,0,0,0,0,0.00775193798449612,0
"000297.java",0,0,0,0,0,0.00813008130081301,0,0.845528455284553,0,0,0,0,0,0,0,0,0,0,0,0,0,0,0,0,0.016260162601626,0,0,0,0,0,0,0,0,0,0,0,0,0.113821138211382,0,0,0,0,0,0,0.016260162601626,0,0,0,0,0
"000298.java",0,0,0,0,0,0,0,0.742647058823529,0,0,0.00245098039215686,0,0,0,0,0,0,0,0,0,0.00980392156862745,0,0,0.0367647058823529,0,0,0,0.00245098039215686,0,0,0,0,0,0,0,0,0,0.176470588235294,0,0,0,0,0,0.0294117647058824,0,0,0,0,0,0
"000299.java",0,0,0,0,0,0,0.0045662100456621,0.945205479452055,0.0045662100456621,0,0,0,0,0,0,0,0,0,0,0,0,0,0.0045662100456621,0,0,0.0045662100456621,0,0.0182648401826484,0,0.0091324200913242,0,0,0,0,0,0,0,0,0.0045662100456621,0,0,0,0,0,0.0045662100456621,0,0,0,0,0
"000300.java",0,0,0,0,0,0,0.0287769784172662,0.402877697841727,0,0,0,0,0,0,0,0,0,0,0,0.00719424460431655,0,0,0,0,0,0,0,0,0,0.201438848920863,0.00719424460431655,0,0,0,0,0,0,0.352517985611511,0,0,0,0,0,0,0,0,0,0,0,0
"000301.java",0,0.122866894197952,0,0.724687144482366,0,0,0,0,0,0,0,0,0,0,0,0,0,0,0,0.00113765642775882,0.00113765642775882,0,0,0,0,0,0,0,0,0.00113765642775882,0,0,0,0,0,0,0,0.146757679180887,0,0,0.00113765642775882,0,0,0.00113765642775882,0,0,0,0,0,0
"000306.java",0.000303214069132808,0,0.818374772589448,0,0,0,0,0,0,0,0,0,0,0,0,0,0.00272892662219527,0,0,0,0.000303214069132808,0,0,0,0,0,0,0,0,0.000606428138265616,0,0,0,0,0,0,0,0.177380230442693,0,0,0,0,0,0,0,0,0,0,0.000303214069132808,0
"000311.java",0.000987166831194472,0.00131622244159263,0,0,0,0,0.000987166831194472,0,0,0,0,0,0,0,0.000329055610398157,0.0023033892727871,0,0,0,0,0,0,0.847647252385653,0,0,0,0,0,0.000329055610398157,0.00723922342875946,0,0,0,0,0.00888450148075025,0,0,0.127673576834485,0,0.000987166831194472,0.000329055610398157,0,0,0.000658111220796315,0.000329055610398157,0,0,0,0,0
"000332.java",0,0,0,0,0,0,0,0,0,0.000732064421669107,0,0.000732064421669107,0,0,0,0.0183016105417277,0,0,0,0,0,0,0,0,0,0,0,0,0,0,0.00512445095168375,0,0,0,0,0,0,0.780380673499268,0,0,0.17203513909224,0,0,0.020497803806735,0,0.00146412884333821,0.000732064421669107,0,0,0
"000333.java",0,0,0,0,0.00427350427350427,0,0.170940170940171,0,0,0,0,0,0,0,0,0,0,0,0,0,0,0,0,0,0.0256410256410256,0,0,0.128205128205128,0.0170940170940171,0.0170940170940171,0,0,0,0.00427350427350427,0,0,0,0.427350427350427,0,0.196581196581197,0,0.00427350427350427,0,0,0,0.00427350427350427,0,0,0,0
"000336.java",0.00117647058823529,0,0,0,0,0,0,0,0,0,0,0.0435294117647059,0,0.410588235294118,0,0,0.0329411764705882,0,0,0,0,0,0,0,0,0,0.00117647058823529,0,0,0,0,0,0,0,0,0,0,0.471764705882353,0,0,0,0,0,0,0,0.0388235294117647,0,0,0,0
"000339.java",0,0,0,0,0,0.00337837837837838,0,0,0,0,0,0,0.00675675675675676,0,0,0,0,0.00168918918918919,0,0,0,0.00168918918918919,0,0.503378378378378,0,0,0.00337837837837838,0,0,0,0,0,0,0,0,0,0,0.429054054054054,0,0.00337837837837838,0,0,0,0,0.00675675675675676,0.0405405405405405,0,0,0,0
"000347.java",0,0,0,0,0,0,0,0,0,0,0.0176991150442478,0.0132743362831858,0,0,0,0,0.0176991150442478,0,0,0,0,0,0,0,0,0,0.128318584070796,0.128318584070796,0.0132743362831858,0,0,0,0,0,0,0,0,0.663716814159292,0,0.0132743362831858,0,0,0,0,0,0,0,0.00442477876106195,0,0
"000357.java",0,0,0,0,0,0,0,0,0.000916590284142988,0,0,0,0.0824931255728689,0.00183318056828598,0.0073327222731439,0.0137488542621448,0,0,0.0678276810265811,0,0,0,0,0,0.000916590284142988,0,0,0,0,0,0.000916590284142988,0,0,0.158570119156737,0.0100824931255729,0.000916590284142988,0.00549954170485793,0.30980751604033,0,0,0,0,0.332722273143905,0,0.00641613198900092,0,0,0,0,0
"000361.java",0,0,0,0,0.00248756218905473,0,0,0,0,0,0,0,0,0,0,0,0.00248756218905473,0,0.0771144278606965,0,0,0,0,0,0,0,0,0.420398009950249,0,0,0,0,0,0,0,0,0,0.41044776119403,0,0,0,0,0,0,0.0870646766169154,0,0,0,0,0
"000367.java",0,0,0,0,0,0.0301822323462415,0,0.00113895216400911,0,0,0.00341685649202733,0,0.00227790432801822,0,0,0,0,0,0.96127562642369,0,0,0,0,0,0,0.000569476082004556,0,0,0,0,0,0,0,0,0.00113895216400911,0,0,0,0,0,0,0,0,0,0,0,0,0,0,0
"000368.java",0,0.741151832460733,0,0,0,0,0,0,0,0,0,0,0,0.00460732984293194,0,0,0,0,0,0.000209424083769634,0,0.000418848167539267,0,0,0.000209424083769634,0,0,0,0,0,0,0,0,0,0.00209424083769634,0,0,0.24586387434555,0,0,0.00293193717277487,0,0,0,0,0.0025130890052356,0,0,0,0
"000376.java",0,0,0,0,0,0,0,0.0197368421052632,0,0,0,0,0,0,0,0.00657894736842105,0,0,0,0,0,0,0,0,0,0,0,0,0,0.907894736842105,0,0,0,0,0,0,0.0131578947368421,0.0328947368421053,0,0,0,0,0,0.00657894736842105,0.0131578947368421,0,0,0,0,0
"000469.java",0,0,0,0,0,0,0,0,0,0,0,0,0.0323624595469256,0,0,0.00323624595469256,0,0,0,0,0,0,0,0,0,0,0,0,0,0.0453074433656958,0,0.0809061488673139,0,0,0.699029126213592,0,0,0.13915857605178,0,0,0,0,0,0,0,0,0,0,0,0
"000477.java",0,0,0,0,0,0,0,0.111111111111111,0,0,0,0,0,0,0,0,0,0,0,0,0,0,0,0,0,0,0,0,0,0.305555555555556,0,0,0,0,0,0,0,0,0,0,0,0,0,0,0,0,0,0,0.583333333333333,0
"000478.java",0,0.00218818380743982,0,0,0,0,0,0,0,0,0,0,0.0109409190371991,0,0,0.00218818380743982,0,0.00218818380743982,0,0,0,0.00218818380743982,0,0,0,0,0,0,0,0.0284463894967177,0,0,0,0,0.0437636761487965,0.00218818380743982,0,0.350109409190372,0,0,0,0,0,0.00218818380743982,0,0,0,0,0.553610503282276,0
