"V1","V2","V3","V4","V5","V6","V7","V8","V9","V10","V11","V12","V13","V14","V15","V16","V17","V18","V19","V20","V21","V22","V23","V24","V25","V26","V27","V28","V29","V30","V31","V32","V33","V34","V35","V36","V37","V38","V39","V40","V41","V42","V43","V44","V45","V46","V47","V48","V49","V50"
"000001.java",0.0022075055187638,0,0,0.0022075055187638,0,0,0,0,0,0,0,0.0022075055187638,0,0,0,0,0,0,0,0.2560706401766,0,0,0,0,0,0,0,0,0,0,0,0,0,0,0,0,0.011037527593819,0,0,0.011037527593819,0.0022075055187638,0.556291390728477,0,0,0.00441501103752759,0.0883002207505519,0,0.0640176600441501,0,0
"000002.java",0,0,0.00365408038976857,0,0,0,0,0,0,0.0158343483556638,0,0,0,0,0,0.0194884287454324,0,0,0,0.169305724725944,0,0,0,0,0,0.00365408038976857,0,0,0,0,0,0,0,0,0,0.00121802679658952,0,0,0.00121802679658952,0.0048721071863581,0.00365408038976857,0.753958587088916,0,0,0,0,0,0.023142509135201,0,0
"000003.java",0,0,0,0,0,0,0,0.00173210161662818,0,0,0,0,0,0,0,0,0,0,0,0.120092378752887,0,0,0,0,0,0,0.00981524249422633,0,0,0,0,0.00115473441108545,0,0,0,0,0,0,0.00115473441108545,0,0,0.841801385681293,0.00346420323325635,0,0,0.0207852193995381,0,0,0,0
"000004.java",0,0,0,0,0,0,0,0,0,0,0,0,0,0.0860927152317881,0,0,0.033112582781457,0,0,0.586092715231788,0,0,0,0,0,0,0,0,0,0.0033112582781457,0,0,0.278145695364238,0,0,0.00662251655629139,0,0,0,0,0,0,0,0,0,0.0033112582781457,0,0.0033112582781457,0,0
"000005.java",0,0.0484581497797357,0,0,0,0,0,0,0.0748898678414097,0,0,0,0.378854625550661,0,0,0,0,0,0,0.431718061674009,0,0,0,0,0,0,0.00440528634361234,0.00440528634361234,0,0,0,0,0,0,0,0.0176211453744493,0,0,0.039647577092511,0,0,0,0,0,0,0,0,0,0,0
"000006.java",0,0,0,0,0,0,0,0,0,0.121457489878543,0,0,0,0,0.00404858299595142,0,0,0.048582995951417,0.157894736842105,0.578947368421053,0,0,0,0,0,0,0,0.00404858299595142,0,0,0,0,0,0,0.0202429149797571,0.0607287449392713,0,0,0,0,0,0,0,0.00404858299595142,0,0,0,0,0,0
"000019.java",0,0,0,0,0,0,0,0,0,0,0,0,0,0,0,0,0,0.326732673267327,0.00495049504950495,0.594059405940594,0,0,0,0,0,0,0.00495049504950495,0,0,0,0.0544554455445545,0,0,0,0,0,0,0,0.0099009900990099,0,0,0,0,0,0.00495049504950495,0,0,0,0,0
"000020.java",0,0,0,0,0,0.00333333333333333,0,0,0,0,0,0,0,0,0,0.00333333333333333,0,0.19,0,0.566666666666667,0,0,0,0.00666666666666667,0.183333333333333,0,0,0.01,0,0,0,0,0,0,0,0,0,0,0,0,0,0,0,0,0,0.0366666666666667,0,0,0,0
"000021.java",0,0,0.00540540540540541,0.00540540540540541,0,0,0,0,0,0,0,0,0,0,0,0,0,0.216216216216216,0,0.654054054054054,0,0,0,0,0,0,0,0,0,0,0,0.0108108108108108,0,0,0.00540540540540541,0,0,0,0.0756756756756757,0,0,0,0,0,0,0.027027027027027,0,0,0,0
"000024.java",0,0,0,0.00421179302045728,0,0.000601684717208183,0.759326113116727,0,0,0,0,0,0,0,0.00180505415162455,0,0,0.00842358604091456,0,0.211191335740072,0.00120336943441637,0.00120336943441637,0,0,0,0.00120336943441637,0,0,0,0,0,0,0,0,0,0,0,0.000601684717208183,0.000601684717208183,0,0,0.0072202166064982,0,0,0,0.00240673886883273,0,0,0,0
"000026.java",0,0,0,0,0,0,0,0,0,0,0,0,0,0,0,0,0,0.0158730158730159,0.0170068027210884,0.482993197278912,0,0.00113378684807256,0,0,0,0,0,0,0.0306122448979592,0,0.00113378684807256,0.00340136054421769,0.431972789115646,0,0,0,0,0,0,0.0147392290249433,0,0,0,0,0,0,0,0,0.00113378684807256,0
"000027.java",0,0,0,0.966542119565217,0,0,0.000509510869565217,0,0,0,0,0,0,0.000849184782608696,0,0,0,0,0,0.0315896739130435,0,0,0,0,0,0,0,0,0.000169836956521739,0.000169836956521739,0,0,0,0,0,0,0,0,0,0,0,0,0,0,0,0,0,0,0.000169836956521739,0
"000031.java",0,0,0,0,0,0,0,0,0,0,0,0,0,0.952524133565438,0.000158252888115208,0,0,0,0,0.0455768317771799,0,0,0,0,0,0,0,0,0.000158252888115208,0,0,0,0,0,0.00142427599303687,0,0,0,0,0,0,0,0,0.000158252888115208,0,0,0,0,0,0
"000036.java",0,0,0,0,0,0,0,0,0,0,0,0,0,0,0,0.00972644376899696,0.00303951367781155,0,0,0.212158054711246,0,0,0,0,0,0,0,0,0,0,0,0,0,0,0,0,0,0,0.770212765957447,0,0,0.00486322188449848,0,0,0,0,0,0,0,0
"000037.java",0.00150375939849624,0,0,0,0.00451127819548872,0,0,0,0,0,0,0,0,0,0,0,0,0,0,0.356390977443609,0,0,0,0,0,0,0.00150375939849624,0,0,0,0,0.00601503759398496,0.00150375939849624,0,0,0.00150375939849624,0,0,0.627067669172932,0,0,0,0,0,0,0,0,0,0,0
"000041.java",0,0,0,0,0,0,0.00112676056338028,0,0,0,0,0,0,0,0,0,0,0,0,0.150985915492958,0,0,0,0,0,0,0,0,0,0,0,0,0,0,0,0,0,0,0,0,0,0,0,0.846197183098592,0,0,0.00169014084507042,0,0,0
"000044.java",0,0,0,0,0,0,0,0,0.00436681222707424,0,0,0,0,0,0,0,0,0,0.229257641921397,0.379912663755459,0.00218340611353712,0,0,0,0,0,0,0,0,0,0.135371179039301,0.074235807860262,0.0262008733624454,0.00218340611353712,0,0,0,0,0.146288209606987,0,0,0,0,0,0,0,0,0,0,0
"000045.java",0,0,0,0.000656706616319159,0.00032835330815958,0,0,0,0,0,0,0,0,0,0.00016417665407979,0.964702019372845,0,0,0,0.0338203907404367,0,0,0,0,0,0,0,0,0.00016417665407979,0,0,0,0,0,0.00016417665407979,0,0,0,0,0,0,0,0,0,0,0,0,0,0,0
"000046.java",0,0,0.00181447040145158,0,0,0,0,0.000453617600362894,0,0,0,0,0,0,0,0.703107280562486,0,0.0337945112270356,0,0.0698571104558857,0,0,0,0,0,0,0,0,0,0,0,0,0.000680426400544341,0,0.000226808800181447,0,0,0,0,0,0,0,0,0,0,0,0.190065774552053,0,0,0
"000060.java",0,0,0,0,0,0,0,0,0,0,0,0.00263852242744063,0,0,0,0,0,0,0,0.0861917326297273,0.00351802990325418,0,0.00263852242744063,0,0,0,0,0,0,0,0,0,0,0,0,0,0,0,0,0.905013192612137,0,0,0,0,0,0,0,0,0,0
"000063.java",0,0.00104602510460251,0,0,0,0,0.000523012552301255,0.000523012552301255,0,0,0,0,0,0.0146443514644351,0.00313807531380753,0,0.00209205020920502,0.000523012552301255,0,0.247907949790795,0,0,0,0,0,0,0,0,0,0,0,0,0,0.729602510460251,0,0,0,0,0,0,0,0,0,0,0,0,0,0,0,0
"000068.java",0,0,0,0,0,0,0.00343642611683849,0,0,0,0,0,0,0,0,0,0,0.180412371134021,0,0.348797250859107,0,0,0,0.0154639175257732,0,0,0,0.314432989690722,0,0,0.00343642611683849,0.0549828178694158,0,0,0,0,0,0,0.00171821305841924,0,0,0,0,0,0,0.077319587628866,0,0,0,0
"000079.java",0,0.00609756097560976,0,0,0,0,0,0,0.0304878048780488,0,0,0,0,0,0,0,0,0,0,0.560975609756098,0.00609756097560976,0,0,0,0,0,0,0,0,0,0,0,0,0,0,0,0.0121951219512195,0,0,0.140243902439024,0,0.00609756097560976,0,0,0.23780487804878,0,0,0,0,0
"000081.java",0,0.00452488687782805,0,0,0,0,0,0,0.00904977375565611,0,0,0,0,0.0542986425339367,0,0,0,0.104072398190045,0.135746606334842,0.6289592760181,0,0,0,0,0.00452488687782805,0,0,0,0,0.0271493212669683,0.00452488687782805,0,0.00452488687782805,0,0,0.0226244343891403,0,0,0,0,0,0,0,0,0,0,0,0,0,0
"000092.java",0,0,0,0,0,0,0,0,0,0,0,0,0,0,0,0,0,0.0141743444365698,0,0.178242381289865,0.00070871722182849,0,0,0,0,0,0,0,0.00177179305457123,0,0.000354358610914245,0,0.00141743444365698,0,0,0,0,0,0,0,0,0,0,0.000354358610914245,0,0.801913536498937,0,0,0,0.00106307583274274
"000100.java",0,0,0,0.000181785129976368,0,0,0,0.00781676058898382,0,0.000545355389929104,0,0.000727140519905472,0,0,0,0.000181785129976368,0.000363570259952736,0,0,0.277222323213961,0,0,0,0,0,0,0.000181785129976368,0,0.709870932557717,0,0,0.00127249590983458,0,0,0.00163606616978731,0,0,0,0,0,0,0,0,0,0,0,0,0,0,0
"000108.java",0,0,0,0.012987012987013,0,0,0,0,0,0,0,0.00649350649350649,0,0,0.00649350649350649,0,0,0,0.012987012987013,0.694805194805195,0,0,0,0,0.012987012987013,0,0,0,0,0,0.025974025974026,0,0.0909090909090909,0,0,0,0,0.012987012987013,0.0844155844155844,0,0,0,0,0,0.0324675324675325,0,0,0.00649350649350649,0,0
"000111.java",0,0.0444444444444444,0,0,0,0,0,0,0,0,0,0,0.0222222222222222,0,0,0,0,0,0.355555555555556,0.511111111111111,0,0,0,0,0,0,0,0,0,0,0,0,0,0,0,0,0,0.0444444444444444,0,0,0,0,0,0,0,0.0222222222222222,0,0,0,0
"000113.java",0,0,0,0,0,0,0,0.65625,0,0,0,0,0,0,0,0,0,0.0775862068965517,0,0.252155172413793,0,0,0,0,0,0,0,0,0,0,0.00969827586206897,0.00107758620689655,0,0,0.00107758620689655,0,0,0,0,0,0,0.00107758620689655,0,0,0,0,0,0.00107758620689655,0,0
"000117.java",0,0.00238663484486874,0,0,0,0,0,0,0,0,0,0,0,0,0.00238663484486874,0,0.00238663484486874,0.107398568019093,0,0.417661097852029,0,0,0,0,0,0,0,0,0,0,0,0,0.467780429594272,0,0,0,0,0,0,0,0,0,0,0,0,0,0,0,0,0
"000118.java",0,0,0,0,0,0,0.00670498084291188,0,0,0.0507662835249042,0.0028735632183908,0,0,0,0.0296934865900383,0.00191570881226054,0,0.028735632183908,0,0.235632183908046,0,0,0.000957854406130268,0,0,0,0,0,0,0,0.0210727969348659,0,0,0.53448275862069,0,0.000957854406130268,0.00383141762452107,0,0.0814176245210728,0.000957854406130268,0,0,0,0,0,0,0,0,0,0
"000126.java",0,0.000480769230769231,0,0,0,0,0.000480769230769231,0,0,0,0,0,0,0,0,0.000480769230769231,0,0,0,0.0735576923076923,0,0,0,0,0,0,0.000961538461538462,0,0,0,0,0,0,0,0,0,0,0.00144230769230769,0,0,0,0,0.920192307692308,0.00192307692307692,0,0,0,0,0.000480769230769231,0
"000134.java",0,0,0,0,0.00111462010031581,0,0.000650195058517555,0,0,0,0,0,0,0,0.000743080066877206,0.0131896711870704,0,0,0,0.0257291473156233,0,0,0.277726174995356,0,0,0,0,9.28850083596508e-05,0,0,0,0.679825376184284,0.000371540033438603,0.000371540033438603,0,0,0,0,0,0,0,0,0.000185770016719302,0,0,0,0,0,0,0
"000136.java",0,0.00115606936416185,0,0,0.0705202312138728,0,0.00115606936416185,0.00115606936416185,0,0,0,0,0,0,0.00346820809248555,0,0,0.0092485549132948,0,0.234682080924855,0,0,0,0.00115606936416185,0,0,0,0,0,0.00115606936416185,0,0.254335260115607,0,0,0,0,0,0,0.416184971098266,0.00115606936416185,0,0,0,0,0,0.00115606936416185,0.00346820809248555,0,0,0
"000138.java",0.0053475935828877,0.0588235294117647,0.0374331550802139,0,0,0,0,0.0213903743315508,0.294117647058824,0,0,0,0,0,0,0,0,0,0,0.454545454545455,0,0,0,0,0,0,0,0,0,0,0,0,0.0802139037433155,0,0,0,0,0.0427807486631016,0,0.0053475935828877,0,0,0,0,0,0,0,0,0,0
"000139.java",0,0.00213219616204691,0,0,0,0,0,0,0.00852878464818763,0.000533049040511727,0,0,0,0,0,0,0,0,0,0.212153518123667,0.00106609808102345,0,0,0,0,0.508528784648188,0,0,0.0559701492537313,0,0.101279317697228,0,0,0,0,0,0,0,0,0,0,0.00479744136460554,0,0,0,0.10501066098081,0,0,0,0
"000140.java",0,0,0,0,0,0,0,0,0.0996677740863787,0,0,0,0,0,0,0,0,0,0,0.511627906976744,0,0,0.00664451827242525,0,0,0,0,0.00664451827242525,0.109634551495017,0,0,0,0,0,0,0,0.0199335548172757,0.245847176079734,0,0,0,0,0,0,0,0,0,0,0,0
"000141.java",0,0,0,0,0.00351370344342937,0,0,0,0,0.0189739985945186,0,0,0,0,0,0,0,0,0,0.223471539002108,0,0,0.000702740688685875,0,0,0.726633872101195,0,0,0,0.0119465917076599,0,0.00421644413211525,0,0,0.0084328882642305,0,0,0,0,0,0,0,0.00140548137737175,0,0,0.000702740688685875,0,0,0,0
"000142.java",0,0.121212121212121,0.242424242424242,0,0,0,0,0,0,0,0,0,0,0,0,0,0,0,0,0.323232323232323,0,0,0,0,0,0,0.313131313131313,0,0,0,0,0,0,0,0,0,0,0,0,0,0,0,0,0,0,0,0,0,0,0
"000143.java",0.00093984962406015,0,0.684210526315789,0,0.00093984962406015,0,0,0,0.00093984962406015,0,0,0.0075187969924812,0,0,0,0,0,0,0,0.239661654135338,0.0620300751879699,0,0,0,0,0,0,0,0,0,0,0.00093984962406015,0,0,0,0.00093984962406015,0,0,0,0.0018796992481203,0,0,0,0,0,0,0,0,0,0
"000144.java",0,0.315589353612167,0.167300380228137,0,0,0,0,0.00380228136882129,0,0,0,0,0,0,0,0,0,0,0,0.254752851711027,0.0114068441064639,0,0,0,0,0,0,0,0,0,0,0,0.0988593155893536,0,0,0,0,0.0190114068441065,0,0.110266159695817,0,0.00380228136882129,0,0,0.0152091254752852,0,0,0,0,0
"000145.java",0,0,0.00930232558139535,0,0,0,0,0.0465116279069767,0.00465116279069767,0,0,0,0,0,0,0,0.00465116279069767,0,0,0.548837209302326,0,0.00465116279069767,0.00465116279069767,0,0,0,0,0,0,0,0.158139534883721,0,0,0,0,0.00930232558139535,0,0,0.186046511627907,0,0,0,0.0186046511627907,0,0.00465116279069767,0,0,0,0,0
"000146.java",0,0.980246913580247,0,0,0,0.00246913580246914,0,0,0,0,0,0,0,0,0,0,0,0,0,0.0148148148148148,0,0,0,0,0,0,0,0,0,0,0,0,0.00246913580246914,0,0,0,0,0,0,0,0,0,0,0,0,0,0,0,0,0
"000147.java",0,0.00161420500403551,0.000403551251008878,0,0.016545601291364,0,0,0,0.000403551251008878,0.000807102502017756,0,0,0,0,0.0379338175948345,0,0.000807102502017756,0.0221953188054883,0,0.159402744148507,0,0,0,0,0,0.734463276836158,0.00443906376109766,0,0.000403551251008878,0,0,0.0117029862792575,0,0,0,0.00484261501210654,0.00161420500403551,0,0,0,0,0.000403551251008878,0.000403551251008878,0,0.00161420500403551,0,0,0,0,0
"000148.java",0,0.715469613259669,0,0,0,0,0,0,0,0,0,0,0,0,0,0,0,0.0939226519337017,0,0.174033149171271,0,0,0,0,0,0,0,0.00276243093922652,0.00276243093922652,0,0.00276243093922652,0,0,0,0,0,0,0,0,0,0,0,0,0.00828729281767956,0,0,0,0,0,0
"000149.java",0,0.964705882352941,0,0,0,0,0,0,0,0,0,0,0,0,0,0.00392156862745098,0,0,0,0.00392156862745098,0,0,0,0,0,0,0,0,0.00392156862745098,0,0,0,0,0,0,0,0,0.0196078431372549,0,0,0,0,0,0.00392156862745098,0,0,0,0,0,0
"000150.java",0,0.326530612244898,0,0,0,0,0,0,0,0,0,0,0.0204081632653061,0,0,0,0,0,0,0,0,0,0,0,0,0.0816326530612245,0,0,0,0,0,0,0,0,0,0,0.142857142857143,0,0,0.408163265306122,0,0,0.0204081632653061,0,0,0,0,0,0,0
"000151.java",0,0.959687906371912,0,0,0,0,0,0,0,0,0,0,0,0.00130039011703511,0,0,0,0,0,0.00910273081924577,0,0,0,0,0,0,0,0,0,0,0,0,0,0,0,0,0,0,0,0.0299089726918075,0,0,0,0,0,0,0,0,0,0
"000152.java",0,0.995337995337995,0,0,0,0,0,0,0,0,0,0,0,0,0,0,0,0,0,0.00466200466200466,0,0,0,0,0,0,0,0,0,0,0,0,0,0,0,0,0,0,0,0,0,0,0,0,0,0,0,0,0,0
"000153.java",0,0.95114006514658,0.00325732899022801,0,0,0,0,0,0.00325732899022801,0,0,0,0,0,0,0,0,0,0,0,0,0,0,0,0.00325732899022801,0,0,0,0,0,0,0,0.00325732899022801,0,0,0,0,0,0.00325732899022801,0,0.0293159609120521,0.00325732899022801,0,0,0,0,0,0,0,0
"000154.java",0,0.99009900990099,0,0,0,0,0,0,0,0,0.00742574257425743,0,0,0,0,0,0,0,0,0,0,0,0,0,0,0,0,0,0,0,0,0,0,0,0,0,0,0,0,0,0,0,0,0,0,0,0,0,0.00247524752475248,0
"000155.java",0,0,0.827225130890052,0,0,0,0,0,0.00130890052356021,0,0,0,0,0,0,0,0,0,0,0.159685863874346,0.00523560209424084,0,0,0,0,0,0.00261780104712042,0,0,0,0,0,0,0,0,0.00261780104712042,0,0,0,0.00130890052356021,0,0,0,0,0,0,0,0,0,0
"000156.java",0,0,0,0,0,0,0,0,0,0,0,0,0,0,0.000970873786407767,0,0.00355987055016181,0,0,0.119093851132686,0,0,0,0,0,0,0,0,0,0,0,0,0,0,0,0.875080906148867,0,0,0,0,0,0,0,0,0.00129449838187702,0,0,0,0,0
"000157.java",0.00173310225303293,0,0,0,0.0953206239168111,0,0,0,0.0710571923743501,0,0.00693240901213172,0,0,0,0,0,0.391681109185442,0,0,0.292894280762565,0.00346620450606586,0,0,0,0,0,0,0.0658578856152513,0.00346620450606586,0,0.00173310225303293,0.00346620450606586,0,0,0,0.0433275563258232,0,0,0,0,0,0,0,0,0,0,0,0,0.0190641247833622,0
"000161.java",0,0,0,0.000698324022346369,0.000698324022346369,0,0.00139664804469274,0,0,0,0,0,0,0,0.000698324022346369,0,0,0,0,0.267458100558659,0,0,0.000698324022346369,0.000698324022346369,0,0,0,0,0,0,0,0,0,0,0,0,0,0,0,0,0,0,0,0,0,0.0314245810055866,0,0.693435754189944,0.00279329608938547,0
"000162.java",0.000310945273631841,0,0,0,0,0,0,0,0,0,0.777363184079602,0.000310945273631841,0,0,0,0.00248756218905473,0,0,0,0.215485074626866,0,0,0.00217661691542289,0,0,0,0,0.000310945273631841,0,0,0,0.000932835820895522,0.000310945273631841,0,0,0.000310945273631841,0,0,0,0,0,0,0,0,0,0,0,0,0,0
"000176.java",0,0,0,0,0.00350877192982456,0.00116959064327485,0,0,0,0,0,0.00116959064327485,0,0,0,0,0,0.0982456140350877,0,0.319298245614035,0,0,0,0,0,0,0,0,0,0,0.00233918128654971,0.0514619883040936,0,0.00233918128654971,0,0,0,0,0,0.00116959064327485,0,0.00116959064327485,0,0,0,0,0,0,0,0.51812865497076
"000179.java",0,0,0,0,0,0,0,0,0,0.773887240356083,0,0,0,0,0,0,0,0,0,0.219584569732938,0,0,0,0,0,0,0,0,0,0,0,0,0,0,0,0,0,0,0.00178041543026706,0,0,0,0.00474777448071217,0,0,0,0,0,0,0
"000180.java",0,0,0.00298284862043251,0,0,0,0,0,0.832214765100671,0,0,0,0,0,0,0,0,0,0,0.159582401193139,0,0,0.00223713646532438,0.000745712155108128,0,0,0,0,0.000745712155108128,0,0,0,0,0,0,0,0,0,0,0.00149142431021626,0,0,0,0,0,0,0,0,0,0
"000182.java",0,0,0,0.00198807157057654,0,0,0,0,0,0,0,0,0,0,0,0,0.0377733598409543,0.117296222664016,0,0.564612326043738,0,0,0,0.00198807157057654,0,0,0,0,0.0397614314115308,0,0,0,0.00198807157057654,0,0,0.00795228628230616,0.00198807157057654,0,0,0,0.208747514910537,0,0,0.00397614314115308,0,0,0,0.0099403578528827,0,0.00198807157057654
"000183.java",0,0,0,0,0,0,0,0,0,0,0,0,0,0,0,0,0.0830618892508143,0.117263843648208,0,0.37785016286645,0,0,0,0,0,0,0,0,0,0,0,0,0,0,0,0,0,0,0,0,0,0,0,0,0.00325732899022801,0,0,0.4185667752443,0,0
"000184.java",0,0,0,0.0715495342929721,0,0,0,0,0,0,0,0,0,0,0,0,0.608382726502964,0.0313293818797629,0,0.196020321761219,0,0,0,0,0,0,0,0.00508044030482642,0,0.00211685012701101,0,0.0850973751058425,0,0,0,0,0,0,0,0,0,0,0,0,0,0,0,0.000423370025402202,0,0
"000185.java",0,0,0,0.00303951367781155,0,0,0,0,0,0.272036474164134,0,0,0,0,0.272036474164134,0,0.0790273556231003,0.0455927051671733,0,0.305471124620061,0,0,0,0.00151975683890578,0,0.00151975683890578,0,0,0,0,0.00151975683890578,0,0,0,0,0,0,0,0.00151975683890578,0.0167173252279635,0,0,0,0,0,0,0,0,0,0
"000190.java",0,0,0,0,0.00515463917525773,0.405498281786942,0,0,0,0,0,0,0,0,0,0,0,0.123711340206186,0,0.458762886597938,0,0.00171821305841924,0,0,0,0,0,0,0,0,0,0,0,0,0,0.00171821305841924,0,0,0,0,0,0,0,0,0.00171821305841924,0,0.00171821305841924,0,0,0
"000192.java",0,0,0,0,0,0,0.000107043459644616,0,0.000428173838578463,0.000107043459644616,0.000107043459644616,0,0,0,0,0,0,0.176086491115393,0,0.0861699850139157,0,0,0,0,0,0.000214086919289231,0,0,0,0.736673089274245,0,0,0,0,0,0,0,0,0,0,0,0.000107043459644616,0,0,0,0,0,0,0,0
"000193.java",0,0,0,0.000177777777777778,0.000355555555555556,0,0.000533333333333333,0,0,0,0,0,0,0.000533333333333333,0,0,0,0,0,0.0659555555555556,0,0.927822222222222,0,0,0,0,0,0,0.00426666666666667,0,0,0,0,0.000355555555555556,0,0,0,0,0,0,0,0,0,0,0,0,0,0,0,0
"000194.java",0,0,0,0,0,0,0.00128865979381443,0,0,0,0,0,0,0,0.00128865979381443,0,0,0.149484536082474,0,0.536082474226804,0,0,0,0,0.259020618556701,0,0,0.0515463917525773,0,0,0,0,0,0,0,0,0,0,0,0,0,0,0,0,0,0.00128865979381443,0,0,0,0
"000196.java",0,0,0,0,0.124542124542125,0,0.00366300366300366,0,0,0,0.0549450549450549,0,0,0,0.00732600732600733,0,0,0.153846153846154,0,0.564102564102564,0,0,0,0,0,0,0,0,0,0,0.0732600732600733,0.010989010989011,0,0,0,0,0,0,0,0,0,0,0,0,0,0,0,0.00732600732600733,0,0
"000197.java",0,0.00460829493087558,0,0,0,0,0,0,0,0,0,0,0,0,0,0,0.00921658986175115,0.147465437788018,0,0.313364055299539,0,0.0414746543778802,0,0,0,0,0,0,0,0,0,0.23963133640553,0,0.00460829493087558,0.115207373271889,0,0,0,0,0.00460829493087558,0,0,0.00460829493087558,0,0,0.0138248847926267,0.0967741935483871,0.00460829493087558,0,0
"000199.java",0,0,0,0,0.800705467372134,0,0,0,0.000440917107583774,0,0,0,0,0,0,0,0,0.000440917107583774,0,0.186507936507937,0,0,0,0,0,0,0,0,0,0,0,0.0105820105820106,0,0,0,0,0,0,0.000440917107583774,0,0,0,0,0,0,0,0,0,0.000440917107583774,0.000440917107583774
"000201.java",0,0,0,0,0,0.000171350239890336,0,0,0,0,0,0,0,0,0,0,0,0.0185058259081563,0,0.0594585332419465,0,0.000171350239890336,0,0,0,0,0.000171350239890336,0.000171350239890336,0,0,0.920493488690884,0,0,0,0,0,0,0,0,0,0,0,0,0,0,0.000342700479780672,0,0.000171350239890336,0.000342700479780672,0
"000202.java",0,0.00191570881226054,0,0,0,0,0,0,0.024904214559387,0,0,0,0,0,0,0,0.291187739463602,0,0,0.342911877394636,0,0,0,0,0,0.00383141762452107,0,0,0,0,0,0,0,0,0,0,0,0,0,0,0,0,0,0,0,0,0,0,0.335249042145594,0
"000204.java",0,0,0,0,0.129380053908356,0,0.00808625336927224,0,0,0,0,0,0,0,0,0.0350404312668464,0,0.169811320754717,0,0.342318059299191,0,0,0.00269541778975741,0.245283018867925,0,0,0,0,0,0,0,0.0134770889487871,0,0,0,0,0.0161725067385445,0,0.00269541778975741,0.0161725067385445,0,0.00269541778975741,0,0.00808625336927224,0,0,0,0,0.00808625336927224,0
"000205.java",0,0.00183150183150183,0,0,0,0.373626373626374,0,0,0,0.0347985347985348,0,0,0,0,0.00732600732600733,0.00183150183150183,0,0.0769230769230769,0,0.498168498168498,0,0,0.00183150183150183,0,0,0,0,0,0,0,0,0,0,0,0,0,0,0.00366300366300366,0,0,0,0,0,0,0,0,0,0,0,0
"000212.java",0.0249169435215947,0,0,0,0,0,0,0.000415282392026578,0,0,0.00913621262458472,0.103820598006645,0,0,0,0,0,0,0,0.244601328903654,0,0,0,0,0,0,0,0.615863787375415,0,0,0.000415282392026578,0.000830564784053156,0,0,0,0,0,0,0,0,0,0,0,0,0,0,0,0,0,0
"000215.java",0,0,0.00294985250737463,0.00294985250737463,0,0,0,0,0.0294985250737463,0,0.00294985250737463,0,0,0,0,0.141592920353982,0.0206489675516224,0.0147492625368732,0,0.306784660766962,0,0,0,0,0,0,0,0,0,0.0884955752212389,0,0.383480825958702,0,0,0,0,0.00294985250737463,0,0,0,0,0,0.00294985250737463,0,0,0,0,0,0,0
"000216.java",0,0,0,0,0,0,0,0,0,0,0,0,0,0,0,0,0,0.187739463601533,0,0.371647509578544,0,0,0,0.0727969348659004,0,0.0421455938697318,0,0.00766283524904215,0,0,0,0.160919540229885,0,0,0,0.157088122605364,0,0,0,0,0,0,0,0,0,0,0,0,0,0
"000218.java",0,0.119266055045872,0,0,0,0,0.00458715596330275,0,0,0,0,0.00917431192660551,0,0,0,0,0,0.0321100917431193,0,0.518348623853211,0.0321100917431193,0,0,0,0.142201834862385,0,0,0,0.00917431192660551,0,0,0.00458715596330275,0,0,0,0.00458715596330275,0,0,0,0.0779816513761468,0,0,0,0,0.0412844036697248,0,0,0.00458715596330275,0,0
"000241.java",0,0,0,0,0.00130039011703511,0,0,0,0,0,0,0,0,0,0.118335500650195,0.00390117035110533,0,0.179453836150845,0,0.230169050715215,0.28998699609883,0,0.00130039011703511,0,0.00130039011703511,0.00650195058517555,0,0,0,0.158647594278283,0,0,0,0,0,0,0,0,0,0.00520156046814044,0,0,0,0,0,0.00390117035110533,0,0,0,0
"000244.java",0,0,0,0,0.00568181818181818,0,0,0,0.0795454545454545,0.0113636363636364,0,0,0,0,0,0,0,0,0,0.170454545454545,0,0,0,0,0.00568181818181818,0,0,0,0.00568181818181818,0,0,0,0,0,0,0,0,0.625,0,0.0852272727272727,0,0,0.00568181818181818,0,0.00568181818181818,0,0,0,0,0
"000247.java",0,0.00207684319833853,0,0,0,0,0,0,0,0,0,0.00207684319833853,0,0,0,0,0,0.00207684319833853,0.00207684319833853,0.205607476635514,0,0,0,0.00207684319833853,0,0,0,0,0,0,0,0,0,0,0,0,0,0.00415368639667705,0,0,0.00103842159916926,0,0.00103842159916926,0,0.776739356178609,0.00103842159916926,0,0,0,0
"000248.java",0,0,0,0,0.0151515151515152,0,0,0,0.00432900432900433,0,0,0,0,0,0,0.0108225108225108,0,0,0,0.398268398268398,0.00649350649350649,0.00432900432900433,0,0,0.00865800865800866,0,0.0779220779220779,0,0,0,0,0,0,0.00432900432900433,0,0,0,0,0,0,0,0,0,0,0.467532467532468,0,0.00216450216450216,0,0,0
"000254.java",0,0,0,0,0,0,0,0,0,0,0,0,0,0.000205465379083624,0.63324429833573,0,0,0.153893568933635,0,0.208752825148962,0,0,0.000410930758167249,0,0,0,0,0,0,0,0,0.00184918841175262,0.000821861516334498,0,0,0,0.000410930758167249,0,0,0,0,0,0,0.000410930758167249,0,0,0,0,0,0
"000257.java",0,0,0,0,0,0,0,0,0,0,0,0,0,0,0,0,0,0.0898345153664303,0.356973995271868,0.51063829787234,0,0,0.00709219858156028,0,0,0.00472813238770686,0,0,0.00236406619385343,0,0,0.0260047281323877,0,0,0,0,0,0,0,0,0,0,0,0.00236406619385343,0,0,0,0,0,0
"000295.java",0,0,0,0,0,0,0,0,0,0.00521739130434783,0,0,0.00521739130434783,0,0.12,0.0104347826086957,0,0,0,0.184347826086957,0.00173913043478261,0,0,0,0,0.00173913043478261,0,0,0,0.0104347826086957,0,0.0278260869565217,0,0,0.00173913043478261,0,0,0,0,0,0,0,0,0,0.631304347826087,0,0,0,0,0
"000296.java",0,0,0,0,0,0,0,0,0,0,0,0,0,0,0,0,0,0,0,0.302325581395349,0,0,0,0,0,0,0,0,0,0,0,0.00775193798449612,0,0,0,0,0,0,0,0.00775193798449612,0,0,0,0,0.682170542635659,0,0,0,0,0
"000297.java",0,0,0,0,0,0,0,0,0,0,0,0,0,0,0,0,0,0,0,0.317073170731707,0,0,0,0,0.00813008130081301,0,0,0.00813008130081301,0,0,0,0,0.00813008130081301,0,0,0,0,0,0,0,0,0,0,0,0.658536585365854,0,0,0,0,0
"000298.java",0,0,0,0.00245098039215686,0,0,0,0,0,0,0,0,0,0,0,0,0,0.00245098039215686,0,0.316176470588235,0,0,0,0.00245098039215686,0,0,0,0,0,0,0.00490196078431373,0,0,0,0,0,0,0,0.0980392156862745,0,0,0,0.00490196078431373,0.00490196078431373,0.561274509803922,0,0,0,0,0.00245098039215686
"000299.java",0,0,0,0,0,0,0,0,0,0,0,0,0,0,0,0,0,0,0.0045662100456621,0.237442922374429,0,0,0,0,0,0,0,0,0.0045662100456621,0,0,0,0,0,0,0,0,0,0,0,0,0,0,0,0.744292237442922,0,0,0,0,0.0091324200913242
"000300.java",0.0215827338129496,0,0,0,0,0,0,0,0,0,0,0,0.136690647482014,0,0,0,0,0,0,0.654676258992806,0,0.0503597122302158,0,0.00719424460431655,0,0,0,0,0.0143884892086331,0,0,0,0,0,0,0,0,0,0,0,0,0,0,0,0.115107913669065,0,0,0,0,0
"000301.java",0,0.00113765642775882,0,0,0,0,0,0,0,0,0,0.0295790671217292,0,0,0,0,0,0,0,0.225255972696246,0.74061433447099,0,0,0,0,0,0,0,0,0,0,0,0,0,0,0,0,0,0,0,0,0,0.00341296928327645,0,0,0,0,0,0,0
"000306.java",0.857186173438447,0,0,0,0,0,0,0,0,0,0,0.000303214069132808,0,0,0,0,0,0,0,0.141600970285021,0,0,0,0,0,0,0,0.000303214069132808,0,0,0,0,0,0,0,0,0.000303214069132808,0,0,0,0,0.000303214069132808,0,0,0,0,0,0,0,0
"000311.java",0,0.0128331688055281,0.00296150049358342,0,0,0,0.000658111220796315,0,0.0108588351431392,0,0,0,0,0,0,0,0,0.00329055610398157,0,0.161566304705495,0,0,0.000329055610398157,0,0,0,0.805857189865087,0,0,0,0,0,0,0,0,0,0,0,0,0,0,0,0,0,0,0,0,0.00164527805199079,0,0
"000332.java",0,0,0,0,0,0,0,0,0,0,0,0,0,0,0,0,0,0.00439238653001464,0,0.390922401171303,0,0,0,0.595168374816984,0,0,0,0,0,0,0,0,0,0,0,0,0,0,0,0,0,0,0,0,0,0.00951683748169839,0,0,0,0
"000333.java",0,0,0,0.00427350427350427,0,0,0,0,0,0,0,0,0,0,0,0,0.363247863247863,0.0769230769230769,0,0.525641025641026,0,0.00427350427350427,0.00427350427350427,0,0,0,0,0,0,0,0,0,0,0,0,0,0,0,0,0.00854700854700855,0,0.0128205128205128,0,0,0,0,0,0,0,0
"000336.java",0,0,0,0.00235294117647059,0,0,0,0,0,0,0,0.00117647058823529,0.00117647058823529,0,0,0,0,0.0741176470588235,0,0.365882352941176,0,0,0,0,0,0,0,0.416470588235294,0.0494117647058823,0,0.00470588235294118,0.00705882352941176,0,0,0,0.0529411764705882,0,0,0.02,0,0,0,0,0.00352941176470588,0.00117647058823529,0,0,0,0,0
"000339.java",0,0,0,0,0,0,0,0,0,0.0135135135135135,0,0,0,0,0,0,0,0,0,0.466216216216216,0,0,0,0,0,0,0,0,0.0709459459459459,0,0,0,0,0,0,0,0,0,0,0,0,0,0,0,0,0,0,0,0.449324324324324,0
"000347.java",0,0,0,0,0,0,0,0,0,0,0,0,0,0.00442477876106195,0,0,0,0.309734513274336,0,0.535398230088496,0,0,0.00884955752212389,0,0,0.106194690265487,0,0,0.00442477876106195,0,0,0.0132743362831858,0,0,0,0,0.00884955752212389,0,0.00442477876106195,0,0,0,0,0.00442477876106195,0,0,0,0,0,0
"000357.java",0,0.00183318056828598,0,0.000916590284142988,0,0,0,0,0,0,0,0,0,0,0,0,0,0,0.000916590284142988,0.372135655362053,0.000916590284142988,0.00183318056828598,0,0.000916590284142988,0,0,0,0,0,0.0430797433547204,0,0,0,0,0.571035747021082,0,0,0,0,0,0,0,0,0.00366636113657195,0,0.00274977085242896,0,0,0,0
"000361.java",0,0,0,0,0,0,0,0,0,0,0,0,0,0,0,0.00248756218905473,0,0.310945273631841,0,0.380597014925373,0,0.0995024875621891,0,0,0,0,0,0,0,0.054726368159204,0,0,0,0,0,0,0,0,0.00497512437810945,0,0,0.00248756218905473,0,0,0,0,0.141791044776119,0,0,0.00248756218905473
"000367.java",0,0,0.000569476082004556,0,0,0,0,0,0,0.0284738041002278,0,0,0,0,0.00170842824601367,0.000569476082004556,0,0.170842824601367,0,0.0814350797266515,0,0,0,0,0,0,0,0,0,0.489179954441913,0.00113895216400911,0,0,0,0,0,0,0,0,0.225512528473804,0,0,0,0,0,0,0,0,0,0.000569476082004556
"000368.java",0,0,0,0,0.00481675392670157,0,0.0006282722513089,0,0,0,0.000418848167539267,0.763350785340314,0,0,0,0.000837696335078534,0.0006282722513089,0,0,0.206910994764398,0,0,0,0,0,0,0,0.0182198952879581,0,0,0,0.000209424083769634,0,0,0,0,0,0.00230366492146597,0,0,0,0,0,0,0.000837696335078534,0.000837696335078534,0,0,0,0
"000376.java",0,0.717105263157895,0.00657894736842105,0,0,0,0,0,0,0,0,0,0,0,0,0,0,0,0.144736842105263,0.0789473684210526,0,0,0,0,0,0,0,0,0,0,0,0,0.00657894736842105,0,0,0,0,0.0263157894736842,0,0.00657894736842105,0,0,0,0,0.00657894736842105,0,0,0,0,0.00657894736842105
"000469.java",0,0,0,0,0,0,0,0,0.106796116504854,0,0,0,0,0,0,0,0,0,0,0.216828478964401,0,0,0,0,0,0,0,0,0,0,0,0,0.0647249190938511,0,0,0,0,0.608414239482201,0,0,0,0,0,0,0,0,0,0,0.00323624595469256,0
"000477.java",0,0.194444444444444,0,0,0,0,0,0,0,0,0,0,0,0,0,0,0,0,0,0.0555555555555556,0,0,0,0,0,0,0,0,0,0.0277777777777778,0,0,0,0,0,0,0.722222222222222,0,0,0,0,0,0,0,0,0,0,0,0,0
"000478.java",0,0.00218818380743982,0.0262582056892779,0.00218818380743982,0,0,0,0,0.050328227571116,0,0.00656455142231947,0,0.00218818380743982,0,0,0,0,0,0,0.391684901531729,0,0,0,0,0,0,0,0,0,0,0,0.0218818380743982,0,0,0,0,0.477024070021882,0,0,0,0,0,0,0,0.0196936542669584,0,0,0,0,0
