"V1","V2","V3","V4","V5","V6","V7","V8","V9","V10","V11","V12","V13","V14","V15","V16","V17","V18","V19","V20","V21","V22","V23","V24","V25","V26","V27","V28","V29","V30","V31","V32","V33","V34","V35","V36","V37","V38","V39","V40","V41","V42","V43","V44","V45","V46","V47","V48","V49","V50"
"000001.java",0,0.0835164835164835,0.0021978021978022,0,0,0,0,0,0,0,0,0,0,0,0.0021978021978022,0,0,0,0,0,0,0.00659340659340659,0,0,0,0.325274725274725,0,0,0.0021978021978022,0,0.125274725274725,0,0,0,0.0021978021978022,0,0.0021978021978022,0,0.446153846153846,0,0,0.0021978021978022,0,0,0,0,0,0,0,0
"000002.java",0,0,0.0551470588235294,0.0355392156862745,0,0,0,0,0,0,0,0,0,0,0,0.00612745098039216,0,0,0,0,0,0,0,0,0.00122549019607843,0.0759803921568627,0,0,0,0,0.819852941176471,0.00245098039215686,0,0,0,0,0,0,0,0,0,0.00245098039215686,0,0,0.00122549019607843,0,0,0,0,0
"000003.java",0,0.0146809712027103,0,0,0,0,0,0,0,0,0,0,0,0,0,0,0,0.000564652738565782,0,0,0,0,0,0,0,0.0959909655561829,0,0,0,0,0.184641445511011,0,0,0,0,0,0,0,0.691134952004517,0.00225861095426313,0,0.0107284020327499,0,0,0,0,0,0,0,0
"000010.java",0.00111358574610245,0,0.134743875278396,0.0289532293986637,0,0,0,0,0,0,0,0,0,0,0,0,0,0,0,0,0,0,0,0,0,0.369710467706013,0,0,0,0,0.00111358574610245,0,0,0,0,0,0.0022271714922049,0.00111358574610245,0,0,0,0,0,0,0,0,0.461024498886414,0,0,0
"000020.java",0,0,0,0.000644433703882713,0,0,0,0,0,0,0,0,0,0,0,0,0,0,0,0,0,0,0,0,0,0.0296439503786048,0,0.0501047204768809,0.000161108425970678,0,0,0,0,0,0,0,0,0,0,0.917512485903013,0,0.000322216851941357,0,0.00161108425970678,0,0,0,0,0,0
"000021.java",0,0,0.00022691173133651,0,0,0,0,0,0,0,0,0,0,0,0,0.00068073519400953,0,0,0,0.00022691173133651,0,0,0,0.00022691173133651,0,0.0390288177898797,0,0,0,0,0.00022691173133651,0,0.238938053097345,0,0,0,0,0,0,0.719310188336737,0,0,0,0.00113455865668255,0,0,0,0,0,0
"000025.java",0,0,0,0,0,0,0,0,0,0,0,0,0,0,0,0,0,0.000879507475813544,0,0,0,0,0,0.000879507475813544,0.000879507475813544,0.11169744942832,0,0,0,0,0,0,0.000879507475813544,0,0,0,0,0,0,0,0,0,0,0,0,0,0,0.884784520668426,0,0
"000033.java",0,0,0,0,0,0,0,0,0,0,0,0,0.00588235294117647,0,0,0.205882352941176,0,0,0,0,0,0,0,0.0941176470588235,0,0.535294117647059,0,0,0,0,0,0,0,0,0,0,0,0,0,0,0,0,0,0,0,0,0.0117647058823529,0.147058823529412,0,0
"000034.java",0.00272479564032698,0,0,0.542234332425068,0,0,0,0,0,0,0,0.00272479564032698,0.00272479564032698,0,0,0,0,0.00272479564032698,0,0,0.00272479564032698,0,0,0,0,0.204359673024523,0.237057220708447,0,0,0,0,0,0,0.00272479564032698,0,0,0,0,0,0,0,0,0,0,0,0,0,0,0,0
"000040.java",0,0.934449093444909,0,0.0324267782426778,0,0,0,0.000348675034867503,0,0.000348675034867503,0,0,0,0,0,0,0,0,0,0,0,0,0,0.000697350069735007,0,0.0299860529986053,0,0.000348675034867503,0,0.000348675034867503,0,0,0,0,0,0,0.000697350069735007,0,0,0,0,0,0,0,0,0,0,0.000348675034867503,0,0
"000054.java",0,0.00245098039215686,0,0.325980392156863,0,0,0,0,0,0,0,0,0.00245098039215686,0,0,0,0,0,0,0.00490196078431373,0,0,0.00245098039215686,0,0.607843137254902,0.0416666666666667,0,0,0,0,0,0,0,0,0,0,0,0,0,0,0,0.0122549019607843,0,0,0,0,0,0,0,0
"000055.java",0.0606060606060606,0,0,0.0101010101010101,0.0101010101010101,0,0,0,0,0,0,0,0,0,0,0,0,0,0,0,0,0,0,0,0,0.343434343434343,0,0,0,0,0,0,0,0,0,0,0,0,0,0,0,0.252525252525253,0,0,0,0,0,0,0,0.323232323232323
"000056.java",0,0,0,0,0,0,0,0,0,0,0,0,0,0.251366120218579,0,0,0,0,0,0,0,0,0,0,0,0,0,0,0,0,0,0,0,0,0,0,0,0,0,0,0,0,0,0.00273224043715847,0,0,0,0,0,0.745901639344262
"000057.java",0,0,0.0032258064516129,0.235483870967742,0,0,0,0,0,0,0,0,0,0,0,0,0,0,0,0,0,0,0,0,0,0.0645161290322581,0,0,0,0,0,0.0032258064516129,0,0,0.0032258064516129,0,0,0,0,0,0,0,0.00967741935483871,0,0,0,0,0,0,0.680645161290323
"000058.java",0,0,0,0,0,0,0,0,0,0,0,0,0,0,0,0,0,0,0,0,0,0,0,0.00452488687782805,0,0.00452488687782805,0,0,0,0.0769230769230769,0,0,0,0,0,0,0,0,0.00452488687782805,0,0,0,0,0,0,0,0.00452488687782805,0.00904977375565611,0,0.895927601809955
"000059.java",0,0,0,0,0,0,0,0,0,0,0,0,0,0,0,0,0,0,0,0,0,0.025,0,0.05,0,0,0,0,0,0.25,0,0,0,0,0,0,0,0,0,0,0,0,0,0,0,0,0,0,0,0.675
"000060.java",0.012987012987013,0,0,0,0.545454545454545,0,0,0,0,0,0,0,0.012987012987013,0,0,0,0,0,0,0,0,0,0,0,0,0,0,0,0,0,0,0,0,0,0,0,0,0,0,0,0,0,0,0,0,0,0,0,0,0.428571428571429
"000061.java",0,0,0,0.00213447171824973,0,0.00106723585912487,0,0,0,0,0,0.00213447171824973,0.00213447171824973,0,0,0,0,0.311632870864461,0,0,0,0,0.00106723585912487,0,0,0,0,0,0,0,0,0.0565635005336179,0,0,0,0,0,0,0,0,0,0.00213447171824973,0,0,0,0,0,0,0.00213447171824973,0.618996798292423
"000062.java",0,0,0,0,0,0.00156739811912226,0,0,0,0,0,0,0,0,0,0,0,0.00783699059561128,0,0,0,0,0,0,0,0.00313479623824451,0,0,0,0,0,0.384012539184953,0,0,0,0,0,0,0,0,0,0,0,0,0,0,0,0,0,0.603448275862069
"000063.java",0,0,0,0,0,0,0,0,0,0,0,0,0,0,0,0,0,0,0,0,0,0,0,0,0,0,0,0,0,0,0,0,0,0,0,0,0,0.279452054794521,0,0,0,0,0,0.0136986301369863,0,0,0,0,0,0.706849315068493
"000069.java",0,0,0.00975609756097561,0.604878048780488,0,0,0.0048780487804878,0,0,0,0,0,0,0,0,0,0,0.0195121951219512,0,0,0,0,0,0,0,0.317073170731707,0,0,0,0,0,0,0.0390243902439024,0.0048780487804878,0,0,0,0,0,0,0,0,0,0,0,0,0,0,0,0
"000072.java",0.322508398656215,0,0.581187010078387,0.0167973124300112,0,0,0,0,0,0,0,0,0,0,0,0,0,0,0.00111982082866741,0,0,0,0,0,0,0.0772676371780515,0,0,0,0,0,0,0.00111982082866741,0,0,0,0,0,0,0,0,0,0,0,0,0,0,0,0,0
"000075.java",0,0,0,0.185546875,0,0,0,0.001953125,0,0,0,0,0,0,0,0,0,0,0,0,0,0.27734375,0,0,0,0.53515625,0,0,0,0,0,0,0,0,0,0,0,0,0,0,0,0,0,0,0,0,0,0,0,0
"000076.java",0,0,0,0.127868852459016,0,0,0,0,0,0,0.324590163934426,0,0,0,0,0,0,0,0,0,0,0,0,0,0,0.534426229508197,0,0,0,0,0,0,0,0,0,0,0,0,0,0.00327868852459016,0,0.00983606557377049,0,0,0,0,0,0,0,0
"000079.java",0,0,0,0,0,0,0,0,0,0,0,0,0,0,0,0,0,0,0,0,0,0,0,0,0,0.0644248900062854,0,0,0,0,0,0.000314267756128221,0,0,0,0,0,0,0,0.00125707102451289,0,0,0,0.933689503456945,0,0,0,0,0.000314267756128221,0
"000080.java",0,0.0150375939849624,0,0,0,0,0,0,0,0,0,0,0,0,0,0,0,0,0,0,0,0,0,0,0,0.62406015037594,0,0,0,0.210526315789474,0,0,0,0,0,0,0,0,0,0,0,0,0,0.150375939849624,0,0,0,0,0,0
"000103.java",0,0.00403768506056528,0.0215343203230148,0.189771197846568,0,0,0.00269179004037685,0,0.00134589502018843,0,0.00134589502018843,0,0,0,0,0.0053835800807537,0,0,0,0.500672947510094,0,0,0,0,0,0.267833109017497,0,0,0,0,0,0,0,0,0,0,0,0,0,0.0053835800807537,0,0,0,0,0,0,0,0,0,0
"000104.java",0,0,0.0172413793103448,0,0.00431034482758621,0,0,0.0344827586206897,0,0,0.120689655172414,0,0,0,0,0,0,0,0,0,0,0,0,0,0,0.612068965517241,0,0,0,0,0,0.0129310344827586,0,0,0,0,0,0,0,0,0,0,0,0,0,0,0,0.116379310344828,0,0.0818965517241379
"000106.java",0,0,0,0,0,0,0.00689655172413793,0,0,0,0,0,0,0,0,0.0413793103448276,0,0,0,0,0,0,0,0.0137931034482759,0,0.179310344827586,0,0,0,0,0,0,0,0.0413793103448276,0,0,0,0,0.0137931034482759,0,0,0,0.6,0,0,0,0,0.096551724137931,0,0.00689655172413793
"000108.java",0,0,0.0846233230134159,0,0,0,0,0,0,0,0.00103199174406605,0,0.745098039215686,0,0.00103199174406605,0.0144478844169247,0,0,0,0,0,0,0,0.00103199174406605,0,0.143446852425181,0,0,0,0,0,0,0,0,0,0,0,0,0,0,0.00309597523219814,0,0,0,0,0,0,0,0.00619195046439629,0
"000109.java",0,0.00706713780918728,0,0.123674911660777,0,0.512367491166078,0,0,0,0,0,0,0,0,0.0106007067137809,0.204946996466431,0,0,0,0,0.00353356890459364,0,0,0,0,0.134275618374558,0,0,0,0,0,0,0,0,0,0,0,0,0,0,0,0,0,0,0,0,0,0.00353356890459364,0,0
"000110.java",0.00440528634361234,0,0.341409691629956,0.0462555066079295,0,0.180616740088106,0,0,0,0,0,0,0,0,0,0.233480176211454,0.00220264317180617,0,0,0,0,0,0,0,0,0.171806167400881,0,0,0,0,0,0,0.00220264317180617,0,0,0,0,0,0,0,0,0.013215859030837,0,0,0,0,0,0.00440528634361234,0,0
"000116.java",0.000191497510532363,0,0,0.256415166602834,0.000382995021064726,0.000382995021064726,0,0,0,0,0,0,0,0,0,0.000765990042129452,0,0,0,0,0,0,0,0,0,0.0501723477594791,0,0,0,0,0,0,0,0.691114515511298,0,0,0,0,0,0,0,0,0,0.000382995021064726,0,0,0,0,0,0.000191497510532363
"000118.java",0,0,0.00294985250737463,0.424778761061947,0,0,0,0,0,0,0,0.368731563421829,0,0,0,0.00589970501474926,0,0,0,0,0.00294985250737463,0,0,0.00294985250737463,0,0.165191740412979,0.00589970501474926,0,0,0,0.00589970501474926,0,0,0,0,0,0,0,0,0.0147492625368732,0,0,0,0,0,0,0,0,0,0
"000120.java",0,0.00294695481335953,0.00589390962671906,0.131630648330059,0,0,0,0,0,0,0,0,0,0,0,0,0,0,0,0,0,0,0,0,0,0.0992141453831041,0,0,0,0,0,0,0,0.00196463654223969,0.0196463654223969,0,0.736738703339882,0,0,0,0,0,0,0,0,0,0,0,0,0.00196463654223969
"000121.java",0,0,0.0189125295508274,0.222222222222222,0,0,0,0,0,0,0,0,0,0,0,0,0,0,0,0,0,0,0,0,0,0.397163120567376,0,0,0,0,0,0.00236406619385343,0,0,0.342789598108747,0,0,0,0,0,0,0,0,0.0141843971631206,0,0,0,0,0.00236406619385343,0
"000159.java",0.0017636684303351,0,0,0.156966490299824,0,0,0,0,0.557319223985891,0,0,0,0,0,0,0.202821869488536,0,0,0,0,0,0,0,0,0,0.0758377425044092,0,0,0.0017636684303351,0,0,0,0,0,0,0,0,0,0,0,0,0,0,0,0,0,0.00352733686067019,0,0,0
"000160.java",0,0,0.0165289256198347,0,0,0,0,0,0.132231404958678,0,0,0,0,0,0,0.636363636363636,0,0,0,0,0,0,0,0,0,0.214876033057851,0,0,0,0,0,0,0,0,0,0,0,0,0,0,0,0,0,0,0,0,0,0,0,0
"000161.java",0,0,0,0,0,0,0,0,0.156521739130435,0,0,0,0,0,0,0.678260869565217,0,0,0,0,0,0,0,0,0,0.165217391304348,0,0,0,0,0,0,0,0,0,0,0,0,0,0,0,0,0,0,0,0,0,0,0,0
"000162.java",0.005,0,0,0.36,0,0,0.015,0,0,0,0,0,0,0,0,0.59,0,0,0,0,0,0,0,0,0,0.0125,0,0,0.0025,0.0025,0,0,0,0.0025,0.005,0,0.0025,0,0,0,0,0,0,0,0,0,0,0,0,0.0025
"000163.java",0,0,0,0,0,0,0,0,0,0,0,0,0,0,0,0.919431279620853,0,0,0,0,0,0,0,0,0,0.0805687203791469,0,0,0,0,0,0,0,0,0,0,0,0,0,0,0,0,0,0,0,0,0,0,0,0
"000164.java",0,0,0.00775193798449612,0.116279069767442,0,0,0,0,0,0,0,0,0,0,0,0.0697674418604651,0,0,0,0,0,0,0,0,0,0.449612403100775,0,0,0.333333333333333,0,0.00775193798449612,0,0,0,0,0.00775193798449612,0,0,0,0,0,0,0,0,0,0,0,0,0,0.00775193798449612
"000165.java",0,0,0.0788381742738589,0.0705394190871369,0,0,0,0,0,0,0,0,0,0,0,0,0,0,0,0,0,0,0,0,0,0.369294605809129,0,0,0.481327800829876,0,0,0,0,0,0,0,0,0,0,0,0,0,0,0,0,0,0,0,0,0
"000166.java",0,0,0,0.165467625899281,0,0,0,0,0,0,0,0,0,0,0,0.302158273381295,0.0215827338129496,0,0,0,0.0935251798561151,0,0,0,0,0.388489208633094,0,0,0,0,0,0,0,0,0.0287769784172662,0,0,0,0,0,0,0,0,0,0,0,0,0,0,0
"000172.java",0,0.00131276665572694,0.0233016081391533,0.00164095831965868,0,0,0,0,0,0,0,0,0,0.000656383327863472,0,0,0,0,0,0,0,0.00229734164752215,0,0,0,0.15129635707253,0,0,0,0,0,0,0,0,0,0,0,0.00262553331145389,0,0,0,0.811946176567115,0,0,0,0,0,0.000656383327863472,0.00426649163111257,0
"000173.java",0,0,0,0,0,0,0,0,0,0,0,0,0,0,0.391534391534392,0,0,0.0105820105820106,0,0.0211640211640212,0,0,0,0,0,0.00529100529100529,0,0,0,0,0,0,0,0,0,0,0,0,0,0,0,0,0,0.0105820105820106,0,0.00529100529100529,0.00529100529100529,0,0,0.55026455026455
"000190.java",0,0,0.0508474576271186,0.0169491525423729,0,0,0.0169491525423729,0,0,0,0,0,0,0,0,0.0169491525423729,0,0,0,0,0.0169491525423729,0,0,0.288135593220339,0,0.11864406779661,0,0,0,0,0,0,0,0,0,0,0,0,0,0,0,0,0,0,0.0338983050847458,0,0,0,0,0.440677966101695
"000223.java",0,0,0.125906394199077,0.052076466710613,0,0,0.735003295978906,0,0,0.000659195781147001,0,0,0,0,0,0.0659195781147001,0,0,0,0,0,0,0,0,0,0.01977587343441,0,0,0,0,0,0,0,0,0,0,0,0,0,0.000659195781147001,0,0,0,0,0,0,0,0,0,0
"000240.java",0,0,0,0,0,0.0863309352517986,0,0,0,0,0,0,0.136690647482014,0,0,0,0,0,0,0.0215827338129496,0,0,0,0,0.00719424460431655,0.41726618705036,0,0,0,0,0,0,0,0,0,0,0,0,0,0,0,0,0.294964028776978,0,0,0,0,0.0359712230215827,0,0
"000241.java",0,0,0,0,0,0,0,0,0,0,0,0,0,0,0,0,0,0,0,0,0,0,0,0.00550964187327824,0,0.261707988980716,0,0,0,0,0,0,0,0,0,0,0,0,0,0,0,0,0.732782369146005,0,0,0,0,0,0,0
"000248.java",0.0294117647058824,0,0,0,0,0.0882352941176471,0,0,0,0.205882352941176,0,0,0,0.0294117647058824,0,0,0,0,0,0,0.0882352941176471,0,0,0.264705882352941,0,0.264705882352941,0,0,0,0.0294117647058824,0,0,0,0,0,0,0,0,0,0,0,0,0,0,0,0,0,0,0,0
"000249.java",0,0,0,0.403887688984881,0,0,0,0.00215982721382289,0,0,0,0,0,0,0,0,0,0,0,0,0,0,0,0,0,0.1792656587473,0,0,0,0,0,0,0,0,0,0.414686825053996,0,0,0,0,0,0,0,0,0,0,0,0,0,0
"000250.java",0,0,0.0413080895008606,0.101549053356282,0,0,0,0.00172117039586919,0,0,0,0,0,0,0,0,0,0,0,0,0,0,0,0.698795180722892,0,0.14802065404475,0,0,0.00172117039586919,0,0,0.00172117039586919,0,0,0,0,0,0,0.00516351118760757,0,0,0,0,0,0,0,0,0,0,0
