"V1","V2","V3","V4","V5","V6","V7","V8","V9","V10","V11","V12","V13","V14","V15","V16","V17","V18","V19","V20","V21","V22","V23","V24","V25","V26","V27","V28","V29","V30","V31","V32","V33","V34","V35","V36","V37","V38","V39","V40","V41","V42","V43","V44","V45","V46","V47","V48","V49","V50"
"000001.java",0,0,0.00879120879120879,0,0,0,0,0,0,0,0,0,0.228571428571429,0,0,0,0,0,0,0,0,0,0,0,0,0,0,0,0,0,0,0,0.0021978021978022,0,0,0,0.679120879120879,0,0,0.0021978021978022,0,0,0,0.0791208791208791,0,0,0,0,0,0
"000002.java",0,0,0,0,0.852941176470588,0.00122549019607843,0,0,0,0,0,0,0.122549019607843,0,0,0,0,0,0,0,0,0,0,0,0,0,0,0,0,0,0.00122549019607843,0.00122549019607843,0.00122549019607843,0.0196078431372549,0,0,0,0,0,0,0,0,0,0,0,0,0,0,0,0
"000003.java",0,0,0.00790513833992095,0,0.0400903444381705,0,0,0,0.000564652738565782,0,0,0,0.0654997176736307,0,0,0,0,0,0,0,0,0,0,0,0,0.000564652738565782,0,0,0,0,0,0,0,0,0,0,0.231507622811971,0,0,0.653867871259176,0,0,0,0,0,0,0,0,0,0
"000010.java",0,0,0.00111358574610245,0,0,0,0,0,0,0,0.00111358574610245,0,0.406458797327394,0,0,0,0,0,0,0,0,0.0022271714922049,0.433184855233853,0,0,0,0,0,0.010022271714922,0,0,0,0,0.145879732739421,0,0,0,0,0,0,0,0,0,0,0,0,0,0,0,0
"000020.java",0,0,0.00112775898179475,0,0,0.880457547929757,0,0,0,0,0,0,0.0262606734332206,0,0,0,0,0,0,0,0,0,0,0,0,0,0,0,0,0,0,0,0,0,0,0,0,0.0916706943773159,0,0,0,0,0,0.000483325277912035,0,0,0,0,0,0
"000021.java",0,0,0,0,0,0.706603131381892,0,0.00045382346267302,0,0,0,0,0.0369866122078511,0,0,0,0,0,0,0,0,0,0,0,0.00022691173133651,0,0,0,0,0,0,0,0,0,0,0,0,0,0.255275697753574,0,0,0,0,0,0,0.00045382346267302,0,0,0,0
"000025.java",0,0,0,0,0,0,0,0,0,0,0,0,0.12664907651715,0,0,0.000879507475813544,0,0,0,0,0,0.000879507475813544,0,0,0,0,0,0,0,0,0,0,0,0,0,0.870712401055409,0,0,0,0,0,0,0,0.000879507475813544,0,0,0,0,0,0
"000033.java",0,0,0,0,0,0,0,0,0,0,0,0,0.517647058823529,0,0.158823529411765,0,0,0,0,0,0,0,0,0,0.211764705882353,0,0,0,0,0,0,0,0,0,0,0.111764705882353,0,0,0,0,0,0,0,0,0,0,0,0,0,0
"000034.java",0,0,0,0,0,0,0,0,0,0,0,0,0.0626702997275204,0,0,0,0,0,0,0,0.0108991825613079,0,0,0,0,0,0,0,0,0,0.00544959128065395,0,0,0.918256130790191,0,0,0,0,0,0,0,0,0,0.00272479564032698,0,0,0,0,0,0
"000040.java",0,0,0,0,0,0,0,0,0,0,0,0,0.046373779637378,0,0,0,0.000697350069735007,0,0,0.000348675034867503,0,0,0,0,0,0,0,0.000348675034867503,0,0,0,0,0,0.00244072524407252,0,0,0,0,0,0,0,0,0,0.949442119944212,0,0,0,0,0,0.000348675034867503
"000054.java",0,0.00245098039215686,0,0,0,0,0,0,0,0,0,0,0.0661764705882353,0,0,0,0,0,0.634803921568627,0,0,0,0,0.00245098039215686,0,0,0,0,0,0,0,0,0,0.286764705882353,0,0,0,0,0,0,0,0,0,0,0,0,0,0,0.00735294117647059,0
"000055.java",0,0,0,0,0,0,0,0.0303030303030303,0,0,0,0,0.454545454545455,0,0,0,0,0,0,0.292929292929293,0,0,0,0,0,0,0,0,0,0,0,0,0,0,0.202020202020202,0,0,0,0,0,0,0,0.0202020202020202,0,0,0,0,0,0,0
"000056.java",0,0,0,0,0,0,0,0,0,0,0,0,0.00819672131147541,0,0,0.327868852459016,0,0,0,0.663934426229508,0,0,0,0,0,0,0,0,0,0,0,0,0,0,0,0,0,0,0,0,0,0,0,0,0,0,0,0,0,0
"000057.java",0,0,0,0,0,0,0,0,0,0,0,0,0,0,0,0,0,0.0032258064516129,0,0.719354838709677,0,0,0.00645161290322581,0,0,0,0,0,0.0032258064516129,0,0,0,0,0.267741935483871,0,0,0,0,0,0,0,0,0,0,0,0,0,0,0,0
"000058.java",0,0.00452488687782805,0.00452488687782805,0,0,0,0,0,0,0,0,0,0.0135746606334842,0,0,0,0,0,0,0.959276018099548,0,0,0,0,0,0,0,0,0,0,0,0,0,0,0,0.0180995475113122,0,0,0,0,0,0,0,0,0,0,0,0,0,0
"000059.java",0,0.025,0,0,0,0,0,0,0,0,0,0,0,0,0,0,0,0,0,0.85,0,0,0,0.025,0,0,0,0,0,0,0,0,0,0,0,0,0,0,0,0,0,0.05,0,0,0,0,0,0,0.025,0.025
"000060.java",0,0,0,0,0,0.012987012987013,0,0.012987012987013,0,0,0,0,0,0,0,0,0,0,0,0.636363636363636,0,0,0,0,0,0,0,0,0,0,0,0,0,0,0,0,0,0,0,0,0,0,0,0,0,0,0,0.337662337662338,0,0
"000061.java",0,0,0,0,0,0,0,0,0,0,0,0,0,0,0,0.0064034151547492,0,0,0,0.696905016008538,0,0,0,0.00106723585912487,0,0,0,0,0,0.00106723585912487,0,0,0,0,0,0,0,0,0,0,0,0,0.293489861259338,0,0,0,0.00106723585912487,0,0,0
"000062.java",0,0,0.00156739811912226,0,0,0,0,0,0,0,0,0,0,0,0,0,0,0,0,0.998432601880878,0,0,0,0,0,0,0,0,0,0,0,0,0,0,0,0,0,0,0,0,0,0,0,0,0,0,0,0,0,0
"000063.java",0,0,0,0,0,0,0,0.00273972602739726,0,0,0,0,0,0,0,0.342465753424658,0,0,0,0.646575342465753,0,0,0,0,0,0,0,0,0,0,0,0,0,0.00547945205479452,0,0,0,0.00273972602739726,0,0,0,0,0,0,0,0,0,0,0,0
"000069.java",0,0,0,0.00975609756097561,0,0,0,0,0,0,0,0,0.292682926829268,0,0,0,0,0,0,0,0,0.00975609756097561,0,0,0,0,0,0.0048780487804878,0,0,0,0,0,0.648780487804878,0,0,0,0,0.0341463414634146,0,0,0,0,0,0,0,0,0,0,0
"000072.java",0,0,0,0,0,0,0,0,0,0,0,0.00223964165733483,0.0851063829787234,0,0.00111982082866741,0.00111982082866741,0,0,0,0,0,0,0,0.873460246360582,0,0,0,0,0,0,0,0,0,0.0369540873460246,0,0,0,0,0,0,0,0,0,0,0,0,0,0,0,0
"000075.java",0,0,0,0,0,0.0859375,0,0,0,0,0,0,0.533203125,0,0,0,0,0,0,0.001953125,0,0,0,0,0,0,0,0,0,0,0,0,0,0.072265625,0,0,0,0,0,0,0,0,0,0,0,0,0,0,0,0.306640625
"000076.java",0,0,0,0,0,0.104918032786885,0,0,0,0,0,0,0.514754098360656,0,0,0,0,0,0,0,0,0,0,0,0,0,0,0.377049180327869,0.00327868852459016,0,0,0,0,0,0,0,0,0,0,0,0,0,0,0,0,0,0,0,0,0
"000079.java",0,0,0,0,0,0.000314267756128221,0,0,0,0,0,0,0.0741671904462602,0,0,0,0,0,0,0,0,0,0,0,0,0,0,0,0,0.924261470773099,0,0,0,0,0,0,0,0,0,0.000628535512256443,0,0,0,0,0,0,0.000314267756128221,0,0.000314267756128221,0
"000080.java",0,0,0,0,0,0,0,0,0,0,0,0,0.62406015037594,0,0,0,0,0,0,0,0,0,0,0,0,0,0,0,0,0.165413533834586,0,0.210526315789474,0,0,0,0,0,0,0,0,0,0,0,0,0,0,0,0,0,0
"000103.java",0,0,0,0,0.00134589502018843,0,0,0,0.00134589502018843,0,0,0,0.31628532974428,0,0,0,0.406460296096904,0,0,0,0,0,0,0,0,0.00269179004037685,0,0.00134589502018843,0.224764468371467,0,0,0,0,0.0349932705248991,0,0,0,0,0,0,0,0,0,0.0107671601615074,0,0,0,0,0,0
"000104.java",0,0,0,0,0.00431034482758621,0,0,0,0,0,0,0.0172413793103448,0.568965517241379,0,0,0,0,0,0,0.0689655172413793,0,0.00431034482758621,0.0129310344827586,0.0258620689655172,0,0,0,0.189655172413793,0,0,0,0,0,0,0,0.0948275862068965,0,0,0,0,0,0,0,0.00862068965517241,0,0.00431034482758621,0,0,0,0
"000106.java",0,0,0,0,0,0,0,0,0,0.0137931034482759,0,0,0.213793103448276,0,0,0,0,0,0,0,0,0,0,0,0.096551724137931,0.593103448275862,0,0,0.00689655172413793,0,0,0,0,0,0,0.0689655172413793,0,0,0,0,0,0,0,0,0,0.00689655172413793,0,0,0,0
"000108.java",0,0,0,0,0,0,0,0.00309597523219814,0,0,0,0,0.1671826625387,0.775025799793602,0,0,0,0,0,0,0,0,0,0.00103199174406605,0.0330237358101135,0.00928792569659443,0,0,0.00206398348813209,0,0,0,0,0.00928792569659443,0,0,0,0,0,0,0,0,0,0,0,0,0,0,0,0
"000109.java",0,0,0,0,0,0,0,0,0,0,0,0,0.243816254416961,0,0,0,0.0954063604240283,0,0,0,0,0,0.00353356890459364,0,0.23321554770318,0,0,0,0,0,0,0,0,0.00353356890459364,0,0,0,0,0,0,0,0,0,0.00353356890459364,0,0,0.416961130742049,0,0,0
"000110.java",0,0,0,0,0,0,0,0.222466960352423,0,0,0,0,0.220264317180617,0,0,0,0,0,0,0.00440528634361234,0,0,0,0.259911894273128,0.224669603524229,0,0,0,0,0,0,0,0,0.066079295154185,0,0,0,0,0,0,0,0,0,0,0,0.00220264317180617,0,0,0,0
"000116.java",0,0,0,0,0,0,0,0,0,0,0,0.000382995021064726,0.0497893527384144,0,0,0,0,0,0,0,0,0,0,0,0,0.000191497510532363,0,0,0.285522788203753,0.000191497510532363,0,0,0,0.123898889314439,0,0,0,0,0.000574492531597089,0.000765990042129452,0,0,0,0,0.538490999617005,0.000191497510532363,0,0,0,0
"000118.java",0,0.0294985250737463,0,0,0,0,0,0,0,0,0,0,0.129793510324484,0,0,0,0,0,0,0,0,0,0,0,0,0,0,0.00884955752212389,0,0.00294985250737463,0.392330383480826,0,0,0.430678466076696,0,0,0,0.00294985250737463,0,0,0,0,0,0,0,0,0,0,0,0.00294985250737463
"000120.java",0,0.775049115913556,0,0,0,0,0,0,0,0,0,0,0.0972495088408644,0,0,0,0,0.0216110019646365,0,0,0,0,0,0,0,0.000982318271119843,0,0,0.00196463654223969,0,0.00294695481335953,0,0,0.0992141453831041,0,0,0,0,0.000982318271119843,0,0,0,0,0,0,0,0,0,0,0
"000121.java",0,0,0,0,0,0,0,0,0,0,0,0,0.397163120567376,0,0.00236406619385343,0,0,0.359338061465721,0,0,0,0,0,0,0,0,0,0,0,0,0,0,0,0.24113475177305,0,0,0,0,0,0,0,0,0,0,0,0,0,0,0,0
"000159.java",0,0,0,0,0,0,0,0,0,0,0,0.522045855379189,0.0105820105820106,0,0,0,0,0,0,0,0,0,0,0,0.255731922398589,0,0,0,0.0934744268077601,0,0,0,0,0.116402116402116,0,0.0017636684303351,0,0,0,0,0,0,0,0,0,0,0,0,0,0
"000160.java",0,0,0,0,0,0,0,0,0,0,0,0.223140495867769,0.206611570247934,0,0,0,0,0,0,0.00826446280991736,0,0,0,0,0.56198347107438,0,0,0,0,0,0,0,0,0,0,0,0,0,0,0,0,0,0,0,0,0,0,0,0,0
"000161.java",0,0,0,0,0,0,0,0,0,0,0,0.191304347826087,0.208695652173913,0,0,0,0,0,0,0,0,0,0,0,0.582608695652174,0,0,0,0,0,0,0,0,0.0173913043478261,0,0,0,0,0,0,0,0,0,0,0,0,0,0,0,0
"000162.java",0,0,0,0,0,0.0025,0,0,0,0,0,0,0,0.0025,0,0,0,0,0,0,0,0,0,0,0.68,0,0,0,0,0,0,0,0,0.315,0,0,0,0,0,0,0,0,0,0,0,0,0,0,0,0
"000163.java",0,0,0,0,0,0,0,0,0,0,0,0,0.0947867298578199,0,0,0,0,0,0,0.004739336492891,0,0,0,0,0.895734597156398,0,0,0,0,0,0,0,0,0,0,0,0,0,0,0,0,0.004739336492891,0,0,0,0,0,0,0,0
"000164.java",0,0,0,0,0.00775193798449612,0,0,0,0,0,0,0,0.348837209302326,0,0,0,0.217054263565891,0.00775193798449612,0,0,0,0,0,0,0.201550387596899,0,0,0,0,0,0,0,0,0.201550387596899,0,0,0,0,0,0.0155038759689922,0,0,0,0,0,0,0,0,0,0
"000165.java",0,0,0,0,0,0,0,0,0,0.00829875518672199,0,0,0.302904564315353,0,0,0,0.195020746887967,0,0,0,0,0,0,0,0.253112033195021,0,0,0.00829875518672199,0,0,0,0,0,0.195020746887967,0,0,0,0,0.029045643153527,0,0,0.004149377593361,0,0,0.004149377593361,0,0,0,0,0
"000166.java",0,0,0,0,0,0,0,0,0,0,0,0,0.37410071942446,0,0,0,0,0,0,0,0.179856115107914,0,0,0.079136690647482,0.251798561151079,0,0,0.00719424460431655,0,0,0,0,0,0.107913669064748,0,0,0,0,0,0,0,0,0,0,0,0,0,0,0,0
"000172.java",0,0,0.762717426977355,0.000656383327863472,0,0,0,0,0,0,0,0,0.122743682310469,0.000656383327863472,0,0,0.000656383327863472,0,0,0,0,0,0.000328191663931736,0,0,0,0,0,0,0,0,0,0,0.0452904496225796,0.0633409911388251,0.00295372497538563,0,0.000328191663931736,0,0,0.000328191663931736,0,0,0,0,0,0,0,0,0
"000173.java",0,0,0,0,0,0,0,0,0,0,0,0,0.0476190476190476,0,0,0.0105820105820106,0,0,0,0.571428571428571,0,0,0,0,0,0,0,0,0.0264550264550265,0,0,0,0,0,0.00529100529100529,0,0,0,0,0,0,0.338624338624339,0,0,0,0,0,0,0,0
"000190.java",0,0,0,0,0,0,0,0,0,0,0,0,0.576271186440678,0,0.0169491525423729,0,0,0,0,0,0,0,0,0,0.0169491525423729,0,0,0,0,0,0,0,0,0,0,0,0.0169491525423729,0,0,0,0,0,0,0,0,0,0,0.372881355932203,0,0
"000223.java",0,0,0,0,0,0,0,0,0,0,0,0,0.029004614370468,0,0,0,0,0,0,0,0,0,0,0,0.114700065919578,0,0,0,0,0.000659195781147001,0.001318391562294,0,0,0.0580092287409361,0,0,0,0,0,0,0,0.000659195781147001,0,0,0,0.79564930784443,0,0,0,0
"000240.java",0,0,0,0,0,0,0,0.00719424460431655,0,0,0,0,0.460431654676259,0.18705035971223,0,0,0,0,0,0,0,0,0,0,0,0.294964028776978,0,0,0,0,0,0,0,0,0,0.0359712230215827,0,0,0,0,0,0,0,0,0.00719424460431655,0,0.00719424460431655,0,0,0
"000241.java",0,0,0,0,0,0,0,0,0,0,0,0,0.247933884297521,0,0,0,0,0,0,0,0,0,0.0137741046831956,0,0,0.730027548209366,0,0,0,0.00550964187327824,0,0,0,0,0,0,0,0,0,0,0,0,0,0.00275482093663912,0,0,0,0,0,0
"000248.java",0,0,0,0,0,0,0,0.0588235294117647,0,0,0,0.0294117647058824,0.294117647058824,0,0.264705882352941,0,0,0,0,0,0,0,0,0,0,0,0,0.0294117647058824,0,0,0,0,0,0,0,0,0,0,0,0,0,0,0.0294117647058824,0,0,0,0,0,0.294117647058824,0
"000249.java",0,0,0,0,0,0,0,0,0,0,0.436285097192225,0,0.103671706263499,0,0,0,0,0,0,0,0,0,0,0,0,0,0,0,0,0,0,0,0,0.460043196544276,0,0,0,0,0,0,0,0,0,0,0,0,0,0,0,0
"000250.java",0,0,0,0,0,0.00172117039586919,0,0,0,0,0,0,0.222030981067126,0,0.619621342512909,0,0,0,0,0,0,0,0,0,0,0.00172117039586919,0,0,0,0,0,0,0,0.151462994836489,0,0,0,0,0.00344234079173838,0,0,0,0,0,0,0,0,0,0,0
