"V1","V2","V3","V4","V5","V6","V7","V8","V9","V10","V11","V12","V13","V14","V15","V16","V17","V18","V19","V20","V21","V22","V23","V24","V25","V26","V27","V28","V29","V30","V31","V32","V33","V34","V35","V36","V37","V38","V39","V40","V41","V42","V43","V44","V45","V46","V47","V48","V49","V50"
"000001.java",0,0,0,0,0,0.248351648351648,0,0,0.00659340659340659,0,0,0,0,0,0,0,0,0,0,0,0,0,0,0,0.00659340659340659,0,0,0.648351648351648,0,0,0,0.0395604395604396,0,0,0,0,0.0505494505494506,0,0,0,0,0,0,0,0,0,0,0,0,0
"000002.java",0,0,0,0,0,0.107843137254902,0,0,0.0698529411764706,0,0,0,0,0,0,0.00122549019607843,0.00245098039215686,0,0,0,0,0.00122549019607843,0,0,0,0.00122549019607843,0,0,0,0,0.00245098039215686,0.811274509803922,0,0,0,0.00122549019607843,0,0,0,0,0,0,0,0,0,0,0,0.00122549019607843,0,0
"000003.java",0,0,0,0,0,0.0530773574251835,0,0,0,0,0,0,0.00169395821569735,0.000564652738565782,0.000564652738565782,0,0,0,0,0,0,0,0,0,0,0,0,0.220779220779221,0,0,0,0.0575945793337098,0,0,0.00225861095426313,0,0,0,0,0.662902315076228,0,0,0,0.000564652738565782,0,0,0,0,0,0
"000010.java",0,0,0,0,0,0.361915367483296,0,0,0.173719376391982,0,0,0.00556792873051225,0,0,0,0,0,0,0,0,0,0,0,0,0,0,0,0.00111358574610245,0,0,0,0.0022271714922049,0,0,0,0,0.0022271714922049,0.00111358574610245,0,0,0,0.00111358574610245,0,0,0.448775055679287,0,0,0,0.00111358574610245,0.00111358574610245
"000020.java",0,0,0,0.000161108425970678,0,0.0335105526019011,0,0,0,0,0,0,0,0,0,0,0,0,0.000161108425970678,0,0,0.000161108425970678,0,0,0,0,0,0,0,0,0,0.000161108425970678,0,0,0,0,0,0,0,0,0.5890124053488,0.376349283067504,0,0.000322216851941357,0,0,0,0,0,0.000161108425970678
"000021.java",0,0,0.00068073519400953,0,0,0.0399364647152258,0,0,0,0,0,0,0,0,0.0431132289539369,0,0,0,0,0.00022691173133651,0,0,0,0,0,0,0,0.00022691173133651,0,0,0,0,0,0,0,0,0,0,0,0,0.0131608804175176,0.902201043793964,0,0,0,0,0,0,0.00045382346267302,0
"000025.java",0,0,0,0,0,0.11169744942832,0,0,0,0,0,0,0,0,0,0,0,0,0,0.000879507475813544,0,0,0,0,0,0,0,0,0,0,0,0,0,0,0.00263852242744063,0,0,0,0,0,0,0,0,0,0,0,0,0.884784520668426,0,0
"000033.java",0,0,0.0647058823529412,0,0,0.635294117647059,0,0,0,0,0,0,0,0,0,0,0,0,0,0,0,0,0,0,0,0,0,0,0,0,0,0,0,0,0,0,0,0,0,0,0,0,0,0.176470588235294,0.0176470588235294,0,0,0.105882352941176,0,0
"000034.java",0,0,0,0,0,0.17983651226158,0,0,0.555858310626703,0,0,0,0,0,0,0,0,0,0,0,0,0,0,0,0,0,0,0,0,0,0,0,0,0,0,0,0,0,0,0,0,0,0.00272479564032698,0,0,0,0,0,0.26158038147139,0
"000040.java",0,0,0,0,0,0.0400976290097629,0,0.000348675034867503,0.0310320781032078,0,0,0,0.000348675034867503,0,0,0,0,0,0,0,0,0,0,0,0,0,0,0,0,0,0,0,0,0,0,0,0.927126917712692,0,0,0,0,0.000348675034867503,0,0,0.000348675034867503,0,0,0,0.000348675034867503,0
"000054.java",0,0,0,0,0,0.0857843137254902,0,0,0.276960784313726,0,0,0,0,0,0,0,0,0,0,0,0,0,0.00245098039215686,0,0,0,0,0,0,0,0,0,0,0,0.00245098039215686,0,0.00245098039215686,0,0,0,0,0,0,0,0,0.629901960784314,0,0,0,0
"000055.java",0.0101010101010101,0,0,0,0,0.444444444444444,0,0,0,0,0,0,0,0,0.0101010101010101,0,0.0101010101010101,0,0,0,0,0,0,0,0,0,0,0,0.242424242424242,0,0,0,0,0,0,0,0,0,0,0,0,0,0.282828282828283,0,0,0,0,0,0,0
"000056.java",0,0,0,0,0,0,0,0,0,0,0,0,0,0,0,0,0,0,0,0,0,0,0,0,0,0,0,0,0.997267759562842,0,0,0,0,0,0.00273224043715847,0,0,0,0,0,0,0,0,0,0,0,0,0,0,0
"000057.java",0,0,0,0,0.0032258064516129,0,0,0,0.216129032258065,0,0,0,0,0,0,0,0,0,0,0,0,0,0,0,0,0,0,0,0.77741935483871,0,0,0,0,0,0,0,0,0,0.0032258064516129,0,0,0,0,0,0,0,0,0,0,0
"000058.java",0,0,0,0.00452488687782805,0,0.00904977375565611,0,0,0,0.00452488687782805,0,0,0,0,0,0,0,0,0,0,0,0,0,0,0,0.00452488687782805,0,0,0.959276018099548,0,0,0,0,0,0,0,0,0,0,0,0,0,0,0,0,0,0,0.0180995475113122,0,0
"000059.java",0,0,0,0,0,0,0,0,0,0,0,0,0,0,0,0,0,0,0,0,0,0,0,0,0.025,0,0,0,0.975,0,0,0,0,0,0,0,0,0,0,0,0,0,0,0,0,0,0,0,0,0
"000060.java",0,0,0,0.012987012987013,0,0.324675324675325,0,0,0,0,0,0,0.0779220779220779,0.532467532467532,0,0,0,0,0,0.051948051948052,0,0,0,0,0,0,0,0,0,0,0,0,0,0,0,0,0,0,0,0,0,0,0,0,0,0,0,0,0,0
"000061.java",0,0,0.0064034151547492,0,0,0.00213447171824973,0,0,0,0,0,0,0.740661686232657,0,0.00106723585912487,0.00106723585912487,0,0,0,0,0.00106723585912487,0,0,0,0,0,0,0,0.246531483457844,0,0,0,0,0,0,0,0,0.00106723585912487,0,0,0,0,0,0,0,0,0,0,0,0
"000062.java",0,0,0,0,0,0,0,0,0,0.00156739811912226,0,0,0.711598746081505,0,0,0,0,0,0,0,0,0,0,0,0,0,0,0,0.285266457680251,0,0,0,0,0,0,0,0,0.00156739811912226,0,0,0,0,0,0,0,0,0,0,0,0
"000063.java",0,0,0,0,0,0,0,0,0.00273972602739726,0,0,0,0,0,0,0,0,0,0,0,0,0,0,0,0,0,0,0,0.994520547945206,0,0,0,0,0,0,0.00273972602739726,0,0,0,0,0,0,0,0,0,0,0,0,0,0
"000069.java",0,0,0,0,0,0.395121951219512,0,0,0.546341463414634,0,0,0,0,0,0.0048780487804878,0,0.0048780487804878,0,0,0,0,0,0,0,0,0,0,0,0,0,0,0,0,0,0,0,0.0048780487804878,0,0,0,0,0.0341463414634146,0,0,0,0,0,0.0048780487804878,0.0048780487804878,0
"000072.java",0,0,0,0,0,0.0884658454647256,0,0,0.0783874580067189,0,0,0.830907054871221,0,0,0,0,0,0,0,0,0,0,0,0,0,0,0,0.00111982082866741,0,0,0,0,0,0,0,0,0,0,0,0,0,0,0,0,0,0,0,0.00111982082866741,0,0
"000075.java",0,0,0,0,0,0.55078125,0,0,0.0390625,0,0,0,0,0,0,0.00390625,0,0,0,0,0.294921875,0,0,0,0,0,0,0,0.001953125,0,0,0,0,0,0,0,0.0234375,0.001953125,0,0,0,0.083984375,0,0,0,0,0,0,0,0
"000076.java",0,0,0,0,0,0.586885245901639,0,0,0.00327868852459016,0,0,0,0,0,0.00983606557377049,0,0,0,0,0.00327868852459016,0,0,0.2,0,0,0,0,0.00327868852459016,0,0,0,0,0.00327868852459016,0,0,0,0.00327868852459016,0,0,0,0,0.183606557377049,0,0.00327868852459016,0,0,0,0,0,0
"000079.java",0,0,0,0,0,0.0666247642991829,0,0,0.0254556882463859,0,0,0,0,0,0.906033940917662,0,0,0,0,0,0,0,0,0,0,0,0,0.000314267756128221,0,0,0,0,0,0,0,0,0.00125707102451289,0,0,0,0,0,0.000314267756128221,0,0,0,0,0,0,0
"000080.java",0,0,0,0,0,0.601503759398496,0,0,0.0075187969924812,0,0,0,0,0,0.112781954887218,0,0,0,0.0075187969924812,0,0,0.24812030075188,0,0,0,0,0,0,0,0,0.0150375939849624,0,0,0,0.0075187969924812,0,0,0,0,0,0,0,0,0,0,0,0,0,0,0
"000103.java",0,0,0,0,0,0.257065948855989,0,0,0.180349932705249,0,0,0,0,0,0,0,0.00134589502018843,0,0,0.00134589502018843,0,0.00134589502018843,0.546433378196501,0,0,0,0,0.00134589502018843,0,0,0.00134589502018843,0.00269179004037685,0,0,0.00403768506056528,0,0.00134589502018843,0,0,0,0,0,0,0,0,0,0,0,0,0.00134589502018843
"000104.java",0,0,0.0129310344827586,0,0,0.577586206896552,0,0,0.0258620689655172,0,0,0,0.0387931034482759,0,0,0,0,0,0,0,0,0.00431034482758621,0.0129310344827586,0,0,0,0.0129310344827586,0,0.0689655172413793,0,0,0,0,0,0,0,0.0129310344827586,0,0.142241379310345,0,0,0,0,0,0.00431034482758621,0,0,0.0818965517241379,0,0.00431034482758621
"000106.java",0,0,0.0482758620689655,0,0,0.262068965517241,0,0,0,0,0,0,0,0,0,0,0,0,0,0,0,0.531034482758621,0,0,0,0,0,0,0,0,0,0.00689655172413793,0,0,0,0,0,0,0,0,0,0,0,0.0689655172413793,0,0.00689655172413793,0,0.0758620689655172,0,0
"000108.java",0,0,0,0.00412796697626419,0,0.149638802889577,0,0,0.0557275541795666,0,0,0,0,0,0,0,0,0,0,0,0,0,0,0,0,0,0,0,0,0,0,0,0,0,0.775025799793602,0,0,0,0,0,0,0,0,0.0154798761609907,0,0,0,0,0,0
"000109.java",0,0.508833922261484,0,0,0,0.197879858657244,0,0,0.0636042402826855,0,0,0,0,0.00353356890459364,0.00353356890459364,0,0,0,0,0,0,0,0.0600706713780919,0,0,0,0,0,0,0,0,0,0,0,0,0,0,0,0,0,0,0,0,0.162544169611307,0,0,0,0,0,0
"000110.java",0,0,0,0,0,0.20704845814978,0,0,0.129955947136564,0,0.224669603524229,0.284140969162996,0,0,0,0,0,0,0.00220264317180617,0,0,0,0,0,0,0,0,0,0,0,0,0,0,0,0,0,0,0,0,0,0,0,0,0.140969162995595,0.0066079295154185,0,0,0.00440528634361234,0,0
"000116.java",0,0,0,0,0,0.0421294523171199,0,0,0.238605898123324,0,0,0,0,0,0,0,0,0,0,0.718690157027959,0,0,0,0,0,0,0,0,0,0,0,0,0,0,0,0.000191497510532363,0.000191497510532363,0,0,0,0,0,0.000191497510532363,0,0,0,0,0,0,0
"000118.java",0,0,0,0,0,0.162241887905605,0,0,0.339233038348083,0,0,0.0117994100294985,0,0,0.00294985250737463,0,0.35693215339233,0,0,0,0,0,0,0,0,0,0,0.00294985250737463,0,0.00294985250737463,0,0,0,0,0.0117994100294985,0,0,0,0,0.0825958702064897,0.0265486725663717,0,0,0,0,0,0,0,0,0
"000120.java",0,0,0,0,0,0.0884086444007859,0,0,0.103143418467584,0,0,0,0,0,0,0,0,0,0,0,0,0,0,0,0,0.000982318271119843,0,0,0.00196463654223969,0.00392927308447937,0,0,0,0.800589390962672,0,0,0,0,0,0,0,0,0,0,0.000982318271119843,0,0,0,0,0
"000121.java",0.00236406619385343,0,0,0,0,0.404255319148936,0,0.333333333333333,0.24113475177305,0,0,0.00472813238770686,0.00236406619385343,0,0,0,0,0,0,0,0,0,0,0,0.00236406619385343,0,0,0,0,0,0,0,0,0,0,0,0,0,0,0,0.00709219858156028,0,0.00236406619385343,0,0,0,0,0,0,0
"000159.java",0,0,0,0,0,0.144620811287478,0,0,0.160493827160494,0,0,0,0,0,0,0,0,0,0,0,0,0,0,0,0,0,0,0.0017636684303351,0,0,0,0,0,0,0,0,0,0.0017636684303351,0,0,0,0,0,0.0317460317460317,0,0,0,0,0,0.659611992945326
"000160.java",0,0,0,0,0,0.363636363636364,0,0,0,0,0,0,0,0,0,0,0,0,0,0,0,0,0,0,0,0,0,0,0,0,0,0,0,0,0,0,0,0,0,0,0,0.0165289256198347,0,0.396694214876033,0,0,0,0,0,0.223140495867769
"000161.java",0,0,0,0,0,0.426086956521739,0,0,0,0,0,0,0,0,0,0,0,0,0,0,0,0,0,0,0,0,0,0,0,0,0,0,0.0347826086956522,0,0,0,0,0,0,0.00869565217391304,0,0,0,0.31304347826087,0,0,0,0,0,0.217391304347826
"000162.java",0,0,0,0,0,0.1125,0,0.005,0.3725,0,0,0.075,0,0,0,0,0,0,0,0,0,0,0,0,0,0,0,0,0,0,0,0,0,0,0,0,0,0,0,0,0,0,0,0.435,0,0,0,0,0,0
"000163.java",0,0,0,0,0,0.251184834123223,0,0,0,0.00947867298578199,0,0,0,0,0,0,0,0,0,0,0,0,0,0,0,0,0,0,0,0,0,0,0.004739336492891,0,0,0,0,0,0,0,0.00947867298578199,0,0,0.725118483412322,0,0,0,0,0,0
"000164.java",0,0.062015503875969,0,0.00775193798449612,0,0.410852713178295,0,0.0310077519379845,0.232558139534884,0,0,0,0,0,0,0,0,0,0,0,0,0,0.0542635658914729,0,0,0,0,0.00775193798449612,0,0,0,0,0.147286821705426,0,0,0,0,0,0,0,0,0,0,0.0310077519379845,0,0,0,0.00775193798449612,0.00775193798449612,0
"000165.java",0,0,0,0,0,0.360995850622407,0,0,0.215767634854772,0,0,0,0,0,0,0,0,0,0,0,0,0,0.016597510373444,0,0,0,0,0,0,0,0,0,0.402489626556017,0,0,0,0,0,0,0,0,0,0,0,0,0,0,0,0,0.004149377593361
"000166.java",0,0,0.00719424460431655,0,0,0.510791366906475,0,0.00719424460431655,0.201438848920863,0,0,0,0,0,0,0,0,0,0,0,0,0,0,0,0,0,0,0,0,0.151079136690647,0,0,0.0215827338129496,0,0,0,0,0,0.00719424460431655,0,0,0,0,0.0935251798561151,0,0,0,0,0,0
"000172.java",0,0.000656383327863472,0,0,0,0.0856580242861831,0,0,0.0620282244830981,0,0.000328191663931736,0,0.0036101083032491,0.000328191663931736,0,0.000984574991795208,0,0.000656383327863472,0,0.000328191663931736,0,0,0,0.0101739415818838,0,0,0.000328191663931736,0,0,0,0,0.000328191663931736,0,0,0,0,0,0,0.000656383327863472,0,0,0.000328191663931736,0.83360682638661,0,0,0,0,0,0,0
"000173.java",0,0,0,0,0,0,0,0,0,0,0,0,0,0,0.00529100529100529,0,0,0,0.00529100529100529,0,0,0,0,0,0,0.00529100529100529,0,0,0.529100529100529,0,0,0,0,0,0,0,0,0,0,0,0,0,0,0,0,0,0.455026455026455,0,0,0
"000190.java",0,0,0.0677966101694915,0,0,0.542372881355932,0,0,0.0338983050847458,0.322033898305085,0,0,0,0,0,0,0,0,0,0,0,0,0.0169491525423729,0,0,0,0,0,0,0,0,0,0,0,0.0169491525423729,0,0,0,0,0,0,0,0,0,0,0,0,0,0,0
"000223.java",0,0,0,0.781147000659196,0,0.045484508899143,0.001318391562294,0,0.113381674357284,0,0,0,0,0,0,0,0,0,0,0.000659195781147001,0,0,0,0,0,0,0,0,0,0,0,0,0,0,0,0,0,0,0,0,0,0,0,0.0580092287409361,0,0,0,0,0,0
"000240.java",0,0.0359712230215827,0,0,0,0.510791366906475,0,0,0.0215827338129496,0,0,0,0,0,0,0.0215827338129496,0,0,0,0,0,0.338129496402878,0,0,0,0,0,0,0.0215827338129496,0,0,0,0,0,0,0,0,0,0,0,0,0,0,0.0215827338129496,0,0,0,0.0287769784172662,0,0
"000241.java",0,0,0.732782369146005,0,0,0.181818181818182,0,0,0,0,0,0,0,0,0.00550964187327824,0,0,0,0,0,0,0.00275482093663912,0,0,0,0,0,0,0,0,0,0,0,0,0.00550964187327824,0,0,0,0,0,0,0,0,0,0.0716253443526171,0,0,0,0,0
"000248.java",0,0.0588235294117647,0.264705882352941,0,0,0.382352941176471,0,0,0,0,0,0,0,0,0,0,0,0,0.294117647058824,0,0,0,0,0,0,0,0,0,0,0,0,0,0,0,0,0,0,0,0,0,0,0,0,0,0,0,0,0,0,0
"000249.java",0,0,0,0,0,0.127429805615551,0,0,0.319654427645788,0,0,0,0,0,0,0,0,0,0,0,0.548596112311015,0,0,0,0,0,0,0,0,0.00215982721382289,0,0,0,0,0,0,0,0,0,0,0,0,0,0.00215982721382289,0,0,0,0,0,0
"000250.java",0,0,0.648881239242685,0.00172117039586919,0.00688468158347676,0.173838209982788,0,0,0.158347676419966,0,0,0,0.00516351118760757,0,0,0,0,0,0,0,0.00172117039586919,0,0,0,0.00172117039586919,0,0,0,0.00172117039586919,0,0,0,0,0,0,0,0,0,0,0,0,0,0,0,0,0,0,0,0,0
