"V1","V2","V3","V4","V5","V6","V7","V8","V9","V10","V11","V12","V13","V14","V15","V16","V17","V18","V19","V20","V21","V22","V23","V24","V25","V26","V27","V28","V29","V30","V31","V32","V33","V34","V35","V36","V37","V38","V39","V40","V41","V42","V43","V44","V45","V46","V47","V48","V49","V50"
"000001.java",0,0,0.0397350993377483,0.00441501103752759,0,0,0,0,0,0.0551876379690949,0,0,0.289183222958057,0,0,0,0,0,0,0,0.00441501103752759,0.560706401766004,0,0,0.0132450331125828,0,0,0,0,0.011037527593819,0,0,0,0,0,0,0,0.0154525386313466,0,0,0,0,0,0.00662251655629139,0,0,0,0,0,0
"000002.java",0,0.00121802679658952,0,0,0,0,0,0,0,0.02557856272838,0,0.0158343483556638,0.135200974421437,0,0,0,0,0,0,0,0,0.71741778319123,0,0,0,0,0,0,0.0219244823386114,0.00243605359317905,0,0,0,0,0,0,0,0.00121802679658952,0,0,0.0548112058465286,0.00121802679658952,0,0,0.023142509135201,0,0,0,0,0
"000003.java",0,0,0.0161662817551963,0,0,0,0,0,0,0.000577367205542725,0.000577367205542725,0,0.0727482678983834,0,0,0,0.000577367205542725,0,0,0,0,0.877598152424942,0,0,0,0.0023094688221709,0,0.0023094688221709,0,0,0,0.000577367205542725,0,0,0,0,0,0,0.0132794457274827,0,0,0,0,0.000577367205542725,0,0,0.00173210161662818,0.00115473441108545,0,0.00981524249422633
"000004.java",0,0,0,0,0,0.0033112582781457,0,0,0,0,0,0,0.552980132450331,0,0,0,0,0,0,0,0,0,0.162251655629139,0,0.0033112582781457,0,0,0.0033112582781457,0,0,0,0.00662251655629139,0,0,0,0,0,0.132450331125828,0.0033112582781457,0.00993377483443709,0,0,0,0.0927152317880795,0,0.0298013245033113,0,0,0,0
"000005.java",0,0,0,0,0,0.0121457489878543,0,0,0,0,0.00404858299595142,0,0.554655870445344,0.303643724696356,0,0,0,0,0,0,0,0,0,0,0,0,0,0,0,0,0,0,0,0,0,0,0,0.00404858299595142,0,0,0.121457489878543,0,0,0,0,0,0,0,0,0
"000018.java",0.00495049504950495,0.00495049504950495,0,0,0,0,0,0,0,0,0,0,0.475247524752475,0,0,0,0,0,0,0.0445544554455446,0,0.0198019801980198,0,0,0,0.00495049504950495,0,0,0,0,0,0,0,0,0,0,0,0,0,0.00495049504950495,0.396039603960396,0,0,0,0,0.0445544554455446,0,0,0,0
"000019.java",0,0,0.00333333333333333,0,0,0,0.0166666666666667,0,0,0.00666666666666667,0,0,0.38,0,0.00333333333333333,0,0,0,0,0.24,0.04,0,0,0,0,0,0,0,0,0,0,0,0,0,0,0,0,0,0,0,0.306666666666667,0,0,0,0.00333333333333333,0,0,0,0,0
"000020.java",0,0.0162162162162162,0,0,0,0,0,0,0,0,0,0,0.405405405405405,0,0,0,0.102702702702703,0,0,0.0810810810810811,0,0,0,0,0,0,0,0,0,0,0,0,0,0,0,0,0,0,0,0,0.389189189189189,0,0,0,0,0,0,0,0.00540540540540541,0
"000023.java",0,0,0,0,0,0,0,0,0,0.00842358604091456,0,0,0.132972322503008,0.00120336943441637,0,0,0,0,0,0,0.000601684717208183,0,0,0,0,0,0,0,0,0,0.770758122743682,0,0,0,0,0,0,0.00120336943441637,0,0,0.0613718411552347,0.000601684717208183,0.022864019253911,0,0,0,0,0,0,0
"000025.java",0,0,0,0,0,0,0,0,0.00113378684807256,0,0,0.00113378684807256,0.383219954648526,0,0,0,0,0,0,0,0.00113378684807256,0,0,0.0249433106575964,0.00680272108843537,0.00113378684807256,0,0,0,0.00226757369614512,0,0,0,0,0,0,0,0,0,0,0.179138321995465,0.00113378684807256,0,0.385487528344671,0,0.00113378684807256,0,0.00113378684807256,0.0102040816326531,0
"000026.java",0,0,0,0,0,0.000339962604113548,0,0,0,0,0,0,0.00492945775964644,0,0,0,0,0,0,0,0.951045385007649,0,0,0,0,0,0,0,0,0.000339962604113548,0,0.000169981302056774,0,0,0,0,0,0,0,0,0.0431752507224205,0,0,0,0,0,0,0,0,0
"000030.java",0,0,0,0,0,0,0,0,0,0,0.433929419211901,0,0.0126602310492166,0,0,0.000158252888115208,0.000158252888115208,0,0,0,0.000474758664345624,0,0,0,0.000158252888115208,0,0,0,0.000158252888115208,0,0,0,0,0,0,0,0,0.549454027536003,0,0.000633011552460832,0.00221554043361291,0,0,0,0,0,0,0,0,0
"000035.java",0,0,0,0,0,0,0,0,0,0,0,0,0.0717325227963526,0,0,0,0.741641337386018,0,0,0,0.00060790273556231,0,0,0,0,0,0,0,0,0,0.00060790273556231,0,0,0,0,0.00060790273556231,0,0,0,0.00182370820668693,0.179939209726444,0,0,0,0,0.00303951367781155,0,0,0,0
"000036.java",0,0,0,0,0,0,0,0,0,0,0,0,0.142857142857143,0,0,0,0.687218045112782,0,0,0,0,0,0,0,0,0,0.00300751879699248,0,0,0,0,0,0,0,0,0,0,0,0,0,0.166917293233083,0,0,0,0,0,0,0,0,0
"000040.java",0,0,0,0,0,0,0,0,0,0,0,0.00112676056338028,0.138028169014085,0,0,0,0,0,0,0,0,0,0,0,0.824225352112676,0.00169014084507042,0,0,0,0,0,0,0,0,0,0,0,0.0287323943661972,0,0,0,0.000563380281690141,0,0,0,0,0,0,0.00563380281690141,0
"000043.java",0.0152838427947598,0,0,0,0,0.00218340611353712,0,0.00436681222707424,0,0,0,0,0.255458515283843,0,0,0,0.111353711790393,0,0,0,0,0,0,0.246724890829694,0,0,0.00873362445414847,0.00436681222707424,0.00218340611353712,0,0,0,0,0,0,0,0,0.00436681222707424,0,0.00436681222707424,0.209606986899563,0,0,0,0,0.11353711790393,0.0109170305676856,0,0.00655021834061135,0
"000044.java",0,0,0,0,0,0,0,0,0,0,0,0.00016417665407979,0.0261040879986866,0,0,0,0,0,0.00344770973567559,0,0,0,0,0.00049252996223937,0,0,0,0,0.956985716631095,0,0.00032835330815958,0,0,0,0,0,0,0.0108356591692661,0,0.00032835330815958,0,0,0,0,0,0.00131341323263832,0,0,0,0
"000045.java",0,0,0.000226808800181447,0,0,0,0,0,0,0,0,0,0.0440009072352007,0,0,0,0,0,0.362440462689952,0.000226808800181447,0,0,0,0,0,0,0,0,0.586981174869585,0,0,0,0,0,0,0,0,0.00408255840326605,0,0.000680426400544341,0,0,0.000453617600362894,0,0,0,0,0.000907235200725788,0,0
"000059.java",0,0,0,0.875109938434477,0,0.00351802990325418,0,0,0,0,0,0,0.119613016710642,0,0,0,0,0,0.000879507475813544,0,0,0,0,0,0,0,0,0,0,0,0,0,0,0,0,0,0,0,0,0,0,0,0,0,0,0,0,0,0.000879507475813544,0
"000062.java",0,0,0,0,0,0.00784518828451883,0,0,0,0,0,0,0.0742677824267782,0,0,0,0,0,0,0,0.000523012552301255,0,0,0,0.00156903765690377,0,0,0,0.00209205020920502,0,0,0,0,0,0.634937238493724,0,0,0.0298117154811715,0,0,0.246861924686192,0,0,0,0,0,0,0.00156903765690377,0.000523012552301255,0
"000067.java",0.214285714285714,0,0.0584415584415584,0,0,0,0,0,0,0,0,0,0.269480519480519,0,0,0,0,0,0,0.0795454545454545,0,0,0,0,0,0,0,0,0,0.0227272727272727,0.00324675324675325,0,0.00487012987012987,0,0,0,0,0,0.00162337662337662,0.0551948051948052,0.288961038961039,0,0,0,0.00162337662337662,0,0,0,0,0
"000078.java",0,0.0182926829268293,0,0.140243902439024,0.0487804878048781,0,0,0,0,0,0,0,0.548780487804878,0,0,0.164634146341463,0,0,0,0,0,0,0,0,0,0,0,0,0,0,0,0.00609756097560976,0.0365853658536585,0,0,0.0121951219512195,0,0,0,0.00609756097560976,0.00609756097560976,0,0,0.00609756097560976,0,0,0,0,0,0.00609756097560976
"000080.java",0,0,0,0.00452488687782805,0,0.0452488687782805,0,0,0.00452488687782805,0,0,0,0.570135746606335,0.16289592760181,0,0,0,0,0,0,0,0,0,0,0.00452488687782805,0,0,0,0,0,0,0,0,0,0,0,0,0.0542986425339367,0,0,0.122171945701357,0,0,0,0,0,0.00452488687782805,0,0,0.0271493212669683
"000091.java",0,0,0.732459248759745,0,0,0,0,0,0,0.125088589652729,0,0,0,0,0.000354358610914245,0,0,0,0,0,0,0,0,0,0,0,0.00070871722182849,0,0,0,0,0,0,0,0,0,0.00070871722182849,0,0,0,0.139971651311127,0,0,0,0,0,0,0,0,0.00070871722182849
"000098.java",0,0,0,0,0,0,0,0,0,0.000203417412530513,0,0,0.0974369406021155,0,0.000203417412530513,0,0.00447518307567128,0,0,0,0.0016273393002441,0,0,0,0,0,0,0.00122050447518308,0,0,0,0,0,0,0,0,0,0.0181041497152156,0,0,0.0471928397070789,0.000610252237591538,0,0,0,0,0,0,0.828722538649308,0.000203417412530513
"000106.java",0,0,0,0.012987012987013,0,0.0194805194805195,0,0,0,0,0,0,0.571428571428571,0,0,0.025974025974026,0.0844155844155844,0,0,0,0,0,0,0.0844155844155844,0,0,0,0,0,0,0,0,0,0,0,0,0,0,0,0,0.188311688311688,0,0,0.00649350649350649,0,0.00649350649350649,0,0,0,0
"000109.java",0,0,0.0222222222222222,0,0,0,0,0,0.311111111111111,0,0,0,0.577777777777778,0,0,0,0,0,0,0,0,0,0,0.0222222222222222,0,0,0,0.0222222222222222,0,0,0,0,0.0444444444444444,0,0,0,0,0,0,0,0,0,0,0,0,0,0,0,0,0
"000111.java",0.00323275862068966,0,0,0,0,0,0,0,0,0,0,0,0.0991379310344828,0,0.664870689655172,0.00107758620689655,0,0,0,0,0.0021551724137931,0.00107758620689655,0,0,0,0,0,0,0,0,0,0,0,0,0,0,0,0.0237068965517241,0,0,0.199353448275862,0,0,0.00538793103448276,0,0,0,0,0,0
"000115.java",0,0,0,0,0.00238663484486874,0,0,0,0,0,0,0,0.305489260143198,0,0,0,0.00238663484486874,0,0,0,0,0,0,0.274463007159905,0,0,0,0,0,0,0,0.00238663484486874,0,0,0,0,0,0,0,0,0.315035799522673,0,0,0.0978520286396181,0,0,0,0,0,0
"000116.java",0,0.0134099616858238,0,0,0.000957854406130268,0.0028735632183908,0,0,0,0,0,0,0.0766283524904215,0,0,0.000957854406130268,0.024904214559387,0,0,0,0,0,0,0,0,0,0,0,0.0210727969348659,0,0.0114942528735632,0,0,0,0.000957854406130268,0,0,0,0,0.0153256704980843,0.279693486590038,0.46264367816092,0,0,0.0440613026819923,0,0.0440613026819923,0,0,0.000957854406130268
"000124.java",0,0,0,0,0,0,0,0,0.000480769230769231,0.000480769230769231,0,0,0.0620192307692308,0,0,0,0,0,0,0,0,0,0,0,0.000480769230769231,0,0,0.000480769230769231,0,0,0,0,0,0,0,0,0,0,0.932692307692308,0,0.00240384615384615,0,0,0,0,0,0,0,0,0.000961538461538462
"000132.java",0,0,0,0.000557310050157905,0,0,0,0,0,0.0169050715214564,0,0,9.28850083596508e-05,0,0,0,0,0,0,0,0,0,0,0,9.28850083596508e-05,9.28850083596508e-05,0,0,0.0168121865130968,9.28850083596508e-05,9.28850083596508e-05,0,0,9.28850083596508e-05,0,0,0,9.28850083596508e-05,0,0.930150473713543,0.0343674530930708,0,0,0,0,0.000278655025078952,0,9.28850083596508e-05,0,0.000185770016719302
"000134.java",0,0,0.00115606936416185,0,0,0,0,0.00115606936416185,0,0,0,0,0.110982658959538,0,0,0,0.583815028901734,0,0.00115606936416185,0,0,0.0046242774566474,0,0,0.0254335260115607,0.046242774566474,0,0,0,0,0,0,0,0,0,0,0,0,0,0,0.224277456647399,0,0,0,0,0,0,0,0.00115606936416185,0
"000136.java",0,0,0,0.0748663101604278,0.27807486631016,0,0,0,0,0,0,0.0374331550802139,0.406417112299465,0,0.0160427807486631,0,0,0,0,0,0,0,0,0,0,0,0,0,0.0053475935828877,0,0,0,0,0,0.0106951871657754,0,0,0,0,0,0.053475935828877,0,0,0,0,0,0,0.117647058823529,0,0
"000137.java",0,0,0,0.000533049040511727,0.000533049040511727,0,0,0,0,0.288912579957356,0,0,0.099680170575693,0,0,0,0,0.287846481876333,0,0,0,0.00106609808102345,0,0,0.000533049040511727,0,0,0.000533049040511727,0,0,0,0.00213219616204691,0,0,0,0.000533049040511727,0,0.005863539445629,0,0,0.303304904051173,0,0,0,0,0.00639658848614072,0.000533049040511727,0,0.00106609808102345,0.000533049040511727
"000138.java",0.00332225913621262,0,0,0,0.159468438538206,0,0,0.0299003322259136,0,0,0,0,0.551495016611296,0,0,0,0,0.169435215946844,0,0,0,0,0,0,0,0,0,0,0,0,0,0.00332225913621262,0,0,0,0.00332225913621262,0,0,0,0.0132890365448505,0,0,0,0,0,0,0,0,0.0664451827242525,0
"000139.java",0,0,0,0,0,0,0,0,0,0.249295774647887,0,0,0,0,0,0,0,0,0,0,0,0.000704225352112676,0,0,0,0.00845070422535211,0,0,0,0,0,0.258450704225352,0,0,0,0,0,0.00422535211267606,0,0,0.454929577464789,0.000704225352112676,0,0,0,0,0,0,0,0.0232394366197183
"000140.java",0,0,0,0,0,0,0.0101010101010101,0,0,0,0,0,0.484848484848485,0,0,0,0,0,0,0,0,0,0,0,0,0,0,0.0606060606060606,0,0,0,0,0.252525252525253,0,0,0,0,0,0,0,0,0,0,0,0,0,0,0.191919191919192,0,0
"000141.java",0,0,0,0,0,0.00930232558139535,0,0.00465116279069767,0,0.00465116279069767,0,0,0.376744186046512,0,0.0325581395348837,0,0.306976744186047,0,0,0,0,0,0,0,0,0,0,0,0,0,0,0,0,0,0,0,0,0,0,0,0.186046511627907,0,0.00465116279069767,0,0.00465116279069767,0.0697674418604651,0,0,0,0
"000142.java",0,0,0,0,0,0,0,0,0,0,0,0,0,0,0,0,0,0,0,0,0,0,0,0,0,0,0,0,0,0,0.00246913580246914,0.00246913580246914,0,0,0,0,0,0,0,0,0,0,0,0.00246913580246914,0,0,0,0.992592592592593,0,0
"000143.java",0,0,0,0,0,0,0,0,0,0.264740566037736,0,0,0.0277122641509434,0,0,0,0,0,0,0.000589622641509434,0,0,0,0,0,0,0,0,0,0,0,0.258254716981132,0,0,0,0,0,0.00943396226415094,0.000589622641509434,0,0.433372641509434,0,0,0.00117924528301887,0,0,0,0,0.00412735849056604,0
"000144.java",0,0,0,0,0,0,0,0,0,0,0,0,0,0,0,0,0,0,0,0,0,0,0,0,0.00276243093922652,0,0,0,0,0,0,0,0,0,0.00276243093922652,0,0,0,0,0,0.226519337016575,0,0,0,0,0,0,0.767955801104972,0,0
"000145.java",0,0,0.00392156862745098,0,0,0,0,0,0,0,0,0,0,0,0,0,0,0,0,0,0,0,0,0,0,0,0,0,0,0,0,0,0,0,0,0,0,0,0,0,0,0,0,0,0,0,0,0.996078431372549,0,0
"000146.java",0,0,0,0.183673469387755,0,0,0,0,0,0,0,0,0,0,0,0,0,0,0,0,0.0204081632653061,0,0,0,0,0,0.0612244897959184,0,0,0,0,0,0,0.26530612244898,0,0,0,0.0204081632653061,0.0408163265306122,0,0,0,0,0,0,0,0,0.387755102040816,0.0204081632653061,0
"000147.java",0,0,0,0.0192592592592593,0,0,0,0,0,0,0,0,0,0,0,0.00444444444444444,0,0,0,0,0,0,0,0,0,0,0,0,0,0,0,0,0,0.0103703703703704,0,0,0,0,0,0,0,0,0.00592592592592593,0,0,0,0,0.96,0,0
"000148.java",0,0,0,0,0,0,0,0,0,0,0,0,0,0,0,0,0,0,0,0,0,0,0,0,0,0,0,0,0,0,0,0,0,0,0,0,0,0,0,0,0,0,0,0,0,0,0,1,0,0
"000149.java",0,0,0,0,0,0,0,0,0,0.00325732899022801,0,0.00651465798045603,0,0,0,0,0,0,0.00651465798045603,0.0293159609120521,0,0,0,0,0,0,0,0,0,0,0,0,0.00651465798045603,0,0,0,0.00325732899022801,0,0,0,0,0,0,0,0,0.00325732899022801,0,0.941368078175896,0,0
"000150.java",0,0.00247524752475248,0,0,0,0,0.00247524752475248,0,0,0,0.00247524752475248,0,0,0,0,0,0,0,0,0,0,0,0,0.00247524752475248,0,0,0.00247524752475248,0,0,0,0,0,0.00247524752475248,0,0,0,0,0,0.00247524752475248,0,0,0,0,0,0,0,0,0.982673267326733,0,0
"000151.java",0.000323624595469256,0,0,0,0,0.817152103559871,0,0,0,0,0,0,0.0766990291262136,0,0,0,0,0,0,0,0,0,0,0,0,0,0,0,0,0,0,0,0,0,0,0,0.0129449838187702,0.00647249190938511,0.000323624595469256,0,0.084789644012945,0,0,0,0,0.000970873786407767,0,0.000323624595469256,0,0
"000152.java",0.0363951473136915,0,0,0,0.0207972270363951,0.0173310225303293,0,0.51473136915078,0,0,0,0.0311958405545927,0.258232235701906,0,0,0,0,0,0.0121317157712305,0,0,0,0,0.00346620450606586,0,0.0745233968804159,0.00173310225303293,0,0,0.0190641247833622,0,0,0,0,0,0,0,0,0,0,0,0,0,0,0,0,0,0,0.0103986135181976,0
"000156.java",0,0,0.0139664804469274,0,0,0,0,0,0,0.0726256983240224,0,0,0.18645251396648,0,0,0,0,0,0.00209497206703911,0,0,0.00209497206703911,0,0,0,0,0,0,0,0.710893854748603,0.00349162011173184,0,0,0,0,0.00349162011173184,0.000698324022346369,0,0,0,0,0,0.000698324022346369,0,0.00139664804469274,0,0,0,0.00209497206703911,0
"000157.java",0,0,0,0,0,0,0,0,0,0,0,0.000318877551020408,0.10172193877551,0,0,0.000637755102040816,0.000956632653061224,0,0.00286989795918367,0,0,0,0,0,0,0.000318877551020408,0,0,0,0,0.000318877551020408,0,0,0,0,0,0.89094387755102,0,0.000318877551020408,0,0,0,0,0.00159438775510204,0,0,0,0,0,0
"000160.java",0.0205479452054795,0,0,0,0.00342465753424658,0,0,0,0,0,0,0,0.523972602739726,0,0,0,0.00342465753424658,0,0,0,0.00684931506849315,0,0,0.438356164383562,0,0,0,0,0.00342465753424658,0,0,0,0,0,0,0,0,0,0,0,0,0,0,0,0,0,0,0,0,0
"000172.java",0,0,0,0,0,0.0198830409356725,0,0,0,0.0128654970760234,0,0,0.175438596491228,0,0,0,0,0,0,0,0,0.00116959064327485,0,0,0,0,0,0,0,0,0,0,0,0,0,0,0,0.0339181286549708,0,0,0.189473684210526,0,0,0,0,0.00116959064327485,0.56374269005848,0,0.00233918128654971,0
"000175.java",0,0,0,0,0,0,0,0,0,0,0,0,0.112759643916914,0,0,0,0,0,0,0,0,0,0,0,0,0,0,0.000593471810089021,0,0,0,0,0,0,0.000593471810089021,0,0,0,0,0,0.173293768545994,0.701483679525223,0.00474777448071217,0.00593471810089021,0,0.000593471810089021,0,0,0,0
"000176.java",0,0,0,0.00602409638554217,0.796041308089501,0,0.000860585197934596,0,0,0,0,0,0.189328743545611,0,0,0,0,0,0,0,0,0.00172117039586919,0,0,0,0,0,0,0,0,0,0,0,0,0,0,0,0.00516351118760757,0,0,0,0,0,0.000860585197934596,0,0,0,0,0,0
"000177.java",0,0,0,0,0.0246679316888046,0.0113851992409867,0,0.00379506641366224,0,0,0,0,0.468690702087287,0,0,0,0,0.015180265654649,0,0.229601518026565,0,0,0,0,0,0.00189753320683112,0,0.00379506641366224,0,0,0,0,0,0,0,0,0.00759013282732448,0,0,0.032258064516129,0.15180265654649,0,0,0,0,0.0132827324478178,0,0,0.0360531309297913,0
"000178.java",0,0,0,0,0,0,0,0.0439739413680782,0,0,0,0,0.299674267100977,0,0,0,0,0,0,0,0,0,0,0,0,0,0,0.00162866449511401,0.123778501628664,0.457654723127036,0,0,0,0,0,0,0.00162866449511401,0.0488599348534202,0,0,0,0,0,0,0,0.0179153094462541,0,0,0.00488599348534202,0
"000180.java",0,0,0,0,0,0,0,0,0,0,0,0,0.305471124620061,0,0,0,0,0,0.00151975683890578,0,0,0,0,0,0.00759878419452888,0,0.490881458966565,0,0,0,0,0,0,0,0,0,0,0.113981762917933,0,0,0.0714285714285714,0,0,0,0,0.00911854103343465,0,0,0,0
"000185.java",0,0,0,0,0,0,0.400343642611684,0,0,0,0,0.00171821305841924,0.379725085910653,0,0,0,0.00171821305841924,0,0,0,0,0,0,0,0,0,0,0,0.00171821305841924,0,0.00171821305841924,0,0,0,0,0,0,0.0395189003436426,0,0.00171821305841924,0.156357388316151,0,0.0120274914089347,0,0,0,0,0,0.00171821305841924,0.00171821305841924
"000186.java",0,0,0,0,0.000916590284142988,0.000916590284142988,0.000916590284142988,0,0,0.0467461044912924,0,0,0.311640696608616,0,0,0.00183318056828598,0,0,0,0,0.000916590284142988,0,0,0,0,0,0,0,0.00366636113657195,0,0.00458295142071494,0,0,0,0,0.442713107241063,0,0.0889092575618698,0,0,0,0.0238313473877177,0,0,0.0265811182401467,0,0,0,0,0.0458295142071494
"000187.java",0.000323380403147569,0,0,0,0.000107793467715856,0,0,0,0,0,0,0,0.0194028241888542,0,0,0,0,0,0,0,0,0,0,0,0,0.000107793467715856,0,0,0,0.000215586935431713,0,0,0.000107793467715856,0,0,0,0,0.0246847041069311,0,0,0.210844022852215,0,0,0,0,0,0,0,0,0.744206101110273
"000188.java",0,0,0,0,0.000355555555555556,0,0,0,0,0.0499555555555556,0,0,0.0254222222222222,0,0,0,0,0,0.00177777777777778,0,0,0,0,0,0,0,0.000177777777777778,0,0,0,0.000711111111111111,0,0,0,0,0,0,0.00586666666666667,0,0,0.0273777777777778,0,0.888177777777778,0,0,0,0,0,0.000177777777777778,0
"000189.java",0.202319587628866,0,0,0,0,0,0.00257731958762887,0,0,0,0,0,0.326030927835052,0,0,0.00128865979381443,0,0,0,0.127577319587629,0,0,0,0,0,0,0,0,0.00128865979381443,0,0,0,0,0,0,0,0.0115979381443299,0,0,0,0.326030927835052,0,0,0,0,0,0,0.00128865979381443,0,0
"000190.java",0,0,0,0,0,0.00662251655629139,0,0,0,0,0,0,0.410596026490066,0,0,0,0,0,0,0.288079470198675,0,0,0,0,0,0,0,0,0,0,0,0.0397350993377483,0,0,0.0033112582781457,0,0.0033112582781457,0.0033112582781457,0,0,0.119205298013245,0,0.0298013245033113,0,0,0.0695364238410596,0,0,0,0.0264900662251656
"000191.java",0,0,0,0,0,0,0,0.00366300366300366,0,0,0,0,0.498168498168498,0,0,0.00366300366300366,0,0,0.0183150183150183,0.113553113553114,0,0,0,0,0.0183150183150183,0.175824175824176,0,0,0,0.00366300366300366,0,0,0,0,0,0,0,0,0.00732600732600733,0,0.032967032967033,0,0.0402930402930403,0,0.00366300366300366,0.0769230769230769,0,0,0,0.00366300366300366
"000194.java",0,0,0.00132275132275132,0,0,0,0,0,0,0,0,0,0.0806878306878307,0,0,0,0,0,0,0,0,0,0,0,0,0.738095238095238,0,0,0,0,0,0,0,0,0,0,0,0.000440917107583774,0,0,0.179012345679012,0,0.000440917107583774,0,0,0,0,0,0,0
"000196.java",0,0.000171350239890336,0,0,0,0,0,0,0,0,0,0,0.0152501713502399,0,0,0,0.000342700479780672,0,0,0,0,0,0,0,0,0.000171350239890336,0,0,0,0,0,0,0,0,0,0,0,0,0,0,0.326079506511309,0,0,0,0,0.65798492117889,0,0,0,0
"000197.java",0,0,0,0,0.0114942528735632,0,0,0.187739463601533,0,0.00191570881226054,0,0,0.298850574712644,0,0,0,0,0,0,0,0,0,0,0,0,0.124521072796935,0,0,0,0.0498084291187739,0,0,0,0,0,0.226053639846743,0,0,0,0.0574712643678161,0,0,0.0344827586206897,0,0,0,0,0.00766283524904215,0,0
"000199.java",0,0,0,0.00269541778975741,0,0,0,0,0,0,0,0.00269541778975741,0.355795148247978,0,0,0,0,0,0.102425876010782,0.0808625336927224,0,0,0,0,0,0.331536388140162,0,0.107816711590297,0,0,0,0,0,0,0,0,0,0,0,0,0,0,0,0,0,0.0161725067385445,0,0,0,0
"000200.java",0,0,0,0,0,0,0.360805860805861,0,0,0,0,0.00549450549450549,0.446886446886447,0,0,0,0,0.00183150183150183,0,0,0,0,0,0,0,0,0,0,0,0,0,0,0,0,0,0.0512820512820513,0,0.0201465201465201,0,0.00183150183150183,0.10989010989011,0,0,0.00183150183150183,0,0,0,0,0,0
"000201.java",0,0,0,0,0,0,0,0,0,0,0,0,0.134699853587116,0,0,0,0.000732064421669107,0,0,0,0,0,0,0,0,0,0,0.566617862371889,0,0,0,0,0,0,0,0,0,0,0,0,0.295754026354319,0,0,0,0,0,0,0.00219619326500732,0,0
"000202.java",0,0,0,0,0,0,0,0.286324786324786,0,0.0213675213675214,0,0,0.47008547008547,0.00427350427350427,0,0,0,0,0,0.0299145299145299,0,0,0,0,0,0,0,0,0,0.0512820512820513,0,0,0,0,0,0,0,0.0982905982905983,0,0.0128205128205128,0,0,0,0,0.00427350427350427,0.0213675213675214,0,0,0,0
"000225.java",0,0,0,0,0,0,0.00390117035110533,0,0,0,0,0,0.288686605981795,0,0,0.0104031209362809,0,0,0,0.296488946684005,0,0,0,0,0,0,0,0,0,0.00520156046814044,0.00130039011703511,0,0,0.00130039011703511,0.00130039011703511,0,0,0,0,0,0.123537061118335,0.00390117035110533,0,0,0.135240572171652,0,0,0,0,0.128738621586476
"000226.java",0,0.0596330275229358,0,0.0917431192660551,0,0,0,0,0,0,0,0,0.55045871559633,0,0,0,0,0,0,0.18348623853211,0,0,0,0,0,0,0,0,0,0,0,0,0.00458715596330275,0,0,0,0,0,0,0,0,0,0,0,0,0,0,0.105504587155963,0.00458715596330275,0
"000228.java",0,0,0,0.0340909090909091,0.698863636363636,0,0,0,0.00568181818181818,0,0,0,0.176136363636364,0,0,0.0397727272727273,0,0,0,0,0,0,0,0,0.0340909090909091,0,0.0113636363636364,0,0,0,0,0,0,0,0,0,0,0,0,0,0,0,0,0,0,0,0,0,0,0
"000231.java",0,0.795430944963655,0,0,0,0,0,0,0,0,0,0,0.193146417445483,0,0,0.0103842159916926,0,0,0,0,0,0,0,0,0,0,0,0,0,0,0,0,0,0,0,0,0,0.00103842159916926,0,0,0,0,0,0,0,0,0,0,0,0
"000237.java",0.000205634382068682,0,0,0.00185070943861814,0,0.000822537528274727,0.000205634382068682,0,0,0,0,0.000616903146206046,0.0409212420316677,0,0,0,0,0.000411268764137364,0,0,0.000205634382068682,0,0,0,0,0.000822537528274727,0,0,0.000616903146206046,0,0,0,0,0,0,0,0,0.0394818013571869,0,0,0.243676742751388,0,0.00370141887723627,0,0.666461032284598,0,0,0,0,0
"000276.java",0,0.00173913043478261,0,0,0,0,0,0,0,0,0,0,0.0904347826086957,0,0,0.76,0,0,0,0,0,0.00695652173913044,0,0,0,0,0,0,0,0,0,0,0,0,0,0,0,0,0,0,0.0539130434782609,0,0,0,0.0869565217391304,0,0,0,0,0
"000277.java",0,0,0,0.00775193798449612,0,0,0,0,0,0,0,0,0.24031007751938,0,0,0.728682170542636,0,0,0,0,0,0.00775193798449612,0,0,0,0,0,0,0,0,0,0,0,0,0,0.00775193798449612,0,0,0,0.00775193798449612,0,0,0,0,0,0,0,0,0,0
"000278.java",0,0,0,0,0,0,0,0,0,0,0,0,0.284552845528455,0,0,0.699186991869919,0,0,0,0,0,0,0,0,0,0,0,0,0,0,0,0,0,0,0,0,0,0.00813008130081301,0,0,0,0,0,0,0.00813008130081301,0,0,0,0,0
"000279.java",0.00245098039215686,0,0,0,0,0,0,0,0,0,0,0,0.115196078431373,0,0,0.644607843137255,0,0,0,0,0,0,0,0,0.0122549019607843,0,0,0,0,0,0,0.00245098039215686,0,0,0,0,0.00245098039215686,0,0,0,0.220588235294118,0,0,0,0,0,0,0,0,0
"000280.java",0,0,0,0,0,0,0,0,0,0,0,0,0.150684931506849,0,0,0.821917808219178,0,0,0,0,0,0,0.0091324200913242,0.0045662100456621,0,0,0,0.0091324200913242,0,0,0,0,0,0,0,0,0,0,0,0,0,0,0,0,0,0,0,0.0045662100456621,0,0
"000281.java",0,0,0,0,0,0,0,0,0,0.00719424460431655,0,0.00719424460431655,0.589928057553957,0,0,0.266187050359712,0,0,0,0,0,0,0,0,0,0,0.0143884892086331,0.0719424460431655,0,0,0,0,0,0.00719424460431655,0,0,0,0,0,0.0143884892086331,0,0,0,0.00719424460431655,0,0,0,0,0.0143884892086331,0
"000282.java",0.0125291994053939,0,0,0,0,0,0,0,0,0,0,0.762369929921427,0.0675302612019537,0,0.000424718623911659,0,0,0,0.000212359311955829,0,0,0.000212359311955829,0,0,0,0.0218730091314504,0,0,0,0,0.000424718623911659,0,0,0,0.000424718623911659,0,0,0,0,0.00106179655977915,0.130813336164791,0,0,0,0.000424718623911659,0,0.000212359311955829,0,0.0014865151836908,0
"000283.java",0,0,0,0.00114155251141553,0,0,0,0.00114155251141553,0,0,0,0.812785388127854,0.179223744292237,0,0,0,0,0,0,0,0,0,0,0,0,0,0,0,0,0.00114155251141553,0,0,0,0,0,0,0,0,0,0,0,0,0,0,0,0,0,0.00114155251141553,0.00342465753424658,0
"000292.java",0,0,0.00131622244159263,0.0046067785455742,0.00954261270154656,0,0,0,0,0.00131622244159263,0,0,0.128989799276078,0,0,0,0,0,0,0,0,0,0,0,0,0,0.000329055610398157,0,0,0,0,0,0.812109246462652,0,0,0.00197433366238894,0,0.00361961171437973,0.000329055610398157,0.00131622244159263,0.0338927278710102,0,0,0,0,0,0,0,0.000658111220796315,0
"000317.java",0.324292452830189,0,0.00471698113207547,0,0,0.0389150943396226,0.00471698113207547,0,0,0,0,0,0.195754716981132,0,0.00117924528301887,0,0.0200471698113208,0,0,0.00235849056603774,0,0,0,0,0,0,0,0,0,0,0,0.0035377358490566,0,0,0,0,0,0,0,0,0.358490566037736,0,0,0.00235849056603774,0,0,0,0,0.0436320754716981,0
"000318.java",0.473105841526894,0,0,0,0,0,0,0,0,0,0,0.137073452862927,0.0855986119144014,0,0,0,0.000578368999421631,0,0.000578368999421631,0,0,0.000578368999421631,0,0,0,0,0,0,0.000578368999421631,0,0,0,0,0,0,0,0.0144592249855408,0,0,0,0.287449392712551,0,0,0,0,0,0,0,0,0
"000320.java",0,0,0,0,0,0,0,0,0,0.00337837837837838,0,0,0.231418918918919,0,0,0,0,0,0,0,0,0,0,0,0,0,0,0,0,0,0,0,0,0,0,0,0,0,0,0,0.266891891891892,0,0,0.440878378378378,0,0,0,0,0.0574324324324324,0
"000321.java",0,0,0.00294985250737463,0,0.0176991150442478,0,0.00294985250737463,0.141592920353982,0,0.0206489675516224,0,0,0.289085545722714,0,0,0,0,0,0,0,0,0,0,0,0,0,0,0,0.191740412979351,0,0.00294985250737463,0,0,0,0,0,0,0,0,0.274336283185841,0,0,0,0,0,0,0,0,0,0.056047197640118
"000322.java",0.00766283524904215,0,0,0,0,0.295019157088123,0,0.0804597701149425,0,0,0,0,0.348659003831418,0,0,0,0,0,0,0.176245210727969,0,0,0,0,0,0,0,0,0,0,0,0,0,0,0,0,0,0,0,0.0842911877394636,0,0.00383141762452107,0,0,0.00383141762452107,0,0,0,0,0
"000330.java",0.0100614868641699,0,0.0072666294019005,0,0,0,0,0.667411961989938,0,0.0536612632755729,0,0,0.1078814980436,0,0,0,0.00111794298490777,0,0,0.00111794298490777,0,0,0,0,0,0.000558971492453885,0,0,0.00111794298490777,0,0.00335382895472331,0,0,0,0,0,0,0.063163778647289,0,0,0.0788149804359978,0,0,0,0,0.00447177193963108,0,0,0,0
"000343.java",0,0,0,0,0,0,0,0.00921658986175115,0,0,0,0,0.419354838709677,0,0,0,0,0,0.165898617511521,0.00921658986175115,0,0,0,0,0.00921658986175115,0,0,0,0,0,0.00460829493087558,0,0,0,0,0.105990783410138,0,0.032258064516129,0,0.179723502304147,0,0,0.032258064516129,0,0,0.032258064516129,0,0,0,0
"000352.java",0,0,0,0.00657894736842105,0.0394736842105263,0,0.00657894736842105,0,0,0,0,0,0.276315789473684,0,0,0,0,0,0,0,0,0,0,0,0,0,0,0,0,0,0,0.00657894736842105,0,0,0,0,0,0,0,0,0,0,0.00657894736842105,0,0,0,0,0.657894736842105,0,0
"000433.java",0,0.215827338129496,0,0.0575539568345324,0.201438848920863,0,0,0,0,0,0,0,0.489208633093525,0,0,0,0,0,0,0,0,0,0,0,0,0,0.00719424460431655,0,0,0,0,0.00719424460431655,0,0,0,0,0,0,0.00719424460431655,0,0,0,0,0.00719424460431655,0,0,0,0.00719424460431655,0,0
"000441.java",0,0.0277777777777778,0.0833333333333333,0,0,0,0,0,0,0,0,0,0.25,0,0,0,0,0,0,0,0,0,0.0277777777777778,0,0,0,0,0,0,0,0,0,0,0.611111111111111,0,0,0,0,0,0,0,0,0,0,0,0,0,0,0,0
"000442.java",0,0.00218818380743982,0,0,0.12253829321663,0,0,0,0,0,0,0,0.258205689277899,0,0,0,0,0,0,0,0,0,0,0,0,0,0,0.00218818380743982,0,0,0,0,0,0.463894967177243,0,0,0,0,0,0.0109409190371991,0.135667396061269,0,0,0,0,0.00218818380743982,0,0,0.00218818380743982,0
