"V1","V2","V3","V4","V5","V6","V7","V8","V9","V10","V11","V12","V13","V14","V15","V16","V17","V18","V19","V20","V21","V22","V23","V24","V25","V26","V27","V28","V29","V30","V31","V32","V33","V34","V35","V36","V37","V38","V39","V40","V41","V42","V43","V44","V45","V46","V47","V48","V49","V50"
"000001.java",0,0,0,0.022075055187638,0,0,0,0.0022075055187638,0,0,0,0,0,0.267108167770419,0.00441501103752759,0,0,0,0,0,0,0,0,0,0.0529801324503311,0,0.0022075055187638,0,0,0,0,0,0,0,0,0.554083885209713,0,0,0.0022075055187638,0.011037527593819,0,0,0,0,0.0794701986754967,0,0,0.0022075055187638,0,0
"000002.java",0,0,0,0.00121802679658952,0,0,0,0,0.0121802679658952,0,0.00243605359317905,0,0,0.118148599269184,0,0,0,0.00121802679658952,0.00243605359317905,0,0,0,0,0,0.0267965895249695,0,0,0,0,0,0,0.0243605359317905,0,0.0706455542021924,0,0.736906211936663,0,0,0,0,0,0,0,0,0,0,0,0.00243605359317905,0.00121802679658952,0
"000003.java",0,0,0,0.0207852193995381,0,0.000577367205542725,0,0,0,0,0,0,0,0.0473441108545035,0,0,0,0,0,0,0,0.00577367205542725,0,0.0121247113163972,0.000577367205542725,0,0,0,0.00288683602771363,0,0,0,0.000577367205542725,0,0,0.87933025404157,0,0.00173210161662818,0,0.01270207852194,0.00404157043879908,0,0,0.00115473441108545,0.0092378752886836,0,0,0.00115473441108545,0,0
"000004.java",0,0,0,0,0,0,0,0,0,0,0,0,0,0.162251655629139,0,0,0,0,0,0,0,0,0,0,0,0,0,0,0,0.245033112582781,0,0,0,0.496688741721854,0,0,0,0,0,0,0,0,0.00662251655629139,0,0,0.00662251655629139,0.0827814569536424,0,0,0
"000005.java",0,0,0,0,0,0,0.0607287449392713,0,0,0,0,0,0,0.396761133603239,0.210526315789474,0,0,0.0161943319838057,0.00404858299595142,0,0,0,0,0,0.0121457489878543,0,0.0445344129554656,0,0,0,0.0404858299595142,0,0,0.194331983805668,0,0,0,0.0121457489878543,0,0,0,0,0.00404858299595142,0,0,0,0.00404858299595142,0,0,0
"000018.java",0,0,0,0,0,0,0,0,0.00495049504950495,0,0,0,0,0.158415841584158,0,0,0,0,0,0,0,0,0,0,0,0,0,0,0,0,0,0,0,0.643564356435644,0.00495049504950495,0,0,0,0,0.0099009900990099,0,0,0,0,0,0.00495049504950495,0,0,0.173267326732673,0
"000019.java",0,0,0,0.00666666666666667,0,0,0,0,0,0,0,0,0,0.00333333333333333,0,0,0,0,0,0,0,0.00333333333333333,0,0,0.00333333333333333,0,0,0,0,0,0.00666666666666667,0.00333333333333333,0,0.61,0,0,0,0,0,0,0,0,0,0.0166666666666667,0.0166666666666667,0.0166666666666667,0,0,0.313333333333333,0
"000020.java",0,0,0,0,0.00540540540540541,0,0,0,0,0,0,0,0,0.189189189189189,0,0,0,0,0,0,0,0.00540540540540541,0,0,0,0,0,0,0,0,0,0,0.0108108108108108,0.540540540540541,0,0.00540540540540541,0,0,0,0,0.0864864864864865,0,0,0,0,0,0,0,0.156756756756757,0
"000023.java",0,0,0,0,0.000601684717208183,0,0.000601684717208183,0,0,0,0,0.761131167268351,0,0.0655836341756919,0,0,0,0.0276774969915764,0,0,0,0,0,0,0,0,0,0,0.00541516245487365,0,0,0.000601684717208183,0,0.137184115523466,0,0,0,0,0,0,0,0,0,0,0,0,0,0.00120336943441637,0,0
"000025.java",0,0,0,0,0,0.00113378684807256,0,0,0,0,0,0,0.0090702947845805,0.106575963718821,0,0,0,0,0,0,0,0,0,0,0,0.00793650793650794,0,0,0,0.359410430839002,0,0,0,0.509070294784581,0.00453514739229025,0,0,0,0,0.00113378684807256,0.00113378684807256,0,0,0,0,0,0,0,0,0
"000026.java",0,0,0,0.92044875063743,0,0,0,0,0,0,0,0,0,0,0,0,0,0,0,0,0,0,0.000509943906170321,0,0,0,0,0,0,0,0,0.000169981302056774,0,0.0787013428522862,0,0,0,0,0,0,0,0,0,0,0,0,0,0,0.000169981302056774,0
"000030.java",0,0,0,0,0,0,0.000474758664345624,0,0,0,0,0,0,0,0,0,0,0,0,0,0,0,0,0,0,0,0.000316505776230416,0,0,0,0,0,0,0.0489001424275993,0.000474758664345624,0,0,0.0018990346573825,0,0,0,0,0,0,0,0,0.947776546921981,0,0,0.000158252888115208
"000035.java",0,0,0,0,0,0,0,0,0,0,0,0,0,0,0,0,0,0,0,0,0,0,0,0,0,0,0,0,0,0,0,0,0,0.33677811550152,0,0,0,0,0,0,0.662613981762918,0.00060790273556231,0,0,0,0,0,0,0,0
"000036.java",0,0,0,0.00300751879699248,0.00300751879699248,0.00150375939849624,0,0,0,0,0,0,0,0,0,0,0,0,0,0,0,0.00150375939849624,0,0,0.00150375939849624,0,0,0,0,0,0,0,0,0.428571428571429,0,0,0,0,0,0,0.560902255639098,0,0,0,0,0,0,0,0,0
"000040.java",0,0,0,0.0028169014084507,0,0,0,0,0,0,0,0,0,0.0597183098591549,0,0,0,0,0,0,0,0,0,0,0,0,0.00112676056338028,0,0.000563380281690141,0,0,0,0,0.0343661971830986,0.00112676056338028,0,0,0.899154929577465,0,0,0,0,0,0,0,0.000563380281690141,0.000563380281690141,0,0,0
"000043.java",0.00655021834061135,0,0,0,0,0,0,0.0633187772925764,0,0,0,0,0,0.0633187772925764,0,0,0,0,0.00218340611353712,0,0,0,0,0,0,0,0,0,0,0.253275109170306,0,0,0,0.447598253275109,0,0,0,0,0,0,0.0960698689956332,0,0,0,0,0.0589519650655022,0,0.00218340611353712,0.00655021834061135,0
"000044.java",0,0,0,0,0,0,0,0,0.968313905762601,0,0,0,0,0.018716138565096,0,0.00114923657855853,0,0,0,0,0,0,0,0.00049252996223937,0,0,0.00197011984895748,0,0.00016417665407979,0,0,0,0.00016417665407979,0.0080446560499097,0,0.00016417665407979,0.00032835330815958,0,0.00016417665407979,0,0,0,0,0,0,0.00032835330815958,0,0,0,0
"000045.java",0,0,0,0,0,0,0,0,0.672941710138353,0,0,0,0,0,0,0,0,0,0,0,0,0,0,0,0,0,0,0,0.000226808800181447,0,0,0,0,0.0966205488772964,0,0,0,0,0,0,0,0,0,0,0,0,0,0,0,0.230210932184169
"000059.java",0,0,0,0,0,0,0.000879507475813544,0,0,0,0,0,0,0.110817941952507,0,0,0,0,0.881266490765171,0.000879507475813544,0,0.00175901495162709,0,0,0,0,0,0,0,0,0.000879507475813544,0,0,0,0,0,0,0.000879507475813544,0,0.000879507475813544,0,0,0,0,0,0,0,0,0,0.00175901495162709
"000062.java",0,0,0,0,0,0,0,0,0,0,0,0,0,0,0,0,0.000523012552301255,0,0,0.623953974895398,0,0.00104602510460251,0.000523012552301255,0.00209205020920502,0,0,0.00261506276150628,0,0.000523012552301255,0,0,0,0,0.368723849372385,0,0,0,0,0,0,0,0,0,0,0,0,0,0,0,0
"000067.java",0,0,0,0,0,0,0,0,0,0,0,0,0,0,0,0,0,0.00324675324675325,0,0,0,0,0,0,0,0.00162337662337662,0,0,0,0,0,0,0.183441558441558,0.537337662337662,0,0,0,0.0113636363636364,0,0,0,0,0,0,0.0211038961038961,0,0,0,0.241883116883117,0
"000078.java",0,0,0,0,0.0182926829268293,0,0,0,0,0.140243902439024,0,0,0,0.707317073170732,0,0,0,0.00609756097560976,0.0792682926829268,0,0,0,0,0,0,0.00609756097560976,0.00609756097560976,0,0,0,0,0,0,0,0,0,0,0,0,0.0304878048780488,0,0,0,0,0,0,0,0,0,0.00609756097560976
"000080.java",0,0,0,0.00904977375565611,0,0,0,0,0,0,0,0,0.00452488687782805,0.357466063348416,0.16289592760181,0,0,0,0.00452488687782805,0,0,0,0,0,0,0,0.0407239819004525,0,0,0,0.122171945701357,0,0,0.298642533936652,0,0,0,0,0,0,0,0,0,0,0,0,0,0,0,0
"000091.java",0,0,0,0.00106307583274274,0,0,0,0,0,0,0,0,0.000354358610914245,0,0,0,0,0,0,0,0,0,0,0,0,0,0,0,0,0,0,0,0,0.190644932671864,0,0,0,0,0,0.00212615166548547,0,0,0,0,0.805811481218994,0,0,0,0,0
"000098.java",0,0,0,0,0,0,0,0.000203417412530513,0,0,0,0,0.693043124491456,0.0207485760781123,0,0,0,0,0,0,0,0,0,0,0.00142392188771359,0,0.000203417412530513,0,0,0.00101708706265256,0,0,0.00264442636289666,0.277461350691619,0.00101708706265256,0,0,0,0,0,0,0,0.00101708706265256,0,0,0,0,0.00122050447518308,0,0
"000106.java",0.103896103896104,0,0,0,0.0454545454545455,0,0,0,0.012987012987013,0,0,0,0,0.292207792207792,0,0,0,0,0.00649350649350649,0,0,0,0,0.012987012987013,0,0,0,0,0,0,0,0.0194805194805195,0,0.435064935064935,0,0,0,0,0,0,0.051948051948052,0,0,0,0.00649350649350649,0,0,0,0,0.012987012987013
"000109.java",0,0,0,0,0,0,0,0,0,0,0,0,0,0.555555555555556,0,0,0,0,0,0,0,0,0.0222222222222222,0,0,0,0,0,0,0,0,0,0,0,0,0,0.0222222222222222,0,0,0,0,0,0.377777777777778,0,0.0222222222222222,0,0,0,0,0
"000111.java",0,0,0,0,0,0,0,0,0,0,0,0,0,0.0334051724137931,0,0,0.00107758620689655,0,0,0,0,0,0.681034482758621,0,0,0,0,0,0,0,0,0,0,0.28448275862069,0,0,0,0,0,0,0,0,0,0,0,0,0,0,0,0
"000115.java",0.353221957040573,0,0,0,0,0,0,0,0,0,0,0.00238663484486874,0,0.119331742243437,0.00238663484486874,0,0,0.00477326968973747,0,0,0,0,0,0,0,0,0,0.0190930787589499,0,0,0,0.0119331742243437,0,0.477326968973747,0,0,0,0,0.00238663484486874,0,0,0,0,0.00715990453460621,0,0,0,0,0,0
"000116.java",0,0,0,0,0,0,0,0.5727969348659,0.000957854406130268,0,0,0,0,0.00574712643678161,0,0,0,0,0,0,0,0,0,0.000957854406130268,0,0,0,0,0.0402298850574713,0.00191570881226054,0,0,0,0.35823754789272,0,0,0,0,0,0,0,0,0,0.00478927203065134,0,0.0114942528735632,0,0,0.0028735632183908,0
"000124.java",0,0,0,0,0,0.936057692307692,0,0,0,0,0,0,0.000961538461538462,0.0153846153846154,0.000480769230769231,0,0,0,0,0,0,0,0,0,0,0,0,0,0,0,0,0,0,0.0456730769230769,0,0,0,0,0,0,0,0,0.000480769230769231,0,0,0,0,0,0.000961538461538462,0
"000132.java",0,9.28850083596508e-05,0,0,0,9.28850083596508e-05,0,0,0.0183912316552108,0,0,0,9.28850083596508e-05,0,0,0,0,9.28850083596508e-05,0,0.000185770016719302,0,0,0,9.28850083596508e-05,0,0,0.00157904514211406,0,0,0,0,0.931729518855657,0,0.0472784692550622,0,0,0,0,9.28850083596508e-05,0,0,0,0,0.000185770016719302,0,0,0,0,9.28850083596508e-05,0
"000134.java",0,0,0,0,0,0,0,0,0.0566473988439306,0,0,0,0,0.0046242774566474,0,0,0,0,0,0,0,0.00115606936416185,0,0.00346820809248555,0,0,0.0023121387283237,0.0358381502890173,0,0,0,0,0,0.345664739884393,0.00115606936416185,0,0.00115606936416185,0,0,0,0.546820809248555,0,0,0,0.00115606936416185,0,0,0,0,0
"000136.java",0,0,0,0,0,0,0,0,0,0,0,0,0,0.67379679144385,0,0,0,0,0,0,0,0.0267379679144385,0,0,0,0.25668449197861,0,0,0,0,0,0.0427807486631016,0,0,0,0,0,0,0,0,0,0,0,0,0,0,0,0,0,0
"000137.java",0,0,0,0,0,0,0,0.00159914712153518,0,0,0,0,0.0991471215351812,0.0671641791044776,0,0,0.493603411513859,0,0,0,0,0,0,0,0,0.000533049040511727,0,0,0,0,0,0,0,0.232942430703625,0,0.00106609808102345,0,0,0,0.0223880597014925,0,0,0,0,0,0.0815565031982942,0,0,0,0
"000138.java",0,0,0,0,0,0,0,0,0.00664451827242525,0,0.182724252491694,0,0.0598006644518272,0.498338870431894,0,0,0,0,0,0,0,0,0,0,0,0.102990033222591,0,0,0,0,0,0,0,0.142857142857143,0,0,0,0,0.00664451827242525,0,0,0,0,0,0,0,0,0,0,0
"000139.java",0,0,0,0,0,0,0,0.000704225352112676,0,0,0,0,0,0,0,0,0.570422535211268,0,0,0.000704225352112676,0,0,0,0,0,0,0,0,0.000704225352112676,0,0.026056338028169,0,0,0.400704225352113,0,0,0,0,0,0,0,0,0,0,0,0,0.000704225352112676,0,0,0
"000140.java",0,0,0,0,0.0101010101010101,0,0,0,0,0.0101010101010101,0,0,0,0.353535353535354,0,0,0,0,0,0,0,0.181818181818182,0,0.282828282828283,0,0,0,0,0,0,0,0,0,0.0101010101010101,0,0,0,0,0,0.151515151515152,0,0,0,0,0,0,0,0,0,0
"000141.java",0,0,0,0,0,0,0,0,0.00465116279069767,0,0,0,0,0.0930232558139535,0,0,0.00465116279069767,0,0,0,0,0.00930232558139535,0.0232558139534884,0,0,0,0,0,0,0,0,0,0,0.567441860465116,0,0,0,0,0.00465116279069767,0,0.288372093023256,0.00465116279069767,0,0,0,0,0,0,0,0
"000142.java",0,0,0,0,0,0,0,0,0,0,0,0,0,0,0,0,0,0,0,0,0,0.987654320987654,0,0,0,0,0,0,0,0.00246913580246914,0,0,0,0.00740740740740741,0,0,0,0,0,0.00246913580246914,0,0,0,0,0,0,0,0,0,0
"000143.java",0,0,0,0,0,0,0,0.000589622641509434,0,0,0,0,0,0,0,0,0.609080188679245,0,0,0,0,0,0,0,0.000589622641509434,0,0,0,0,0,0,0,0,0.379127358490566,0,0,0,0,0,0,0,0,0,0.00235849056603774,0,0.00825471698113208,0,0,0,0
"000144.java",0,0,0,0,0,0,0,0,0,0,0,0,0,0.00276243093922652,0,0,0,0,0,0,0,0.68232044198895,0,0,0,0,0,0,0,0,0,0,0,0.314917127071823,0,0,0,0,0,0,0,0,0,0,0,0,0,0,0,0
"000145.java",0,0,0,0,0,0,0,0,0.00392156862745098,0,0,0,0,0,0,0,0,0,0,0,0,0.972549019607843,0,0,0,0,0,0,0,0,0,0,0,0.0156862745098039,0,0,0,0,0,0.00784313725490196,0,0,0,0,0,0,0,0,0,0
"000146.java",0,0,0,0.0816326530612245,0,0,0,0,0,0,0,0,0.0204081632653061,0,0,0.0408163265306122,0,0,0.387755102040816,0,0,0.285714285714286,0,0,0,0,0.0204081632653061,0,0,0,0,0,0,0,0,0.0204081632653061,0,0,0,0,0,0,0.122448979591837,0,0.0204081632653061,0,0,0,0,0
"000147.java",0,0,0,0,0,0,0,0,0.00148148148148148,0,0,0,0,0.00296296296296296,0,0,0.00296296296296296,0,0.0148148148148148,0,0,0.974814814814815,0,0.00296296296296296,0,0,0,0,0,0,0,0,0,0,0,0,0,0,0,0,0,0,0,0,0,0,0,0,0,0
"000148.java",0,0,0,0,0,0,0,0,0,0.00233100233100233,0,0,0,0,0,0,0,0,0,0,0,0.997668997668998,0,0,0,0,0,0,0,0,0,0,0,0,0,0,0,0,0,0,0,0,0,0,0,0,0,0,0,0
"000149.java",0,0,0,0,0,0,0,0,0,0.00325732899022801,0.0423452768729642,0,0.00325732899022801,0.0162866449511401,0,0,0,0,0,0,0,0.931596091205212,0,0,0,0,0,0,0,0,0,0,0,0,0,0,0,0,0,0,0,0,0.00325732899022801,0,0,0,0,0,0,0
"000150.java",0.00247524752475248,0,0,0,0,0,0,0,0,0,0,0,0,0,0,0,0,0,0,0,0,0.987623762376238,0,0,0,0,0,0.00495049504950495,0,0,0,0,0.00247524752475248,0.00247524752475248,0,0,0,0,0,0,0,0,0,0,0,0,0,0,0,0
"000151.java",0,0,0,0,0,0,0.000323624595469256,0,0,0,0,0,0.000970873786407767,0.000323624595469256,0,0.0184466019417476,0,0,0,0,0,0,0,0,0.000970873786407767,0,0.78252427184466,0.000323624595469256,0,0,0,0,0,0.196116504854369,0,0,0,0,0,0,0,0,0,0,0,0,0,0,0,0
"000152.java",0,0,0,0,0,0,0,0,0,0.00346620450606586,0,0,0.0121317157712305,0.204506065857886,0,0.00173310225303293,0,0,0,0.0121317157712305,0,0,0,0,0,0,0.0103986135181976,0.0675909878682842,0.00173310225303293,0,0,0,0.0363951473136915,0.0467937608318891,0.535528596187175,0,0,0,0,0.0138648180242634,0.00519930675909879,0,0.00173310225303293,0,0,0,0,0.0433275563258232,0.00346620450606586,0
"000156.java",0,0,0,0,0,0,0,0,0,0,0,0,0.0111731843575419,0.0146648044692737,0,0,0.00349162011173184,0,0,0,0,0,0,0,0.685055865921788,0,0.00558659217877095,0,0,0,0,0,0,0.222067039106145,0,0,0,0.00349162011173184,0,0.0244413407821229,0.000698324022346369,0,0,0,0.0293296089385475,0,0,0,0,0
"000157.java",0,0,0,0,0,0,0,0,0,0,0,0,0,0.029655612244898,0,0.869897959183674,0,0,0,0,0,0,0,0,0,0,0,0,0,0,0,0.00159438775510204,0,0.0959821428571429,0,0,0,0,0,0,0,0,0,0,0.000956632653061224,0.000956632653061224,0,0,0.000956632653061224,0
"000160.java",0,0,0,0,0,0,0,0,0,0,0.00342465753424658,0.0273972602739726,0,0.202054794520548,0,0,0,0,0,0,0,0,0,0,0,0,0,0,0,0.0924657534246575,0,0,0,0.267123287671233,0,0,0,0,0,0,0,0,0.407534246575342,0,0,0,0,0,0,0
"000172.java",0,0,0,0.00467836257309942,0,0,0,0,0,0,0,0,0,0.0105263157894737,0,0,0,0,0.00116959064327485,0,0,0,0,0,0,0,0,0,0,0,0,0,0,0.353216374269006,0,0,0,0,0,0,0,0,0,0.536842105263158,0,0.0935672514619883,0,0,0,0
"000175.java",0,0,0,0,0,0,0.732344213649852,0,0,0,0,0,0,0,0,0.000593471810089021,0,0,0,0,0,0.000593471810089021,0,0,0,0,0.000593471810089021,0,0,0,0,0,0,0.265281899109792,0,0,0,0,0,0,0,0,0,0,0,0.000593471810089021,0,0,0,0
"000176.java",0,0,0,0.000860585197934596,0,0,0,0,0,0,0,0,0.00172117039586919,0.277969018932874,0,0,0,0,0,0,0,0,0,0,0,0.688468158347676,0,0,0,0,0,0.0180722891566265,0,0,0.00430292598967298,0,0,0,0,0.00774526678141136,0,0,0,0,0,0,0.000860585197934596,0,0,0
"000177.java",0,0,0,0,0,0,0,0,0.00189753320683112,0,0.229601518026565,0,0.0246679316888046,0.193548387096774,0,0,0,0.00189753320683112,0,0,0,0.00189753320683112,0,0,0,0,0,0,0,0.00759013282732448,0,0.00189753320683112,0,0.453510436432638,0,0,0,0,0,0,0.00189753320683112,0,0,0,0.0132827324478178,0,0,0,0.0683111954459203,0
"000178.java",0,0,0,0.00977198697068404,0,0,0,0,0,0,0,0,0,0.0423452768729642,0,0,0,0,0,0,0,0,0,0,0.389250814332248,0,0.0195439739413681,0,0,0,0,0.00325732899022801,0,0.384364820846906,0.0765472312703583,0,0,0,0,0,0,0,0.00162866449511401,0.00162866449511401,0,0,0,0,0.0716612377850163,0
"000180.java",0,0,0,0.0060790273556231,0,0,0.252279635258359,0,0,0,0,0,0,0.10790273556231,0,0,0,0,0.0197568389057751,0.00455927051671732,0,0,0,0,0.00455927051671732,0,0,0,0.317629179331307,0,0,0.00303951367781155,0,0.221884498480243,0.0562310030395137,0,0,0,0.00303951367781155,0,0,0,0,0,0,0.00303951367781155,0,0,0,0
"000185.java",0.00171821305841924,0,0,0,0,0,0,0,0,0,0,0,0.0103092783505155,0.214776632302405,0,0,0,0,0,0,0,0,0,0,0,0.00171821305841924,0,0.00171821305841924,0.00515463917525773,0,0,0,0,0.357388316151203,0,0,0.00171821305841924,0,0.395189003436426,0,0,0,0,0,0.00171821305841924,0,0,0,0.00859106529209622,0
"000186.java",0,0,0,0,0,0,0,0,0,0,0,0.165902841429881,0,0.131072410632447,0,0,0,0,0,0,0,0,0,0,0.00274977085242896,0,0,0,0,0,0.0458295142071494,0,0,0.240146654445463,0.0348304307974335,0,0,0,0,0,0,0,0,0.379468377635197,0,0,0,0,0,0
"000187.java",0,0,0,0,0,0.000107793467715856,0,0,0,0,0,0,0,0,0.000323380403147569,0,0.000215586935431713,0,0.00129352161259028,0,0,0.000215586935431713,0,0,0.000107793467715856,0,0,0,0,0,0.781179260536811,0.000215586935431713,0,0.216125902770292,0,0,0,0,0,0,0.000107793467715856,0,0,0,0,0,0,0,0.000107793467715856,0
"000188.java",0,0,0,0,0,0,0.00657777777777778,0,0,0,0,0,0,0.00408888888888889,0,0,0,0.914844444444444,0.000177777777777778,0,0,0,0,0,0,0,0,0,0,0,0.000533333333333333,0,0,0.0730666666666667,0,0,0,0,0.000177777777777778,0,0,0,0,0,0,0,0.000533333333333333,0,0,0
"000189.java",0,0,0,0,0,0,0,0.0451030927835052,0,0,0,0,0,0.0682989690721649,0,0.00902061855670103,0,0,0,0.00128865979381443,0,0,0,0,0,0,0,0,0,0,0.0038659793814433,0,0.15979381443299,0.532216494845361,0,0,0,0,0,0,0,0,0.00128865979381443,0,0,0,0,0,0.177835051546392,0.00128865979381443
"000190.java",0,0,0,0,0,0,0,0,0.0033112582781457,0,0,0,0,0.0794701986754967,0,0,0,0.043046357615894,0,0,0,0.0033112582781457,0,0.00662251655629139,0,0,0,0,0,0,0.0496688741721854,0,0,0.364238410596026,0,0,0,0,0,0.0033112582781457,0,0,0,0,0,0.0562913907284768,0,0,0.390728476821192,0
"000191.java",0,0,0,0,0,0,0,0,0,0.00366300366300366,0,0,0,0.0989010989010989,0,0,0,0.0915750915750916,0,0.00366300366300366,0,0,0,0,0,0,0,0.0366300366300366,0,0,0,0,0,0.351648351648352,0,0,0,0.00366300366300366,0,0.0256410256410256,0,0,0,0,0,0.0256410256410256,0,0,0.358974358974359,0
"000194.java",0,0,0,0,0,0,0.000881834215167548,0,0,0,0,0,0,0.00132275132275132,0,0,0,0.000440917107583774,0,0,0,0,0,0,0,0,0,0.70679012345679,0,0,0,0.000881834215167548,0,0.288359788359788,0,0,0,0,0,0,0.00132275132275132,0,0,0,0,0,0,0,0,0
"000196.java",0,0,0,0,0,0.000342700479780672,0.000171350239890336,0,0,0,0,0,0,0,0,0,0,0,0,0,0,0.000171350239890336,0,0.000171350239890336,0,0,0.000171350239890336,0,0,0,0,0,0,0.109150102810144,0,0,0,0,0,0,0,0,0,0,0,0.889479095270733,0,0.000342700479780672,0,0
"000197.java",0,0,0,0,0,0,0.00191570881226054,0,0,0,0,0.00191570881226054,0,0.210727969348659,0.00574712643678161,0,0.00191570881226054,0.0862068965517241,0,0,0,0,0,0,0,0,0.00574712643678161,0.122605363984674,0,0,0,0,0,0.00957854406130268,0.553639846743295,0,0,0,0,0,0,0,0,0,0,0,0,0,0,0
"000199.java",0,0,0,0.00269541778975741,0,0,0,0,0,0,0,0,0,0.0673854447439353,0,0.00269541778975741,0,0,0.00269541778975741,0,0.202156334231806,0,0,0,0,0,0,0,0,0.00539083557951483,0,0,0,0.525606469002695,0,0,0,0,0,0.00808625336927224,0,0,0,0,0,0,0.00269541778975741,0,0.164420485175202,0.0161725067385445
"000200.java",0,0,0,0,0,0,0,0,0,0,0,0,0,0.258241758241758,0,0.00183150183150183,0,0,0,0,0,0,0,0,0.00549450549450549,0,0,0.00366300366300366,0.0384615384615385,0,0,0,0,0.358974358974359,0,0,0,0,0.32967032967033,0,0,0,0,0,0,0.00366300366300366,0,0,0,0
"000201.java",0,0,0,0,0,0,0,0,0,0,0,0,0,0.000732064421669107,0,0,0.000732064421669107,0,0,0,0,0,0,0,0,0,0,0,0,0,0,0,0,0.44289897510981,0,0,0,0,0,0.553440702781845,0.00146412884333821,0,0,0,0,0.000732064421669107,0,0,0,0
"000202.java",0,0,0,0.0128205128205128,0,0,0,0,0,0,0,0,0,0.290598290598291,0,0,0,0,0,0,0,0,0,0,0,0,0.00854700854700855,0.00427350427350427,0.0256410256410256,0,0,0,0,0.192307692307692,0.299145299145299,0,0,0,0,0,0,0,0,0,0,0.0299145299145299,0,0,0.136752136752137,0
"000225.java",0,0.189856957087126,0,0.00520156046814044,0,0,0,0,0,0,0,0,0,0.235370611183355,0,0,0.00520156046814044,0,0,0,0.00130039011703511,0,0,0,0,0,0,0,0.145643693107932,0,0.165149544863459,0,0.00130039011703511,0.165149544863459,0,0,0,0.00130039011703511,0,0,0,0,0,0,0,0,0,0,0.0845253576072822,0
"000226.java",0,0.00458715596330275,0,0,0.0137614678899083,0.00917431192660551,0,0,0,0.0137614678899083,0.00917431192660551,0,0,0.527522935779816,0,0.00917431192660551,0,0,0.105504587155963,0,0,0.0688073394495413,0,0,0,0,0,0,0,0,0,0,0,0.0412844036697248,0,0,0,0.00458715596330275,0,0,0,0,0,0,0,0,0,0,0.192660550458716,0
"000228.java",0.0227272727272727,0,0,0,0.517045454545455,0,0,0,0,0.00568181818181818,0,0.00568181818181818,0,0.318181818181818,0,0,0,0,0.0113636363636364,0,0,0,0,0,0,0.102272727272727,0,0,0.00568181818181818,0,0,0,0,0,0,0,0.00568181818181818,0,0.00568181818181818,0,0,0,0,0,0,0,0,0,0,0
"000231.java",0,0,0,0,0.800623052959502,0,0,0.00311526479750779,0,0,0,0,0,0.11318795430945,0,0,0,0,0,0,0,0,0,0,0,0,0,0,0,0,0,0.00311526479750779,0,0.0695742471443406,0,0.00103842159916926,0,0.00726895119418484,0,0,0,0,0.00103842159916926,0,0,0.00103842159916926,0,0,0,0
"000237.java",0,0,0,0.000411268764137364,0,0,0,0,0.000205634382068682,0,0,0,0,0,0,0,0,0,0,0,0,0,0,0,0.00123380629241209,0,0,0.000205634382068682,0.70512029611351,0,0.004523956405511,0,0,0.28706559736788,0.000205634382068682,0,0,0,0,0.000411268764137364,0,0,0,0,0,0.000411268764137364,0,0,0.000205634382068682,0
"000276.java",0,0,0,0,0,0,0,0,0,0.674782608695652,0,0,0,0.0782608695652174,0,0,0,0,0,0,0,0,0,0,0,0,0.0139130434782609,0,0.0956521739130435,0,0,0,0,0.135652173913043,0,0,0,0,0.00173913043478261,0,0,0,0,0,0,0,0,0,0,0
"000277.java",0,0,0,0,0,0,0,0,0,0.666666666666667,0,0,0,0.325581395348837,0,0,0,0,0,0,0,0,0,0,0,0,0,0,0.00775193798449612,0,0,0,0,0,0,0,0,0,0,0,0,0,0,0,0,0,0,0,0,0
"000278.java",0,0,0,0,0,0,0,0,0,0.658536585365854,0,0,0,0.292682926829268,0,0,0.00813008130081301,0,0,0,0,0,0,0,0,0,0,0,0,0,0,0,0,0.040650406504065,0,0,0,0,0,0,0,0,0,0,0,0,0,0,0,0
"000279.java",0,0,0,0,0.0220588235294118,0,0,0,0,0.566176470588235,0,0,0.00735294117647059,0,0,0,0,0,0,0,0.00245098039215686,0,0,0.00490196078431373,0,0,0,0,0.00245098039215686,0,0.00735294117647059,0,0,0.348039215686274,0,0,0,0,0,0,0,0,0,0,0,0.0343137254901961,0,0,0.00490196078431373,0
"000280.java",0,0,0,0,0.0136986301369863,0,0,0.0045662100456621,0,0.753424657534247,0.0045662100456621,0,0,0.205479452054795,0,0,0,0,0,0,0,0,0.0091324200913242,0,0,0,0,0,0,0,0.0045662100456621,0,0,0,0,0,0,0,0.0045662100456621,0,0,0,0,0,0,0,0,0,0,0
"000281.java",0,0,0,0,0,0,0,0,0,0.122302158273381,0,0,0,0.431654676258993,0,0,0,0.0431654676258993,0,0,0,0,0,0,0,0,0,0,0,0,0,0,0,0.223021582733813,0,0,0,0.00719424460431655,0,0.0143884892086331,0,0.158273381294964,0,0,0,0,0,0,0,0
"000282.java",0,0,0,0,0.000424718623911659,0,0,0,0,0,0,0,0.00127415587173498,0,0.000849437247823317,0,0,0,0,0.00212359311955829,0,0,0,0,0.000212359311955829,0,0,0.00318538967933744,0,0,0,0,0.0131662773412614,0.195370566999363,0,0,0,0,0,0.000212359311955829,0,0,0.000212359311955829,0,0,0,0,0.782968783181142,0,0
"000283.java",0,0.308219178082192,0,0.00342465753424658,0,0,0,0,0,0.00228310502283105,0,0,0,0.146118721461187,0.00114155251141553,0,0,0,0,0,0,0,0,0,0,0,0.00114155251141553,0,0,0,0.00114155251141553,0,0,0.0593607305936073,0,0,0,0,0,0,0,0,0,0,0,0,0,0.477168949771689,0,0
"000292.java",0,0,0,0,0,0.000329055610398157,0,0,0.00131622244159263,0,0,0.000329055610398157,0,0.0970714050674564,0.00164527805199079,0,0,0,0,0,0,0.000329055610398157,0,0.822309970384995,0,0,0.000658111220796315,0,0,0,0,0,0,0.0746956235603817,0.00131622244159263,0,0,0,0,0,0,0,0,0,0,0,0,0,0,0
"000317.java",0,0,0,0,0,0,0,0,0,0,0,0,0.0436320754716981,0.0566037735849057,0,0,0,0.00117924528301887,0,0,0,0,0,0,0,0,0.0400943396226415,0,0,0,0.00117924528301887,0,0.352594339622642,0.472877358490566,0,0.00117924528301887,0,0,0,0,0.0200471698113208,0,0,0,0,0.00707547169811321,0,0,0.0035377358490566,0
"000318.java",0,0,0,0,0,0,0,0,0,0,0,0,0,0,0,0.00578368999421631,0,0.000578368999421631,0,0,0,0,0,0,0,0,0,0.000578368999421631,0,0,0,0,0.548293811451706,0.340659340659341,0,0,0,0,0,0,0,0,0,0,0,0,0,0.104106419895894,0,0
"000320.java",0,0,0,0,0,0,0,0,0,0,0,0,0.0574324324324324,0,0.489864864864865,0,0,0.00168918918918919,0,0,0,0,0,0,0.00844594594594595,0,0,0,0.00168918918918919,0,0,0,0,0.439189189189189,0.00168918918918919,0,0,0,0,0,0,0,0,0,0,0,0,0,0,0
"000321.java",0,0,0,0,0,0.00294985250737463,0,0,0.191740412979351,0,0,0,0,0.153392330383481,0,0,0,0,0,0,0,0,0,0,0,0.00589970501474926,0,0,0,0,0.0707964601769911,0.0884955752212389,0,0.135693215339233,0.256637168141593,0,0,0,0,0,0,0,0,0,0,0,0,0,0.0943952802359882,0
"000322.java",0,0,0,0,0,0,0,0,0.00766283524904215,0,0,0,0,0,0,0,0,0,0.00766283524904215,0,0,0,0,0,0,0,0.222222222222222,0,0,0,0,0,0.0153256704980843,0.46360153256705,0.00383141762452107,0,0,0,0.0114942528735632,0,0,0,0,0,0,0,0,0.00383141762452107,0.264367816091954,0
"000330.java",0,0,0.000558971492453885,0.0257126886528787,0.000558971492453885,0,0,0,0.00894354387926216,0,0,0,0,0.0575740637227501,0,0,0,0.000558971492453885,0,0,0,0,0,0,0,0,0,0,0,0,0,0.0139742873113471,0.00670765790944662,0.171604248183343,0.693124650642817,0,0,0,0,0.000558971492453885,0,0,0.00167691447736165,0,0.0134153158188932,0.00503074343208496,0,0,0,0
"000343.java",0,0,0,0.0368663594470046,0,0,0,0,0,0,0,0,0,0.0138248847926267,0,0,0,0,0,0.00460829493087558,0,0,0.00460829493087558,0.00460829493087558,0.0230414746543779,0,0.0368663594470046,0,0.00460829493087558,0,0,0.170506912442396,0,0.414746543778802,0.0138248847926267,0,0,0,0,0,0,0.00460829493087558,0,0.0691244239631336,0,0,0.00460829493087558,0,0.193548387096774,0
"000352.java",0,0,0,0,0,0,0.00657894736842105,0,0.00657894736842105,0,0,0,0,0.427631578947368,0,0,0,0,0,0,0,0.348684210526316,0,0,0,0,0,0,0,0.0921052631578947,0,0,0,0,0,0,0,0,0,0.00657894736842105,0,0.111842105263158,0,0,0,0,0,0,0,0
"000433.java",0,0,0,0,0.381294964028777,0,0,0,0.00719424460431655,0,0.0143884892086331,0,0,0.453237410071942,0,0,0,0,0.0575539568345324,0,0,0,0,0,0,0,0,0,0,0,0,0,0,0.0647482014388489,0,0,0.00719424460431655,0,0,0,0,0,0,0,0,0,0,0.0143884892086331,0,0
"000441.java",0,0,0,0,0,0,0,0,0,0,0,0,0,0.388888888888889,0,0,0,0,0,0,0,0,0,0,0,0,0,0,0,0.0555555555555556,0,0,0,0,0,0,0,0,0,0,0,0,0.555555555555556,0,0,0,0,0,0,0
"000442.java",0,0,0,0,0,0,0,0,0,0,0,0,0,0.2472647702407,0,0,0.00218818380743982,0,0,0,0,0,0,0.0131291028446389,0,0.131291028446389,0,0,0,0,0,0,0,0.203501094091904,0,0,0,0,0,0,0.0175054704595186,0,0.382932166301969,0,0,0,0,0.00218818380743982,0,0
