"V1","V2","V3","V4","V5","V6","V7","V8","V9","V10","V11","V12","V13","V14","V15","V16","V17","V18","V19","V20","V21","V22","V23","V24","V25","V26","V27","V28","V29","V30","V31","V32","V33","V34","V35","V36","V37","V38","V39","V40","V41","V42","V43","V44","V45","V46","V47","V48","V49","V50"
"000001.java",0,0,0.00662251655629139,0,0,0,0,0,0,0,0,0,0.335540838852097,0.00662251655629139,0,0,0,0,0,0,0.0022075055187638,0,0,0,0,0,0.00662251655629139,0,0,0,0.591611479028698,0,0.0419426048565121,0,0,0,0,0,0,0.0022075055187638,0,0,0,0,0,0,0.0022075055187638,0,0.00441501103752759,0
"000002.java",0.0767356881851401,0,0,0,0,0,0,0,0,0,0,0.74299634591961,0.135200974421437,0,0,0,0,0,0,0,0,0,0,0,0,0,0,0,0,0,0,0,0.0146163215590743,0,0,0,0,0,0,0,0,0,0,0.00121802679658952,0,0.0280146163215591,0.00121802679658952,0,0,0
"000003.java",0,0.00346420323325635,0.00288683602771363,0,0,0,0,0,0,0,0,0.0484988452655889,0.0929561200923787,0.00115473441108545,0.000577367205542725,0,0,0,0,0,0,0,0.00404157043879908,0,0,0,0,0,0,0,0.841801385681293,0.000577367205542725,0,0,0,0,0.000577367205542725,0.000577367205542725,0,0,0,0.00288683602771363,0,0,0,0,0,0,0,0
"000004.java",0.251655629139073,0.112582781456954,0,0,0,0,0,0.225165562913907,0,0,0,0,0.377483443708609,0,0,0,0,0.0033112582781457,0.0033112582781457,0,0,0,0.0033112582781457,0,0,0.0198675496688742,0,0,0,0,0,0,0,0.0033112582781457,0,0,0,0,0,0,0,0,0,0,0,0,0,0,0,0
"000005.java",0.0850202429149798,0,0,0,0,0,0.0404858299595142,0.0161943319838057,0,0.0242914979757085,0,0.0161943319838057,0.441295546558704,0,0,0,0,0,0,0,0,0,0,0,0,0,0,0,0,0,0,0,0.00404858299595142,0,0.17004048582996,0,0,0,0,0,0,0,0.0121457489878543,0,0,0,0.190283400809717,0,0,0
"000018.java",0.272277227722772,0,0,0,0,0,0.435643564356436,0,0,0,0,0,0.277227722772277,0,0,0,0,0,0,0.00495049504950495,0,0,0,0,0,0,0,0,0,0,0,0,0,0,0,0,0,0,0,0,0,0,0,0,0.00495049504950495,0,0.00495049504950495,0,0,0
"000019.java",0.223333333333333,0,0,0,0,0,0.306666666666667,0,0,0,0,0,0.266666666666667,0,0,0,0,0,0,0,0,0,0,0,0.02,0,0,0,0,0.00333333333333333,0,0,0,0,0,0,0,0.156666666666667,0,0,0,0,0,0.0233333333333333,0,0,0,0,0,0
"000020.java",0.194594594594595,0,0,0,0,0,0.475675675675676,0,0,0,0,0,0.232432432432432,0,0,0.0702702702702703,0,0,0,0,0,0,0,0,0,0,0,0,0.00540540540540541,0,0.00540540540540541,0,0,0,0,0,0,0,0,0,0,0.0162162162162162,0,0,0,0,0,0,0,0
"000023.java",0.00541516245487365,0,0.00240673886883273,0,0.0884476534296029,0,0.0276774969915764,0,0,0,0,0,0.110108303249097,0,0,0,0,0,0.00120336943441637,0,0,0,0,0,0,0,0,0,0.75150421179302,0,0,0,0,0,0,0,0.00120336943441637,0,0,0,0.00421179302045728,0,0,0,0,0,0,0.00240673886883273,0.00180505415162455,0.0036101083032491
"000025.java",0.285714285714286,0,0,0.00226757369614512,0,0,0.00113378684807256,0,0,0,0,0.00113378684807256,0.348072562358277,0.00113378684807256,0,0,0,0,0,0,0,0,0,0.342403628117914,0,0,0,0,0,0,0,0.0158730158730159,0,0,0,0,0,0,0,0,0,0,0,0.00226757369614512,0,0,0,0,0,0
"000026.java",0,0.000339962604113548,0.000509943906170321,0,0.000849906510283869,0,0,0,0,0,0,0,0.0113887472378038,0,0,0,0.000169981302056774,0,0,0,0,0,0,0,0,0,0,0,0,0,0,0,0,0,0,0,0,0,0,0,0.985211626721061,0,0.000169981302056774,0.000339962604113548,0,0,0,0,0,0.00101988781234064
"000030.java",0.00079126444057604,0.968507675265074,0,0,0.00886216173445165,0,0,0,0,0,0,0,0.0205728754549771,0.000949517328691249,0,0,0,0,0,0,0,0,0,0,0,0,0,0,0,0,0,0,0,0,0,0,0,0,0,0,0,0,0,0.000316505776230416,0,0,0,0,0,0
"000035.java",0,0,0,0.00243161094224924,0,0.00121580547112462,0.00182370820668693,0,0,0,0,0.00060790273556231,0.0857142857142857,0,0,0.908206686930091,0,0,0,0,0,0,0,0,0,0,0,0,0,0,0,0,0,0,0,0,0,0,0,0,0,0,0,0,0,0,0,0,0,0
"000036.java",0,0,0,0,0,0,0,0.00150375939849624,0,0,0,0,0.156390977443609,0,0.00150375939849624,0.827067669172932,0,0,0,0,0,0,0,0,0,0,0.00300751879699248,0.00300751879699248,0,0,0,0,0,0,0,0,0.00150375939849624,0,0,0,0,0,0,0,0,0,0,0,0,0.00601503759398496
"000040.java",0,0,0,0,0.00338028169014085,0,0.000563380281690141,0,0,0,0,0,0.0811267605633803,0,0,0,0,0,0.910985915492958,0,0,0,0,0,0,0,0.000563380281690141,0,0,0,0,0,0.000563380281690141,0,0,0,0,0,0,0,0.00225352112676056,0,0,0,0.000563380281690141,0,0,0,0,0
"000043.java",0.157205240174672,0,0,0,0,0,0.213973799126638,0,0,0,0,0,0.179039301310044,0,0,0.148471615720524,0,0,0,0.0480349344978166,0,0,0,0.209606986899563,0,0,0.00655021834061135,0,0,0.00218340611353712,0,0,0,0,0,0,0,0,0,0,0,0,0,0,0,0,0,0.0349344978165939,0,0
"000044.java",0,0,0,0,0.0032835330815958,0,0,0,0,0,0,0.0016417665407979,0.0272533245772451,0,0,0,0,0,0,0,0,0,0,0.00114923657855853,0,0.00032835330815958,0,0,0,0,0,0,0.00016417665407979,0,0,0,0.00016417665407979,0,0.00361188638975538,0,0,0,0,0,0.962239369561648,0,0,0,0.00016417665407979,0
"000045.java",0.000226808800181447,0,0,0,0,0,0.00952596960762078,0,0.000680426400544341,0,0,0.000226808800181447,0.0369698344295759,0,0,0,0,0,0,0,0,0.0242685416194148,0,0,0,0.000680426400544341,0.000680426400544341,0,0.000680426400544341,0,0,0,0,0,0,0,0,0,0.102517577682014,0,0,0,0,0,0.823542753458834,0,0,0,0,0
"000059.java",0,0,0,0,0,0,0,0,0,0,0,0,0.12401055408971,0,0,0,0,0,0,0,0.875109938434477,0,0,0,0.000879507475813544,0,0,0,0,0,0,0,0,0,0,0,0,0,0,0,0,0,0,0,0,0,0,0,0,0
"000062.java",0.00156903765690377,0.00627615062761506,0.00366108786610879,0,0.0407949790794979,0,0,0,0,0.000523012552301255,0.832635983263598,0,0.111401673640167,0,0,0,0,0,0,0,0,0,0.00104602510460251,0.000523012552301255,0,0.00104602510460251,0,0,0,0,0.000523012552301255,0,0,0,0,0,0,0,0,0,0,0,0,0,0,0,0,0,0,0
"000067.java",0.100649350649351,0,0,0,0,0,0.362012987012987,0,0,0,0,0,0.181818181818182,0,0,0,0.00324675324675325,0,0,0,0,0.310064935064935,0,0,0.0243506493506494,0,0,0,0,0,0,0,0.0146103896103896,0.00324675324675325,0,0,0,0,0,0,0,0,0,0,0,0,0,0,0,0
"000078.java",0,0,0,0.0304878048780488,0,0,0,0,0.0304878048780488,0,0.00609756097560976,0,0.567073170731707,0,0.213414634146341,0,0,0,0,0,0.121951219512195,0,0,0,0,0,0,0,0,0,0,0,0,0,0,0,0,0,0,0.0121951219512195,0,0,0.00609756097560976,0,0.00609756097560976,0,0,0.00609756097560976,0,0
"000080.java",0.190045248868778,0.0271493212669683,0,0,0.0542986425339367,0,0,0,0,0,0,0,0.461538461538462,0,0,0,0,0,0,0,0,0,0.0180995475113122,0,0,0.0180995475113122,0,0,0,0,0,0,0,0,0,0,0,0,0,0,0,0,0,0.0497737556561086,0.00452488687782805,0.0135746606334842,0.16289592760181,0,0,0
"000091.java",0.00744153082919915,0,0,0,0,0,0.0414599574769667,0,0,0,0,0,0.0155917788802268,0,0,0,0,0,0,0,0,0,0.000354358610914245,0,0.883770375620128,0,0,0.00070871722182849,0,0,0,0,0,0,0,0.00070871722182849,0,0,0,0,0,0,0,0.0499645641389086,0,0,0,0,0,0
"000098.java",0.133034987794955,0,0,0,0.0117982099267697,0,0,0,0,0.000406834825061025,0.000203417412530513,0,0.073026851098454,0,0,0,0,0,0,0,0,0,0,0.000203417412530513,0,0.00183075671277461,0.000406834825061025,0,0,0.000203417412530513,0,0.724165988608625,0.00081366965012205,0.00081366965012205,0,0,0.000406834825061025,0,0,0,0,0,0,0.0522782750203417,0,0,0,0,0.000406834825061025,0
"000106.java",0.25974025974026,0,0,0,0,0,0.051948051948052,0.051948051948052,0,0,0,0,0.396103896103896,0,0.051948051948052,0.181818181818182,0,0,0,0,0,0,0,0,0,0,0,0,0,0,0,0,0,0,0,0,0,0,0,0,0,0,0,0,0,0,0,0,0,0.00649350649350649
"000109.java",0,0,0,0.0222222222222222,0,0,0,0,0,0,0,0,0.466666666666667,0,0,0,0.244444444444444,0,0,0,0,0,0,0.155555555555556,0,0,0,0,0,0.0888888888888889,0,0,0,0,0,0,0,0,0.0222222222222222,0,0,0,0,0,0,0,0,0,0,0
"000111.java",0.0711206896551724,0,0,0,0,0.00107758620689655,0.172413793103448,0.0021551724137931,0,0,0,0,0.0668103448275862,0,0,0,0,0.68426724137931,0,0,0,0,0,0,0,0.00107758620689655,0.00107758620689655,0,0,0,0,0,0,0,0,0,0,0,0,0,0,0,0,0,0,0,0,0,0,0
"000115.java",0.408114558472554,0,0,0,0,0,0,0.341288782816229,0,0,0,0,0.229116945107399,0.00238663484486874,0,0,0,0,0,0,0,0.00238663484486874,0.00715990453460621,0,0,0.00238663484486874,0,0,0,0,0,0,0,0,0,0,0,0,0,0,0,0,0,0,0.00238663484486874,0,0,0,0,0.00477326968973747
"000116.java",0,0,0,0,0.00191570881226054,0,0.347701149425287,0,0,0,0,0,0.0747126436781609,0.000957854406130268,0,0,0,0,0,0,0,0,0,0,0.000957854406130268,0.00766283524904215,0,0,0,0,0.000957854406130268,0,0,0,0.039272030651341,0,0,0,0,0,0,0,0,0,0,0.137931034482759,0,0.378352490421456,0.00957854406130268,0
"000124.java",0,0,0.000961538461538462,0,0,0,0,0,0,0,0,0,0.0456730769230769,0.950480769230769,0,0,0,0,0,0,0,0,0,0,0,0.000480769230769231,0,0,0,0,0,0,0,0,0.000480769230769231,0,0,0,0,0,0,0,0.000480769230769231,0,0.000480769230769231,0.000961538461538462,0,0,0,0
"000132.java",0,0,0,0,0.0276797324911759,0,0.0296303176667286,9.28850083596508e-05,0,0,0,0,0.00232212520899127,0,0,0,0,0,9.28850083596508e-05,0,0,0,0,0,0,9.28850083596508e-05,0,0.000835965075236857,0,0,0,0,0,0,0,0,0,0,0,0,0.000557310050157905,0,0,0.000835965075236857,0.0136540962288687,0,0,0,0.924205833178525,0
"000134.java",0,0,0,0.00115606936416185,0,0,0.138728323699422,0,0,0.0427745664739884,0.00115606936416185,0.00578034682080925,0.10635838150289,0,0,0.690173410404624,0,0,0.0092485549132948,0.00115606936416185,0,0,0,0.00115606936416185,0,0,0,0,0,0,0.00115606936416185,0,0.00115606936416185,0,0,0,0,0,0,0,0,0,0,0,0,0,0,0,0,0
"000136.java",0.0374331550802139,0,0,0.411764705882353,0,0,0,0.0053475935828877,0,0,0.0053475935828877,0,0.406417112299465,0,0,0,0,0,0.0053475935828877,0,0.0106951871657754,0.0053475935828877,0.0053475935828877,0,0,0,0,0,0,0.0962566844919786,0,0,0,0.0053475935828877,0,0,0,0,0,0,0,0,0,0,0,0,0,0,0.0053475935828877,0
"000137.java",0,0,0.62046908315565,0.00266524520255864,0,0,0.0431769722814499,0,0,0,0.00106609808102345,0.00692963752665245,0.102878464818763,0,0,0.000533049040511727,0,0.000533049040511727,0,0,0,0,0,0,0,0,0,0,0,0,0,0.126332622601279,0,0,0,0,0,0,0,0,0,0,0.0922174840085288,0.00213219616204691,0,0.000533049040511727,0,0,0.000533049040511727,0
"000138.java",0.0166112956810631,0,0.0697674418604651,0.322259136212625,0.00332225913621262,0,0.0232558139534884,0,0,0,0,0,0.388704318936877,0,0,0,0,0.00332225913621262,0.00996677740863787,0,0,0,0,0,0,0,0,0,0,0,0,0.12624584717608,0,0,0,0,0,0,0,0,0,0.0365448504983389,0,0,0,0,0,0,0,0
"000139.java",0,0.000704225352112676,0.611267605633803,0,0.047887323943662,0,0.297887323943662,0,0,0,0,0,0.0119718309859155,0.00563380281690141,0,0,0,0,0.00352112676056338,0,0,0,0,0,0,0,0,0,0,0,0,0,0,0,0.0183098591549296,0,0,0,0,0,0.00211267605633803,0.000704225352112676,0,0,0,0,0,0,0,0
"000140.java",0,0,0,0,0,0,0,0,0,0,0,0,0.484848484848485,0,0,0,0,0,0,0,0,0,0,0,0,0,0,0,0,0.151515151515152,0,0.0101010101010101,0,0,0,0,0,0,0,0.303030303030303,0,0.0202020202020202,0,0.0303030303030303,0,0,0,0,0,0
"000141.java",0.00465116279069767,0,0,0,0,0,0.423255813953488,0,0,0,0,0,0.27906976744186,0,0,0.237209302325581,0,0.0465116279069767,0,0,0,0,0,0,0,0.00465116279069767,0,0,0,0,0,0,0,0,0,0,0,0,0,0,0,0,0,0,0,0,0,0,0,0.00465116279069767
"000142.java",0,0,0,0,0,0,0,0,0,0,0,0,0.0148148148148148,0,0,0,0,0,0,0,0,0,0,0,0.00246913580246914,0,0,0,0,0.97037037037037,0,0,0,0,0,0,0,0,0,0,0,0,0,0.00493827160493827,0,0,0,0,0.00740740740740741,0
"000143.java",0,0,0.638561320754717,0,0,0,0.326650943396226,0,0,0,0,0.000589622641509434,0,0,0.000589622641509434,0,0,0,0,0,0.000589622641509434,0,0,0,0,0,0,0,0,0,0,0.000589622641509434,0,0,0.0277122641509434,0,0.000589622641509434,0,0,0,0.00235849056603774,0,0,0.00117924528301887,0,0.000589622641509434,0,0,0,0
"000144.java",0.198895027624309,0,0.00552486187845304,0,0,0,0,0,0,0,0.00552486187845304,0,0,0.00276243093922652,0.00276243093922652,0,0,0,0.00276243093922652,0.00276243093922652,0.0110497237569061,0,0.00276243093922652,0,0,0,0,0,0,0.762430939226519,0,0,0,0,0,0,0,0,0,0,0,0,0,0,0,0,0,0,0,0.00276243093922652
"000145.java",0,0,0,0,0,0,0,0,0,0,0,0,0,0.00392156862745098,0,0,0,0,0,0,0,0,0,0,0,0,0,0,0,0.964705882352941,0,0.00392156862745098,0,0,0.00392156862745098,0,0,0,0,0,0,0,0,0,0,0,0,0,0.0235294117647059,0
"000146.java",0,0,0,0,0,0,0,0,0.26530612244898,0,0,0,0,0,0,0,0,0,0.0204081632653061,0,0.26530612244898,0,0.0204081632653061,0,0,0,0,0,0,0.346938775510204,0,0.0408163265306122,0,0,0,0,0,0,0,0,0.0204081632653061,0,0,0,0.0204081632653061,0,0,0,0,0
"000147.java",0,0,0,0,0,0,0,0,0,0,0,0,0,0,0.00296296296296296,0,0,0,0,0,0.0118518518518519,0,0,0,0,0,0,0,0,0.97037037037037,0.00148148148148148,0,0.00740740740740741,0,0,0,0,0,0,0,0,0,0,0,0,0,0,0.00444444444444444,0.00148148148148148,0
"000148.java",0,0,0,0.00932400932400932,0,0,0,0,0,0,0,0,0,0,0,0,0,0,0,0,0.00233100233100233,0,0,0,0,0,0,0,0,0.981351981351981,0,0,0,0,0,0,0,0,0,0,0,0,0,0.00699300699300699,0,0,0,0,0,0
"000149.java",0,0,0,0.0162866449511401,0,0,0,0,0,0,0,0,0.00325732899022801,0,0,0,0,0,0,0,0.00325732899022801,0,0,0,0,0,0,0,0,0.928338762214984,0,0,0,0.0325732899022801,0,0,0,0,0,0,0.0130293159609121,0.00325732899022801,0,0,0,0,0,0,0,0
"000150.java",0,0,0,0.00495049504950495,0.0222772277227723,0,0,0,0,0,0,0,0,0,0,0,0,0,0,0,0,0,0,0,0,0,0,0,0,0.97029702970297,0,0,0,0,0,0,0,0,0,0,0,0,0,0.00247524752475248,0,0,0,0,0,0
"000151.java",0.045631067961165,0,0,0,0,0,0,0,0,0,0,0,0.0563106796116505,0.000970873786407767,0,0,0,0.000323624595469256,0,0,0,0,0,0,0.00161812297734628,0.875080906148867,0.000323624595469256,0.00129449838187702,0,0,0,0,0.000323624595469256,0,0,0,0,0,0.0155339805825243,0,0,0.000647249190938511,0,0,0,0,0,0,0.00194174757281553,0
"000152.java",0,0,0,0,0,0.0225303292894281,0,0,0,0.0415944540727903,0,0,0.396880415944541,0,0,0,0,0,0,0,0,0.0571923743500867,0,0,0,0.0190641247833622,0,0.450606585788561,0,0.00173310225303293,0.00173310225303293,0,0,0,0.00173310225303293,0,0,0,0.00519930675909879,0,0,0,0,0,0,0,0,0,0.00173310225303293,0
"000156.java",0,0,0,0,0,0,0.000698324022346369,0.000698324022346369,0,0,0.000698324022346369,0,0.212988826815642,0,0,0,0,0,0.000698324022346369,0,0.00279329608938547,0,0,0,0.0439944134078212,0.00139664804469274,0,0,0,0,0,0.0572625698324022,0.64804469273743,0,0,0,0.00139664804469274,0,0,0,0,0,0,0.0293296089385475,0,0,0,0,0,0
"000157.java",0.00318877551020408,0,0,0,0,0,0.0127551020408163,0,0.000318877551020408,0,0,0,0.111607142857143,0,0.000637755102040816,0,0,0,0,0,0,0.00542091836734694,0,0,0,0,0,0.000318877551020408,0,0,0,0,0,0,0,0,0,0,0.857142857142857,0,0.00127551020408163,0,0.00637755102040816,0,0,0,0,0,0,0.000956632653061224
"000160.java",0.181506849315068,0,0.00684931506849315,0,0,0,0,0,0,0,0.023972602739726,0,0.345890410958904,0,0,0,0.00342465753424658,0.00684931506849315,0.0376712328767123,0.00342465753424658,0,0,0,0.376712328767123,0,0,0,0,0,0,0,0,0,0,0,0,0,0,0,0,0,0,0,0,0.0136986301369863,0,0,0,0,0
"000172.java",0,0.00116959064327485,0,0,0,0,0.260818713450292,0,0,0.00467836257309942,0,0.00116959064327485,0.194152046783626,0.0128654970760234,0,0,0,0,0,0,0.0175438596491228,0,0,0,0,0.00116959064327485,0,0,0,0.00116959064327485,0,0,0,0,0,0.00116959064327485,0,0,0,0,0.0573099415204678,0,0,0,0,0,0,0.446783625730994,0,0
"000175.java",0,0,0,0,0,0,0.00118694362017804,0,0,0,0,0,0.11513353115727,0,0,0,0,0,0,0,0,0,0,0.00118694362017804,0,0,0,0,0.000593471810089021,0,0,0,0,0,0.879525222551929,0.000593471810089021,0,0,0,0,0,0,0.000593471810089021,0,0.000593471810089021,0,0,0.000593471810089021,0,0
"000176.java",0.00172117039586919,0.000860585197934596,0,0.783132530120482,0,0,0,0,0,0.00172117039586919,0,0,0.203098106712565,0.000860585197934596,0,0,0,0,0,0,0,0,0,0,0,0,0.00688468158347676,0,0,0,0,0,0,0,0,0,0.000860585197934596,0,0,0,0,0,0.000860585197934596,0,0,0,0,0,0,0
"000177.java",0.00379506641366224,0,0,0.00379506641366224,0,0,0.280834914611006,0,0,0,0,0,0.444022770398482,0,0,0,0,0,0,0.00379506641366224,0,0,0,0,0,0,0.00379506641366224,0,0,0,0,0.0227703984819734,0,0.229601518026565,0,0,0,0,0,0.00189753320683112,0,0.00569259962049336,0,0,0,0,0,0,0,0
"000178.java",0.0228013029315961,0,0,0,0,0,0.169381107491857,0,0,0,0.00162866449511401,0,0.288273615635179,0,0,0,0,0,0.0553745928338762,0,0,0,0,0,0,0,0,0.0423452768729642,0,0,0,0,0.413680781758958,0,0,0,0,0,0,0,0,0.00325732899022801,0,0,0.00162866449511401,0,0,0.00162866449511401,0,0
"000180.java",0,0,0,0,0,0,0.0972644376899696,0,0,0,0,0,0.268996960486322,0,0.0182370820668693,0,0,0,0,0,0,0,0,0,0,0,0,0.0212765957446809,0,0,0,0,0,0,0.261398176291793,0,0,0,0.00151975683890578,0,0,0.00759878419452888,0,0,0.00151975683890578,0.320668693009119,0,0.00151975683890578,0,0
"000185.java",0,0.0103092783505155,0,0,0,0,0.221649484536082,0.00171821305841924,0,0,0,0.00343642611683849,0.376288659793814,0,0,0,0,0,0,0,0,0,0,0,0,0,0,0,0,0,0,0,0,0,0,0,0.38659793814433,0,0,0,0,0,0,0,0,0,0,0,0,0
"000186.java",0.0302474793767186,0,0.0320806599450046,0,0.167736021998167,0,0,0,0,0,0,0,0.256645279560037,0.000916590284142988,0,0,0,0,0,0,0,0,0,0,0,0,0,0.000916590284142988,0.000916590284142988,0,0.000916590284142988,0,0,0,0.00183318056828598,0.507791017415215,0,0,0,0,0,0,0,0,0,0,0,0,0,0
"000187.java",0,0,0.000107793467715856,0,0.386008407890482,0.000646760806295139,0.081815241996335,0,0,0,0,0,0.0155222593510833,0,0,0.000107793467715856,0,0,0,0,0.000431173870863426,0.000107793467715856,0.514713808343214,0,0,0,0,0,0.000107793467715856,0.000107793467715856,0,0,0.000107793467715856,0,0,0,0,0,0.000107793467715856,0,0,0,0,0,0,0,0,0,0,0.000107793467715856
"000188.java",0,0,0,0,0.0444444444444444,0,0,0,0,0,0,0,0.0364444444444444,0,0,0,0,0,0,0,0,0,0,0,0,0,0,0,0,0,0,0.00551111111111111,0,0.000177777777777778,0.000177777777777778,0.000533333333333333,0,0,0,0,0.00195555555555556,0.000177777777777778,0.000177777777777778,0,0,0,0,0,0,0.9104
"000189.java",0.275773195876289,0,0,0,0,0,0.264175257731959,0,0,0,0,0,0.229381443298969,0,0,0,0,0,0,0,0,0.0309278350515464,0,0,0,0,0,0.0038659793814433,0.00257731958762887,0.00128865979381443,0,0,0,0,0,0,0,0.190721649484536,0,0,0,0,0,0,0.00128865979381443,0,0,0,0,0
"000190.java",0,0,0,0,0.033112582781457,0,0.413907284768212,0,0,0,0,0,0.311258278145695,0,0,0,0,0,0,0,0,0.0960264900662252,0,0,0,0.0165562913907285,0,0,0,0,0,0,0,0.0033112582781457,0,0,0,0,0.0496688741721854,0,0,0,0,0,0,0,0,0.0165562913907285,0,0.0596026490066225
"000191.java",0,0,0,0,0,0.00366300366300366,0.186813186813187,0,0,0.0989010989010989,0.00732600732600733,0,0.549450549450549,0,0,0.00732600732600733,0,0,0,0.00366300366300366,0,0,0.00732600732600733,0,0,0,0.010989010989011,0,0.00366300366300366,0,0,0.00366300366300366,0.010989010989011,0,0,0,0,0,0.043956043956044,0,0,0,0.0586080586080586,0,0,0,0.00366300366300366,0,0,0
"000194.java",0.142416225749559,0,0,0,0,0,0,0,0,0.777336860670194,0,0,0.0696649029982363,0,0,0,0,0,0,0,0,0,0,0,0,0.000881834215167548,0,0,0,0,0,0,0,0,0,0,0,0,0,0,0,0,0,0,0,0,0,0,0.00970017636684303,0
"000196.java",0,0.000514050719671008,0,0,0,0,0.136394790952707,0,0.000171350239890336,0,0,0.000171350239890336,0,0,0.000171350239890336,0.00119945167923235,0,0,0,0,0,0,0,0,0,0.000171350239890336,0,0,0.000171350239890336,0,0.000342700479780672,0.00154215215901302,0,0,0,0,0,0,0.000514050719671008,0,0.000685400959561343,0,0.856237148732008,0,0,0.00171350239890336,0,0,0,0
"000197.java",0,0,0,0,0,0,0,0,0.00191570881226054,0,0.00191570881226054,0,0.342911877394636,0,0,0.00574712643678161,0,0,0,0,0,0,0,0,0.00191570881226054,0,0,0.634099616858238,0,0,0,0,0,0,0,0,0,0,0,0,0,0,0,0,0,0,0,0,0.0114942528735632,0
"000199.java",0,0.00269541778975741,0,0,0,0,0.293800539083558,0,0,0.274932614555256,0,0,0.331536388140162,0,0,0,0,0,0.0134770889487871,0.00269541778975741,0,0,0,0,0,0,0,0,0,0,0,0,0,0,0,0,0.00269541778975741,0.045822102425876,0,0,0,0,0,0.0215633423180593,0.00539083557951483,0,0,0,0,0.00539083557951483
"000200.java",0.0677655677655678,0.00183150183150183,0,0,0.00183150183150183,0,0.126373626373626,0,0,0,0.0146520146520147,0,0.353479853479854,0,0,0,0,0,0,0,0,0,0,0,0,0,0,0,0,0,0,0,0,0,0.0622710622710623,0,0.344322344322344,0,0,0.00732600732600733,0,0,0,0.00366300366300366,0,0.00915750915750916,0.00183150183150183,0.00549450549450549,0,0
"000201.java",0,0,0.000732064421669107,0,0,0,0.0439238653001464,0,0,0.00146412884333821,0,0,0.144216691068814,0,0,0,0,0,0.000732064421669107,0,0,0,0,0,0,0,0,0,0,0.000732064421669107,0,0.0102489019033675,0,0,0,0,0,0,0,0,0,0,0,0.797950219619327,0,0,0,0,0,0
"000202.java",0,0,0,0,0,0,0.205128205128205,0,0,0,0,0,0.435897435897436,0,0,0.00427350427350427,0,0,0,0,0,0,0,0,0,0,0,0,0,0,0,0,0.00427350427350427,0,0.00854700854700855,0,0,0.00427350427350427,0,0,0.0726495726495727,0.264957264957265,0,0,0,0,0,0,0,0
"000225.java",0.0559167750325098,0,0.00260078023407022,0,0.224967490247074,0,0.0845253576072822,0,0,0.00130039011703511,0,0,0.23146944083225,0,0,0,0,0,0,0,0.00260078023407022,0,0,0,0.00130039011703511,0,0,0,0,0,0,0,0,0,0.00130039011703511,0,0,0,0,0,0,0,0,0.00260078023407022,0,0.0247074122236671,0.361508452535761,0,0.00520156046814044,0
"000226.java",0,0,0,0,0,0,0,0,0,0,0,0.00458715596330275,0.568807339449541,0.00458715596330275,0,0,0,0,0,0.0412844036697248,0.0412844036697248,0,0,0.00917431192660551,0,0.0137614678899083,0,0,0,0.123853211009174,0,0,0,0,0,0,0,0.110091743119266,0,0,0,0,0,0,0,0,0.0825688073394495,0,0,0
"000228.java",0,0,0,0.738636363636364,0,0,0,0,0,0,0,0,0.215909090909091,0,0,0,0,0,0.0170454545454545,0,0,0,0.00568181818181818,0,0,0,0,0,0,0,0,0,0,0,0,0,0,0,0,0,0,0.00568181818181818,0,0,0,0,0,0.0170454545454545,0,0
"000231.java",0.0321910695742471,0.00103842159916926,0,0,0,0,0,0,0,0,0,0,0.14018691588785,0,0,0,0,0,0,0.815160955347871,0,0,0,0,0,0,0,0,0.00103842159916926,0,0,0,0,0,0,0,0,0,0,0,0,0,0.00103842159916926,0,0,0,0,0,0.00519210799584631,0.00415368639667705
"000237.java",0.0176845568579066,0,0,0,0.00658030022619782,0,0.293645897594078,0,0,0.000205634382068682,0,0,0,0,0,0,0,0,0,0,0,0,0,0,0.000822537528274727,0,0,0,0,0,0,0,0,0,0,0,0,0,0,0,0.000205634382068682,0,0,0,0,0.680649804647337,0,0.000205634382068682,0,0
"000276.java",0.0573913043478261,0,0,0,0.0765217391304348,0,0,0,0,0,0,0,0,0,0.80695652173913,0,0,0,0,0,0,0,0,0,0,0.0173913043478261,0.00173913043478261,0,0,0,0,0,0,0,0.00695652173913044,0,0,0,0,0,0,0.00347826086956522,0,0,0,0.0295652173913043,0,0,0,0
"000277.java",0,0,0,0,0,0,0,0,0,0,0,0,0.131782945736434,0,0.852713178294574,0,0,0,0,0,0,0,0,0,0,0,0,0,0,0,0,0,0,0,0,0,0,0,0.00775193798449612,0,0,0,0,0,0,0,0,0,0,0.00775193798449612
"000278.java",0,0,0,0,0,0,0,0,0,0,0.00813008130081301,0,0.235772357723577,0,0.731707317073171,0,0,0,0,0,0,0,0,0,0,0,0,0,0,0,0,0,0.00813008130081301,0,0,0,0,0,0,0,0,0,0,0.016260162601626,0,0,0,0,0,0
"000279.java",0.21078431372549,0,0,0,0,0,0.117647058823529,0,0,0,0,0,0,0,0.651960784313726,0.00490196078431373,0,0,0,0,0,0.00245098039215686,0,0.00490196078431373,0.00245098039215686,0,0,0,0,0,0.00490196078431373,0,0,0,0,0,0,0,0,0,0,0,0,0,0,0,0,0,0,0
"000280.java",0,0,0,0,0,0,0,0,0,0,0,0,0.0502283105022831,0,0.908675799086758,0,0,0,0,0,0,0,0,0,0,0,0,0,0,0,0,0,0,0,0,0,0,0,0,0,0.0045662100456621,0,0,0,0,0,0,0,0.0365296803652968,0
"000281.java",0.136690647482014,0.00719424460431655,0.00719424460431655,0,0,0,0,0,0,0,0,0,0.302158273381295,0,0.517985611510791,0,0,0,0,0,0,0.00719424460431655,0,0,0,0,0,0,0,0,0.00719424460431655,0,0,0,0,0,0,0,0,0,0,0,0.00719424460431655,0,0.00719424460431655,0,0,0,0,0
"000282.java",0.187725631768953,0,0,0,0.0014865151836908,0.747929496708431,0,0,0,0.00743257591845402,0.000424718623911659,0,0.0363134423444468,0,0,0,0,0,0,0,0,0.0135909959651731,0,0,0.000212359311955829,0.00169887449564663,0,0,0,0,0,0.00276067105542578,0,0,0,0,0,0,0,0,0,0.000424718623911659,0,0,0,0,0,0,0,0
"000283.java",0.0479452054794521,0,0,0,0,0.819634703196347,0,0,0.0045662100456621,0,0,0,0.122146118721461,0,0,0,0,0,0,0,0,0,0,0,0.00114155251141553,0,0,0,0,0.00228310502283105,0,0.00114155251141553,0.00114155251141553,0,0,0,0,0,0,0,0,0,0,0,0,0,0,0,0,0
"000292.java",0.0233629483382692,0.000329055610398157,0,0.0111878907535373,0,0,0.0302731161566305,0,0,0,0,0,0.098387627509049,0,0,0,0,0,0.000329055610398157,0.000329055610398157,0,0,0,0,0,0,0,0,0,0,0,0,0,0,0.000987166831194472,0,0,0,0.000329055610398157,0.833497861138532,0,0,0,0,0,0,0.000658111220796315,0,0.000329055610398157,0
"000317.java",0.336084905660377,0.00117924528301887,0,0,0,0,0.14622641509434,0,0,0.0035377358490566,0,0.00117924528301887,0.125,0,0,0,0,0,0,0,0,0.306603773584906,0,0,0,0.0389150943396226,0,0,0,0,0,0.0341981132075472,0,0,0,0,0,0,0,0,0,0,0,0,0,0,0,0.0035377358490566,0.0035377358490566,0
"000318.java",0.108733371891267,0,0,0,0,0.121457489878543,0.0381723539618276,0,0,0,0,0,0.0722961249277039,0,0.000578368999421631,0,0,0,0.000578368999421631,0,0,0.650086755349913,0,0.00115673799884326,0.000578368999421631,0.00115673799884326,0,0,0,0.000578368999421631,0,0,0,0,0,0,0,0,0,0.00289184499710815,0,0,0,0,0,0,0,0.00115673799884326,0,0.000578368999421631
"000320.java",0.118243243243243,0,0,0,0,0,0.00844594594594595,0,0,0,0,0,0.224662162162162,0,0,0,0,0,0,0,0,0,0.00168918918918919,0,0,0.0168918918918919,0.523648648648649,0,0,0,0,0.0962837837837838,0,0,0.00168918918918919,0,0,0,0,0,0,0,0,0.00844594594594595,0,0,0,0,0,0
"000321.java",0,0.00294985250737463,0,0,0.0914454277286136,0,0.0442477876106195,0,0,0,0.00294985250737463,0,0.469026548672566,0,0,0.00294985250737463,0,0.00294985250737463,0,0,0.00294985250737463,0,0,0,0,0,0,0,0,0,0,0,0,0.103244837758112,0,0,0,0,0,0,0.0265486725663717,0,0,0.00294985250737463,0.0825958702064897,0,0,0,0.15929203539823,0.00589970501474926
"000322.java",0,0.00383141762452107,0,0.00383141762452107,0,0.00383141762452107,0.360153256704981,0,0,0,0,0,0.283524904214559,0,0,0.00383141762452107,0,0,0,0,0,0.0153256704980843,0,0,0,0.241379310344828,0.0114942528735632,0,0,0,0,0,0,0,0,0,0,0.0689655172413793,0,0,0,0.00383141762452107,0,0,0,0,0,0,0,0
"000330.java",0,0,0,0.000558971492453885,0,0,0.184460592509782,0,0,0.00223588596981554,0,0,0.116266070430408,0,0,0,0,0,0,0,0.000558971492453885,0.0122973728339855,0,0,0,0,0,0,0,0,0,0,0,0,0,0,0,0,0,0,0.0413638904415875,0.642258244829514,0,0,0,0,0,0,0,0
"000343.java",0,0,0,0,0,0,0.36405529953917,0,0,0,0,0,0.294930875576037,0,0.00921658986175115,0,0,0,0.0414746543778802,0,0,0,0,0,0,0,0,0,0,0,0,0,0.0552995391705069,0,0,0.119815668202765,0,0,0,0,0,0,0.0368663594470046,0,0,0,0,0.00921658986175115,0.0691244239631336,0
"000352.java",0.00657894736842105,0,0,0.0394736842105263,0,0,0,0,0,0,0,0,0.296052631578947,0,0.00657894736842105,0,0,0,0,0,0,0,0,0.0657894736842105,0,0,0,0,0,0.585526315789474,0,0,0,0,0,0,0,0,0,0,0,0,0,0,0,0,0,0,0,0
"000433.java",0.0503597122302158,0,0.00719424460431655,0.280575539568345,0,0,0,0.0215827338129496,0,0,0,0,0.330935251798561,0,0,0,0,0,0,0.251798561151079,0,0,0,0,0,0,0,0,0,0.0359712230215827,0,0,0,0,0,0,0,0,0,0,0,0,0,0,0,0,0.0215827338129496,0,0,0
"000441.java",0,0,0,0,0,0,0,0,0.611111111111111,0,0,0,0.388888888888889,0,0,0,0,0,0,0,0,0,0,0,0,0,0,0,0,0,0,0,0,0,0,0,0,0,0,0,0,0,0,0,0,0,0,0,0,0
"000442.java",0.00218818380743982,0,0,0.00218818380743982,0,0,0.210065645514223,0,0.586433260393873,0,0,0,0.181619256017505,0,0,0,0,0,0.00218818380743982,0,0,0.00218818380743982,0,0,0.0109409190371991,0,0,0,0,0,0,0,0,0,0,0,0,0,0,0.00218818380743982,0,0,0,0,0,0,0,0,0,0
