"V1","V2","V3","V4","V5","V6","V7","V8","V9","V10","V11","V12","V13","V14","V15","V16","V17","V18","V19","V20","V21","V22","V23","V24","V25","V26","V27","V28","V29","V30","V31","V32","V33","V34","V35","V36","V37","V38","V39","V40","V41","V42","V43","V44","V45","V46","V47","V48","V49","V50"
"000001.java",0,0.0022075055187638,0,0,0,0,0.0022075055187638,0,0,0,0.0507726269315673,0,0.556291390728477,0,0,0,0,0,0.0684326710816777,0,0,0,0,0,0,0,0.0860927152317881,0,0.00883002207505519,0.222958057395143,0,0,0,0,0,0.0022075055187638,0,0,0,0,0,0,0,0,0,0,0,0,0,0
"000002.java",0,0,0.00243605359317905,0,0,0,0,0,0.00365408038976857,0,0,0,0.729598051157126,0,0,0,0,0,0,0.00121802679658952,0,0,0.00121802679658952,0.00121802679658952,0,0,0,0,0.00609013398294762,0.194884287454324,0.0097442143727162,0.00852618757612668,0,0,0,0.00121802679658952,0,0,0,0.00243605359317905,0,0,0.0304506699147381,0,0,0.00730816077953715,0,0,0,0
"000003.java",0,0,0,0.00288683602771363,0.0109699769053118,0.00115473441108545,0,0,0,0,0.081986143187067,0.000577367205542725,0.873556581986143,0,0,0,0.000577367205542725,0,0,0.0023094688221709,0,0.000577367205542725,0,0,0,0,0.0161662817551963,0,0,0,0,0,0,0,0,0,0,0,0.00577367205542725,0,0.000577367205542725,0,0,0,0,0,0.00288683602771363,0,0,0
"000004.java",0,0,0,0,0,0,0,0,0,0,0.0033112582781457,0,0,0,0,0,0,0,0.301324503311258,0,0,0,0,0,0,0,0,0,0,0.685430463576159,0,0,0,0,0,0.0033112582781457,0,0,0,0,0.00662251655629139,0,0,0,0,0,0,0,0,0
"000005.java",0,0,0,0.0161943319838057,0.00404858299595142,0,0,0,0,0.00404858299595142,0.121457489878543,0,0,0,0,0.0161943319838057,0,0,0,0.0242914979757085,0,0,0,0,0.00404858299595142,0,0,0,0,0.510121457489879,0.0890688259109312,0,0,0,0.202429149797571,0,0,0,0,0,0.00809716599190283,0,0,0,0,0,0,0,0,0
"000018.java",0,0,0,0.0544554455445545,0,0,0,0,0,0.158415841584158,0,0,0,0,0,0,0,0,0,0,0,0,0,0,0,0,0,0,0,0.782178217821782,0,0,0,0,0,0,0,0,0,0,0,0,0,0,0.00495049504950495,0,0,0,0,0
"000019.java",0.01,0.0166666666666667,0.00333333333333333,0,0,0,0,0,0.03,0.296666666666667,0.0466666666666667,0,0,0,0,0,0,0,0,0.00333333333333333,0,0,0,0,0,0.00333333333333333,0,0,0.00333333333333333,0.563333333333333,0,0,0,0,0,0,0.00333333333333333,0,0,0,0,0,0,0,0,0,0,0,0,0.02
"000020.java",0,0,0,0.0378378378378378,0,0,0,0,0,0.113513513513514,0,0,0,0,0,0,0,0,0,0,0,0,0,0,0,0,0,0,0,0.724324324324324,0,0,0.00540540540540541,0.113513513513514,0,0,0,0,0,0,0,0,0,0,0,0.00540540540540541,0,0,0,0
"000023.java",0,0,0,0,0,0.780986762936221,0,0,0,0,0,0,0.0036101083032491,0.00120336943441637,0,0,0,0,0,0,0,0,0,0,0,0,0,0,0,0.183513838748496,0,0,0,0,0,0,0.000601684717208183,0,0,0,0.0210589651022864,0,0,0.00782190132370638,0,0,0,0.000601684717208183,0.000601684717208183,0
"000025.java",0,0,0,0.00226757369614512,0.036281179138322,0,0,0,0.0170068027210884,0.00113378684807256,0,0,0,0,0.0555555555555556,0,0,0,0,0,0,0,0,0,0,0,0.00113378684807256,0.0578231292517007,0,0.77437641723356,0,0.00113378684807256,0,0.0396825396825397,0,0,0,0,0.0102040816326531,0,0,0,0.00226757369614512,0,0,0.00113378684807256,0,0,0,0
"000026.java",0,0.85721570627231,0,0,0,0.000169981302056774,0,0,0,0,0.142444331123576,0,0,0,0,0,0,0,0,0,0,0,0,0.000169981302056774,0,0,0,0,0,0,0,0,0,0,0,0,0,0,0,0,0,0,0,0,0,0,0,0,0,0
"000030.java",0,0.00079126444057604,0,0,0,0,0,0,0,0,0.0599778445956639,0,0,0.000316505776230416,0,0,0.934325051432189,0,0,0,0,0,0,0,0,0,0,0,0,0.00443108086722583,0.000158252888115208,0,0,0,0,0,0,0,0,0,0,0,0,0,0,0,0,0,0,0
"000035.java",0,0,0,0,0,0.00182370820668693,0,0,0.00060790273556231,0,0,0,0,0,0,0,0,0,0,0,0,0,0,0,0,0,0,0,0,0.190273556231003,0,0,0,0.804255319148936,0,0,0,0,0,0,0.00060790273556231,0.00243161094224924,0,0,0,0,0,0,0,0
"000036.java",0,0,0,0,0,0,0,0,0,0,0.00300751879699248,0,0,0,0,0,0,0,0,0,0,0,0,0,0,0.00150375939849624,0,0,0,0.315789473684211,0,0,0,0.676691729323308,0,0,0.00150375939849624,0,0,0,0.00150375939849624,0,0,0,0,0,0,0,0,0
"000040.java",0,0,0,0,0.000563380281690141,0,0,0,0,0,0.339154929577465,0,0,0,0,0.00112676056338028,0,0,0,0,0,0,0,0,0.000563380281690141,0,0,0.000563380281690141,0.0028169014084507,0,0.000563380281690141,0.651830985915493,0,0,0,0,0,0,0,0,0,0.000563380281690141,0,0,0,0.000563380281690141,0,0,0,0.00169014084507042
"000043.java",0,0,0,0,0,0,0,0,0,0.00873362445414847,0,0,0,0.0502183406113537,0.218340611353712,0,0,0,0,0,0,0,0,0,0.00436681222707424,0,0,0.00218340611353712,0,0.417030567685589,0,0,0,0.172489082969432,0,0,0,0,0.122270742358079,0,0,0,0,0,0,0,0,0.00436681222707424,0,0
"000044.java",0,0,0.00049252996223937,0,0,0,0,0,0,0,0.0591035954687243,0.00032835330815958,0.00049252996223937,0,0,0,0.00016417665407979,0,0,0,0,0.000985059924478739,0.00410441635199475,0,0,0,0,0,0,0.00574618289279265,0,0.00016417665407979,0,0,0,0,0,0,0,0,0,0,0.927926448858972,0.00032835330815958,0.00016417665407979,0,0,0,0,0
"000045.java",0.000226808800181447,0,0,0,0,0,0,0,0,0,0.0582898616466319,0.000680426400544341,0,0,0,0,0,0,0,0.000453617600362894,0,0.00136085280108868,0,0,0,0,0,0,0.000226808800181447,0.0335677024268542,0,0,0,0,0,0.0848264912678612,0,0,0,0.00861873440689499,0.000226808800181447,0,0.811521887049217,0,0,0,0,0,0,0
"000059.java",0,0,0,0,0,0,0,0,0,0,0.0809146877748461,0,0,0,0,0,0,0,0,0,0,0,0,0,0,0,0.00175901495162709,0,0,0,0,0.00175901495162709,0,0,0,0,0,0,0,0.000879507475813544,0,0,0,0,0,0.914687774846086,0,0,0,0
"000062.java",0,0.00156903765690377,0,0,0,0,0.680962343096234,0,0,0,0.312761506276151,0,0,0,0,0.00104602510460251,0.000523012552301255,0,0,0,0,0.000523012552301255,0,0,0,0,0,0,0.000523012552301255,0.00209205020920502,0,0,0,0,0,0,0,0,0,0,0,0,0,0,0,0,0,0,0,0
"000067.java",0,0,0,0.0681818181818182,0,0.00162337662337662,0,0.00162337662337662,0,0.180194805194805,0.233766233766234,0,0,0,0,0,0,0,0,0,0.253246753246753,0.00162337662337662,0,0,0,0,0.00811688311688312,0,0.0178571428571429,0.233766233766234,0,0,0,0,0,0,0,0,0,0,0,0,0,0,0,0,0,0,0,0
"000078.java",0,0,0.00609756097560976,0,0,0,0,0,0,0,0.231707317073171,0,0,0,0,0,0,0,0,0,0,0,0,0.170731707317073,0,0,0,0,0,0.164634146341463,0,0.00609756097560976,0,0,0,0,0,0.268292682926829,0,0.024390243902439,0.00609756097560976,0,0,0,0,0.115853658536585,0,0,0.00609756097560976,0
"000080.java",0.00452488687782805,0,0,0,0,0,0,0,0,0,0.316742081447964,0,0.00452488687782805,0,0,0,0,0,0,0.00452488687782805,0,0.0723981900452489,0.0271493212669683,0,0.00452488687782805,0,0,0,0,0.407239819004525,0,0,0,0,0.14027149321267,0,0,0,0,0,0,0,0,0.00904977375565611,0,0,0,0.00904977375565611,0,0
"000091.java",0,0,0,0,0,0,0,0,0.00106307583274274,0.000354358610914245,0.222537207654146,0,0,0.00141743444365698,0,0.00106307583274274,0,0,0.000354358610914245,0,0,0,0,0,0,0,0.772856130403969,0,0,0,0,0,0,0,0,0,0,0,0,0.000354358610914245,0,0,0,0,0,0,0,0,0,0
"000098.java",0.000406834825061025,0,0,0,0,0,0,0,0.759357200976404,0,0.165988608624898,0,0,0,0.000406834825061025,0,0,0,0,0,0.00223759153783564,0,0,0,0,0,0,0,0,0.0689585028478438,0.000203417412530513,0,0,0.00122050447518308,0,0,0,0,0.00101708706265256,0,0,0,0,0.000203417412530513,0,0,0,0,0,0
"000106.java",0,0,0,0,0,0,0,0,0,0,0.0324675324675325,0,0,0.012987012987013,0,0,0,0,0,0,0,0,0.051948051948052,0,0,0,0,0,0,0.746753246753247,0,0,0,0.0779220779220779,0.0584415584415584,0,0,0,0,0,0,0,0,0,0,0,0.00649350649350649,0.012987012987013,0,0
"000109.java",0.0888888888888889,0,0,0,0,0,0,0,0,0,0.466666666666667,0,0,0,0.155555555555556,0,0,0,0,0,0,0,0,0,0,0,0,0,0,0,0,0,0.0222222222222222,0,0,0,0,0.222222222222222,0,0,0,0,0,0,0,0,0,0,0.0444444444444444,0
"000111.java",0,0,0.0678879310344828,0,0,0.00323275862068966,0,0,0,0,0,0,0,0,0,0,0,0,0,0,0.0301724137931034,0,0.0377155172413793,0,0,0,0,0,0,0.157327586206897,0,0,0,0.00107758620689655,0,0,0,0,0.22198275862069,0.00107758620689655,0,0,0,0,0,0,0.479525862068966,0,0,0
"000115.java",0,0,0.102625298329356,0,0,0,0,0,0,0,0,0,0,0,0,0,0,0,0,0,0,0,0,0,0.00954653937947494,0.00238663484486874,0,0,0,0.670644391408115,0,0.00238663484486874,0,0,0.205250596658711,0,0,0,0.00238663484486874,0,0,0,0,0,0,0,0,0,0,0.00477326968973747
"000116.java",0,0.00383141762452107,0,0,0,0,0,0,0,0,0.0948275862068965,0,0,0.64176245210728,0,0.102490421455939,0.000957854406130268,0,0,0.000957854406130268,0,0,0,0,0,0,0.00191570881226054,0,0,0.151340996168582,0,0,0,0,0,0,0,0,0,0,0,0,0,0.00191570881226054,0,0,0,0,0,0
"000124.java",0,0,0,0.000480769230769231,0,0,0,0,0,0,0.0177884615384615,0,0,0,0,0,0,0,0,0,0,0,0.000480769230769231,0,0.937980769230769,0,0,0,0,0.0432692307692308,0,0,0,0,0,0,0,0,0,0,0,0,0,0,0,0,0,0,0,0
"000132.java",0,0.000185770016719302,0,0.893182240386402,0.000278655025078952,0,9.28850083596508e-05,0,0,0.000185770016719302,0.0895411480587033,0,0,0,0,0,0,0,0,0,0,0,0.000650195058517555,0,0,0,9.28850083596508e-05,0,0,0,0.000371540033438603,0,0,0,0,0,0,0,0.000464425041798254,0,0,0,0.0149544863459038,0,0,0,0,0,0,0
"000134.java",0,0,0.0554913294797688,0,0,0,0,0,0,0,0.116763005780347,0,0.00115606936416185,0,0,0,0,0,0,0,0,0,0.00115606936416185,0,0,0,0,0,0,0.153757225433526,0,0.0161849710982659,0.00115606936416185,0.61271676300578,0,0,0,0,0,0,0,0,0.0404624277456647,0.00115606936416185,0,0,0,0,0,0
"000136.java",0.112299465240642,0,0,0,0.347593582887701,0,0,0,0,0,0.149732620320856,0,0,0,0,0.0053475935828877,0,0,0,0,0,0,0,0,0,0,0,0,0,0.283422459893048,0,0,0.0320855614973262,0,0,0,0,0,0.0053475935828877,0,0,0,0,0,0,0.0588235294117647,0.0053475935828877,0,0,0
"000137.java",0,0,0,0.00106609808102345,0,0,0,0,0,0,0.326226012793177,0,0,0,0,0,0,0,0,0,0,0,0,0,0,0.516524520255863,0,0,0,0.00692963752665245,0,0,0,0,0,0,0,0.00159914712153518,0.00746268656716418,0,0,0,0,0.136993603411514,0.00319829424307036,0,0,0,0,0
"000138.java",0,0,0,0,0.0631229235880399,0,0,0.00664451827242525,0.122923588039867,0,0.142857142857143,0,0,0,0,0,0,0,0,0,0,0,0,0,0,0.0365448504983389,0,0,0,0.325581395348837,0,0,0,0,0,0,0,0.242524916943522,0,0,0,0,0.00332225913621262,0,0.0132890365448505,0,0,0,0,0.0431893687707641
"000139.java",0,0,0,0,0,0,0,0,0,0,0.261267605633803,0,0,0,0,0,0,0,0,0,0,0.00492957746478873,0.00140845070422535,0,0,0,0,0,0.000704225352112676,0.0133802816901408,0,0,0,0.00140845070422535,0,0,0,0,0,0,0.00845070422535211,0,0,0.708450704225352,0,0,0,0,0,0
"000140.java",0.424242424242424,0,0,0,0,0,0,0,0,0,0.262626262626263,0,0,0,0,0,0,0,0,0,0,0,0,0,0,0.0101010101010101,0,0,0,0.0202020202020202,0,0,0,0,0,0,0,0,0,0.0202020202020202,0,0,0,0,0,0,0.262626262626263,0,0,0
"000141.java",0,0,0,0,0,0,0,0,0,0,0.181395348837209,0,0,0,0,0,0,0,0,0.00465116279069767,0,0,0.013953488372093,0,0,0,0,0,0,0.367441860465116,0,0,0,0.27906976744186,0,0,0,0,0.0883720930232558,0,0,0,0,0.0651162790697674,0,0,0,0,0,0
"000142.java",0.987654320987654,0,0,0,0,0,0.00246913580246914,0,0,0,0,0,0,0,0,0,0,0,0,0,0,0,0,0,0,0,0.00493827160493827,0,0,0,0,0,0,0,0,0.00246913580246914,0,0,0,0.00246913580246914,0,0,0,0,0,0,0,0,0,0
"000143.java",0,0,0,0,0,0,0,0,0,0.000589622641509434,0.191037735849057,0,0,0,0,0,0,0,0,0,0,0,0,0,0,0,0,0,0,0.0536556603773585,0,0,0,0,0,0,0,0,0.000589622641509434,0,0,0,0,0.754127358490566,0,0,0,0,0,0
"000144.java",0.704419889502762,0,0,0,0,0,0,0,0,0,0,0,0,0,0,0,0,0,0,0,0,0,0,0,0,0,0,0,0,0.287292817679558,0,0,0,0.00552486187845304,0,0,0,0,0,0,0.00276243093922652,0,0,0,0,0,0,0,0,0
"000145.java",0.992156862745098,0,0,0,0,0,0,0,0,0,0,0,0,0,0,0,0.00392156862745098,0,0,0,0,0,0,0,0,0,0,0,0,0.00392156862745098,0,0,0,0,0,0,0,0,0,0,0,0,0,0,0,0,0,0,0,0
"000146.java",0.326530612244898,0.0204081632653061,0,0,0,0,0,0,0,0,0,0,0,0,0,0,0,0,0.0204081632653061,0,0,0,0,0,0,0,0,0,0,0,0,0,0,0,0,0,0,0,0,0,0,0,0.0816326530612245,0,0,0.102040816326531,0,0.0816326530612245,0.36734693877551,0
"000147.java",0.94962962962963,0,0,0,0,0,0,0,0,0,0,0,0,0,0,0,0,0,0,0,0,0,0,0.00740740740740741,0,0,0,0,0.00148148148148148,0,0,0,0,0,0,0,0,0.00444444444444444,0,0,0,0,0,0,0,0.0355555555555556,0.00148148148148148,0,0,0
"000148.java",0.983682983682984,0,0,0,0,0,0,0,0,0,0.00233100233100233,0,0,0,0,0,0,0,0,0,0,0.00233100233100233,0,0.00233100233100233,0,0,0,0,0.00466200466200466,0,0,0,0,0,0,0,0,0,0,0,0.00466200466200466,0,0,0,0,0,0,0,0,0
"000149.java",0.93485342019544,0,0,0,0.00325732899022801,0,0,0,0,0,0,0,0,0,0.0228013029315961,0.00651465798045603,0.00651465798045603,0,0.00325732899022801,0,0,0,0,0,0,0,0,0,0,0,0.00325732899022801,0,0,0,0,0,0,0,0,0,0,0,0.00325732899022801,0,0.0162866449511401,0,0,0,0,0
"000150.java",0.992574257425743,0.00247524752475248,0,0,0.00247524752475248,0,0,0,0,0,0,0,0,0,0,0,0,0,0,0,0,0.00247524752475248,0,0,0,0,0,0,0,0,0,0,0,0,0,0,0,0,0,0,0,0,0,0,0,0,0,0,0,0
"000151.java",0,0,0,0,0,0,0,0,0,0,0.282847896440129,0,0,0,0,0,0,0,0,0,0,0,0.715210355987055,0,0,0,0.000323624595469256,0,0,0,0,0,0,0,0,0.00161812297734628,0,0,0,0,0,0,0,0,0,0,0,0,0,0
"000152.java",0,0,0,0.0190641247833622,0,0.00173310225303293,0.00173310225303293,0,0,0.00693240901213172,0.35528596187175,0.447140381282496,0,0.00346620450606586,0,0,0,0,0.0745233968804159,0,0.0467937608318891,0,0.0173310225303293,0,0.00173310225303293,0,0,0,0.00173310225303293,0,0,0,0,0,0,0.0121317157712305,0,0,0,0,0,0,0,0,0,0.00519930675909879,0,0,0,0.00519930675909879
"000156.java",0.00139664804469274,0,0,0,0,0,0,0,0.085195530726257,0,0.241620111731844,0,0,0,0,0,0,0,0,0,0,0,0,0,0,0,0.00279329608938547,0,0.66340782122905,0.00349162011173184,0,0,0,0,0,0.00209497206703911,0,0,0,0,0,0,0,0,0,0,0,0,0,0
"000157.java",0,0,0,0,0,0,0,0,0,0,0.230548469387755,0,0,0,0,0,0,0,0,0,0,0,0,0,0,0,0,0,0,0.032844387755102,0,0,0,0.000637755102040816,0,0.728316326530612,0,0,0.00701530612244898,0.000318877551020408,0,0,0,0,0,0.000318877551020408,0,0,0,0
"000160.java",0,0,0,0,0.00342465753424658,0,0.00342465753424658,0,0,0,0.00342465753424658,0,0,0,0.35958904109589,0,0.00342465753424658,0,0,0,0,0,0,0,0,0,0,0.0136986301369863,0,0.520547945205479,0.00342465753424658,0,0,0,0,0,0,0.0445205479452055,0,0,0,0,0.0342465753424658,0,0,0,0.00684931506849315,0.00342465753424658,0,0
"000172.java",0,0.0666666666666667,0.00233918128654971,0,0,0.00467836257309942,0,0,0,0,0,0,0,0.548538011695906,0,0,0,0,0,0,0,0,0,0,0,0,0.00350877192982456,0,0.00467836257309942,0.297076023391813,0,0,0,0.00935672514619883,0,0,0,0.00116959064327485,0.00116959064327485,0,0,0,0,0,0.0491228070175439,0.0116959064327485,0,0,0,0
"000175.java",0,0.00118694362017804,0,0,0,0,0,0,0,0,0.122848664688427,0,0,0,0,0,0,0,0,0,0,0,0,0,0,0,0,0,0,0.13353115727003,0.73946587537092,0,0,0,0,0,0,0.000593471810089021,0.00237388724035608,0,0,0,0,0,0,0,0,0,0,0
"000176.java",0,0,0,0,0.843373493975904,0,0,0,0,0,0.0834767641996558,0,0,0.000860585197934596,0,0,0,0,0,0,0,0,0,0,0,0,0.00172117039586919,0,0,0.0671256454388985,0.000860585197934596,0,0,0,0,0,0,0,0,0,0,0,0,0,0,0.00172117039586919,0,0,0,0.000860585197934596
"000177.java",0,0,0.00569259962049336,0,0,0,0,0,0.0227703984819734,0.0872865275142315,0.487666034155598,0,0,0,0.189753320683112,0,0,0,0,0,0,0,0,0,0,0,0,0,0,0.189753320683112,0,0,0,0,0.00189753320683112,0,0,0.00189753320683112,0,0,0,0,0,0,0,0,0,0,0,0.0132827324478178
"000178.java",0,0,0.00162866449511401,0,0,0,0,0,0,0.0716612377850163,0.273615635179153,0.00325732899022801,0,0,0,0.00488599348534202,0,0,0.473941368078176,0,0,0,0.00325732899022801,0,0,0,0,0,0,0.156351791530945,0,0,0,0,0.00325732899022801,0,0,0,0,0,0,0,0,0,0,0.00162866449511401,0.00651465798045603,0,0,0
"000180.java",0,0,0,0,0.00151975683890578,0,0,0,0,0,0.217325227963526,0,0,0,0,0,0,0,0.060790273556231,0,0,0.00151975683890578,0,0,0.00151975683890578,0,0,0,0,0.167173252279635,0,0,0,0,0,0,0,0,0,0.0060790273556231,0.013677811550152,0,0,0,0.530395136778115,0,0,0,0,0
"000185.java",0,0,0.00171821305841924,0,0,0,0.00515463917525773,0,0.00343642611683849,0.0498281786941581,0.280068728522337,0,0,0,0,0,0,0,0,0.118556701030928,0,0,0,0,0,0,0,0,0,0.221649484536082,0,0.00343642611683849,0,0,0,0,0,0,0,0,0,0,0,0.00687285223367698,0.309278350515464,0,0,0,0,0
"000186.java",0,0,0,0,0,0.0394133822181485,0.00916590284142988,0,0,0,0.114573785517874,0,0.00366636113657195,0,0,0.000916590284142988,0.000916590284142988,0,0.00916590284142988,0,0,0.0274977085242896,0,0,0,0,0,0,0,0.270394133822181,0,0.00183318056828598,0,0,0,0,0,0,0,0,0,0.48762603116407,0.00274977085242896,0.0256645279560037,0,0,0,0,0,0.00641613198900092
"000187.java",0,0,0,0.00226366282203298,0,0,0,0,0,0,0.247709388811038,0,0,0,0,0,0,0,0,0,0,0.749595774496066,0,0,0,0,0,0,0,0,0,0,0,0,0,0,0,0,0.000215586935431713,0,0,0,0,0.000215586935431713,0,0,0,0,0,0
"000188.java",0,0,0,0,0,0.000888888888888889,0,0,0.00586666666666667,0,0.0663111111111111,0,0,0,0,0,0,0,0,0,0,0,0,0,0,0,0,0,0,0.0179555555555556,0,0,0,0,0,0,0,0,0,0,0.908444444444444,0,0,0,0,0,0,0,0.000533333333333333,0
"000189.java",0.00128865979381443,0,0,0,0,0,0,0,0,0.182989690721649,0.0708762886597938,0,0,0.038659793814433,0.00128865979381443,0,0,0.00128865979381443,0,0,0.140463917525773,0,0,0,0,0,0,0,0,0.529639175257732,0,0,0,0,0,0,0,0,0.0115979381443299,0,0,0,0.0193298969072165,0,0,0,0,0,0.00257731958762887,0
"000190.java",0,0,0,0.0033112582781457,0,0,0,0,0,0.417218543046358,0.264900662251656,0.00662251655629139,0,0,0,0.0033112582781457,0,0,0,0,0,0.00662251655629139,0,0,0,0,0,0.0033112582781457,0,0.205298013245033,0,0,0,0,0,0,0,0,0,0,0.0894039735099338,0,0,0,0,0,0,0,0,0
"000191.java",0.00366300366300366,0,0.0366300366300366,0.00732600732600733,0,0,0,0,0,0.362637362637363,0.472527472527473,0,0,0,0,0.00732600732600733,0,0,0,0,0,0,0,0,0,0,0,0,0,0,0,0,0,0,0,0,0,0,0,0,0.0915750915750916,0,0,0.0146520146520147,0,0,0.00366300366300366,0,0,0
"000194.java",0,0,0.705908289241623,0,0,0,0,0,0.00132275132275132,0,0.258818342151675,0,0,0,0,0,0,0,0,0,0,0,0,0,0,0,0,0,0,0.0335097001763668,0,0,0,0,0,0,0,0,0,0,0.000440917107583774,0,0,0,0,0,0,0,0,0
"000196.java",0,0.000856751199451679,0,0,0,0,0.000171350239890336,0,0.000342700479780672,0.000171350239890336,0.0992117888965044,0.000514050719671008,0,0,0,0.000342700479780672,0,0,0,0,0,0,0.000685400959561343,0,0,0,0.000342700479780672,0,0.000171350239890336,0.00719671007539411,0,0,0.000171350239890336,0,0,0,0,0,0.889479095270733,0,0,0,0.000171350239890336,0,0,0.000171350239890336,0,0,0,0
"000197.java",0,0,0,0,0,0,0,0,0,0,0.258620689655172,0.64367816091954,0,0,0,0,0,0.00191570881226054,0.0938697318007663,0,0,0,0,0,0,0,0,0,0,0,0,0,0,0,0,0,0,0,0,0,0,0,0,0,0,0,0,0.00191570881226054,0,0
"000199.java",0,0,0.264150943396226,0.00539083557951483,0,0,0,0,0,0.185983827493261,0.323450134770889,0,0,0,0,0,0,0,0,0,0,0,0,0,0,0,0,0,0.00539083557951483,0.164420485175202,0,0.00808625336927224,0.0161725067385445,0,0,0,0,0,0,0,0,0,0,0.0161725067385445,0,0,0,0,0,0.0107816711590297
"000200.java",0,0,0,0,0,0,0,0,0,0.0256410256410256,0.302197802197802,0,0.00549450549450549,0,0,0,0,0,0,0,0,0,0,0,0,0,0,0,0,0.228937728937729,0,0,0,0,0,0,0,0,0,0,0,0,0,0,0.437728937728938,0,0,0,0,0
"000201.java",0,0,0.020497803806735,0,0,0,0,0,0.00439238653001464,0,0.690336749633968,0,0,0,0,0.00146412884333821,0,0,0,0.277452415812592,0,0,0,0.000732064421669107,0,0.000732064421669107,0.00439238653001464,0,0,0,0,0,0,0,0,0,0,0,0,0,0,0,0,0,0,0,0,0,0,0
"000202.java",0,0,0,0.0170940170940171,0,0,0,0,0,0.162393162393162,0.0897435897435897,0,0,0,0,0,0,0,0.170940170940171,0,0.00427350427350427,0,0,0,0,0.0170940170940171,0,0,0,0.346153846153846,0.0213675213675214,0,0,0,0,0,0,0,0,0,0.0256410256410256,0,0.00427350427350427,0,0,0,0.00427350427350427,0,0,0.136752136752137
"000225.java",0,0,0,0,0,0,0,0,0.00130039011703511,0.0143042912873862,0.154746423927178,0,0.00130039011703511,0,0,0.0221066319895969,0,0,0,0,0,0.17295188556567,0,0.0130039011703511,0,0.00130039011703511,0,0.4148244473342,0,0.196358907672302,0,0,0,0,0,0,0,0,0.00390117035110533,0,0,0,0,0.00390117035110533,0,0,0,0,0,0
"000226.java",0.128440366972477,0.00458715596330275,0,0,0.0137614678899083,0,0,0,0,0.206422018348624,0.155963302752294,0,0,0,0.00917431192660551,0,0,0,0,0,0,0,0,0,0,0,0,0.0779816513761468,0,0.238532110091743,0,0,0,0,0,0,0,0.0917431192660551,0,0.00458715596330275,0,0,0,0,0,0.0688073394495413,0,0,0,0
"000228.java",0,0,0,0,0,0,0,0,0,0,0.00568181818181818,0,0,0,0,0.0113636363636364,0,0,0,0,0,0,0,0.0397727272727273,0,0,0,0,0,0.1875,0,0,0,0,0,0.00568181818181818,0,0.653409090909091,0,0.0170454545454545,0,0,0,0,0,0.0795454545454545,0,0,0,0
"000231.java",0,0,0.00623052959501558,0,0,0.00311526479750779,0,0,0.00207684319833853,0,0,0,0,0.00623052959501558,0,0,0,0,0,0,0,0,0,0.0249221183800623,0,0,0,0,0,0.153686396677051,0,0,0,0,0,0,0,0.00623052959501558,0,0.00103842159916926,0,0,0,0,0,0,0,0.796469366562825,0,0
"000237.java",0,0,0,0.00843100966481596,0,0,0,0,0.00431832202344232,0,0.170882171499075,0,0,0,0,0.81431215299198,0,0,0,0,0,0,0,0,0,0,0,0,0,0.000822537528274727,0,0.000205634382068682,0,0,0,0,0,0,0.000822537528274727,0.000205634382068682,0,0,0,0,0,0,0,0,0,0
"000276.java",0,0,0,0,0,0.0104347826086957,0.0365217391304348,0,0.00347826086956522,0,0.00695652173913044,0,0,0,0,0.0191304347826087,0,0,0,0,0,0,0.0208695652173913,0.718260869565217,0,0,0,0,0,0.0956521739130435,0,0,0,0,0,0,0,0,0,0,0,0,0,0,0.0869565217391304,0,0.00173913043478261,0,0,0
"000277.java",0,0,0,0,0,0,0,0,0,0,0,0,0,0,0,0,0,0,0,0,0,0,0,0.89922480620155,0,0,0,0,0,0.10077519379845,0,0,0,0,0,0,0,0,0,0,0,0,0,0,0,0,0,0,0,0
"000278.java",0,0,0,0,0,0,0,0,0,0,0.0650406504065041,0,0,0,0,0,0,0,0,0,0,0,0,0.886178861788618,0,0,0,0,0,0,0,0,0,0,0,0,0,0.032520325203252,0,0,0,0,0,0,0,0.00813008130081301,0.00813008130081301,0,0,0
"000279.java",0.00980392156862745,0,0,0,0,0,0,0,0,0,0.00980392156862745,0,0,0,0,0.0122549019607843,0.00245098039215686,0,0,0,0,0,0.00245098039215686,0.686274509803922,0,0,0,0,0.00245098039215686,0.227941176470588,0,0.00245098039215686,0,0,0,0,0,0,0.0392156862745098,0,0,0,0,0,0,0,0.00490196078431373,0,0,0
"000280.java",0,0,0,0,0,0,0,0,0.0045662100456621,0,0.0091324200913242,0,0,0,0,0,0,0,0,0,0,0,0,0.931506849315068,0,0,0,0,0,0.0273972602739726,0,0.0182648401826484,0,0,0,0,0,0.0045662100456621,0,0.0045662100456621,0,0,0,0,0,0,0,0,0,0
"000281.java",0,0,0,0,0,0,0,0,0.00719424460431655,0,0.0143884892086331,0,0.00719424460431655,0,0,0,0,0,0,0,0,0,0,0.388489208633094,0,0,0,0,0,0.510791366906475,0,0,0,0,0,0,0,0,0,0,0.0503597122302158,0,0,0,0,0,0,0,0,0.0215827338129496
"000282.java",0,0,0,0,0,0,0,0,0.00424718623911659,0,0.0921639413888299,0,0,0,0,0.000212359311955829,0,0,0,0,0.00382246761520493,0.000424718623911659,0,0,0,0,0,0,0,0.0511785941813549,0,0,0.407517519643236,0,0,0,0,0,0,0.440220853684434,0,0,0,0,0,0,0,0.000212359311955829,0,0
"000283.java",0,0,0,0,0.0045662100456621,0,0,0,0,0,0.00228310502283105,0,0,0,0,0,0,0,0,0,0,0,0,0,0,0,0,0,0,0.0719178082191781,0,0,0,0,0,0,0,0.0148401826484018,0,0.906392694063927,0,0,0,0,0,0,0,0,0,0
"000292.java",0.0322474498190194,0,0,0,0.00855544587035209,0,0,0,0,0,0.0358670615333991,0,0,0.000658111220796315,0.000329055610398157,0,0,0.000658111220796315,0,0.000329055610398157,0,0,0,0.000658111220796315,0,0,0,0,0.00394866732477789,0.108259295820994,0,0.00427772293517604,0,0.000329055610398157,0.000658111220796315,0,0.000329055610398157,0,0,0,0,0,0,0,0,0,0.802895689371504,0,0,0
"000317.java",0,0,0,0.0117924528301887,0,0,0,0,0.0259433962264151,0.0035377358490566,0,0,0,0,0,0,0,0,0,0,0.387971698113208,0,0.0283018867924528,0,0,0.00589622641509434,0.00589622641509434,0,0,0.44811320754717,0,0,0,0.0813679245283019,0,0,0,0,0,0,0,0,0,0,0,0,0,0.00117924528301887,0,0
"000318.java",0,0.00115673799884326,0,0,0,0,0,0,0,0,0.205320994794679,0,0,0,0,0,0,0,0,0,0.578368999421631,0,0,0,0,0,0,0,0,0.0231347599768652,0,0,0,0,0,0,0,0,0,0.187391555812608,0.00462695199537305,0,0,0,0,0,0,0,0,0
"000320.java",0.00337837837837838,0,0,0.00168918918918919,0,0,0,0,0.0912162162162162,0,0,0.496621621621622,0,0,0,0.00675675675675676,0,0,0,0,0.00168918918918919,0,0,0,0,0,0,0,0,0.39527027027027,0,0,0,0,0,0,0,0,0,0.00168918918918919,0.00168918918918919,0,0,0,0,0,0,0,0,0
"000321.java",0,0,0,0,0.0117994100294985,0,0,0,0,0.289085545722714,0.551622418879056,0,0,0,0,0,0,0,0,0.00294985250737463,0,0.0855457227138643,0,0,0,0,0,0,0,0,0,0,0,0,0,0,0,0,0,0,0,0,0.0383480825958702,0,0,0,0,0,0,0.0206489675516224
"000322.java",0,0,0.00383141762452107,0,0,0,0,0,0,0.306513409961686,0.325670498084291,0,0,0,0,0,0,0,0,0,0.0114942528735632,0,0.24904214559387,0,0,0,0,0,0,0.103448275862069,0,0,0,0,0,0,0,0,0,0,0,0,0,0,0,0,0,0,0,0
"000330.java",0,0.0458356623812186,0.00223588596981554,0,0,0,0,0,0,0,0.206260480715484,0.00335382895472331,0,0,0,0,0,0,0,0,0.00111794298490777,0,0,0.000558971492453885,0,0,0.0178870877585243,0,0,0.0732252655114589,0.000558971492453885,0,0,0,0,0,0,0,0,0,0.00223588596981554,0,0.00223588596981554,0,0,0,0,0,0,0.644494130799329
"000343.java",0.00460829493087558,0,0.0184331797235023,0.165898617511521,0,0,0,0,0,0.216589861751152,0.258064516129032,0,0,0,0,0,0,0,0,0,0,0,0,0.0230414746543779,0,0,0,0,0,0.165898617511521,0,0,0,0,0.00460829493087558,0,0,0,0,0.00921658986175115,0,0.129032258064516,0,0,0,0,0,0.00460829493087558,0,0
"000352.java",0.743421052631579,0,0.00657894736842105,0,0,0,0,0,0,0.00657894736842105,0,0,0,0,0.0921052631578947,0,0,0,0,0,0,0,0,0.0394736842105263,0,0,0,0,0,0.0986842105263158,0,0,0,0,0,0,0,0.00657894736842105,0,0,0,0,0,0.00657894736842105,0,0,0,0,0,0
"000433.java",0,0,0,0,0,0,0,0,0,0,0,0,0,0,0,0,0,0,0,0,0,0,0,0.00719424460431655,0,0,0,0,0,0.402877697841727,0,0,0,0,0,0,0,0.309352517985612,0.00719424460431655,0,0,0,0,0,0.0359712230215827,0.0143884892086331,0,0.223021582733813,0,0
"000441.java",0.25,0.0277777777777778,0,0,0,0,0,0,0,0,0,0,0,0,0,0,0,0,0,0,0,0,0,0,0,0,0,0,0,0,0,0,0,0,0,0,0,0.722222222222222,0,0,0,0,0,0,0,0,0,0,0,0
"000442.java",0,0,0,0,0.0568927789934354,0,0,0,0,0,0.181619256017505,0,0,0,0,0,0.00218818380743982,0,0,0,0,0,0,0,0,0,0,0,0,0.155361050328228,0,0,0.0087527352297593,0.0306345733041575,0,0,0,0.553610503282276,0.0087527352297593,0,0,0,0.00218818380743982,0,0,0,0,0,0,0
