"V1","V2","V3","V4","V5","V6","V7","V8","V9","V10","V11","V12","V13","V14","V15","V16","V17","V18","V19","V20","V21","V22","V23","V24","V25","V26","V27","V28","V29","V30","V31","V32","V33","V34","V35","V36","V37","V38","V39","V40","V41","V42","V43","V44","V45","V46","V47","V48","V49","V50"
"000001.java",0.565121412803532,0,0,0.00662251655629139,0,0,0.00441501103752759,0,0,0,0,0,0,0,0,0,0,0,0,0,0,0,0,0,0,0,0,0,0,0.293598233995585,0.011037527593819,0,0,0,0,0,0,0,0.0419426048565121,0.0551876379690949,0,0.00662251655629139,0,0.011037527593819,0,0,0,0,0.00441501103752759,0
"000002.java",0.719853836784409,0,0.0048721071863581,0,0,0,0,0,0.00121802679658952,0,0.00365408038976857,0,0,0,0,0,0,0,0.00609013398294762,0.00365408038976857,0.0097442143727162,0,0,0,0,0,0,0,0,0.143727161997564,0,0,0,0,0,0.095006090133983,0,0,0.0121802679658952,0,0,0,0,0,0,0,0,0,0,0
"000003.java",0.842956120092379,0,0,0,0,0,0.00288683602771363,0.00115473441108545,0,0.0109699769053118,0,0,0,0.00115473441108545,0.0023094688221709,0,0,0,0,0.00115473441108545,0,0,0,0,0,0,0,0,0,0.0750577367205543,0,0.000577367205542725,0,0,0,0,0.00115473441108545,0,0,0.0536951501154734,0,0.00577367205542725,0,0,0.00115473441108545,0,0,0,0,0
"000004.java",0,0,0,0,0,0,0,0.0165562913907285,0,0.00993377483443709,0.00993377483443709,0,0,0,0,0,0,0,0,0,0,0.0033112582781457,0,0,0,0,0.0662251655629139,0,0,0.539735099337748,0,0,0,0,0,0,0,0.00993377483443709,0,0,0,0.0033112582781457,0,0,0.337748344370861,0,0,0,0.0033112582781457,0
"000005.java",0,0,0,0,0,0,0,0,0.00404858299595142,0,0.00404858299595142,0.00404858299595142,0,0,0,0,0,0,0,0,0,0,0,0,0.00404858299595142,0,0,0.279352226720648,0.00809716599190283,0.676113360323887,0,0,0.0121457489878543,0,0,0.00809716599190283,0,0,0,0,0,0,0,0,0,0,0,0,0,0
"000018.java",0,0,0.0148514851485149,0,0,0,0,0,0.0099009900990099,0.00495049504950495,0,0,0,0,0,0,0,0,0,0,0,0,0.00495049504950495,0,0,0,0,0,0,0.5,0,0,0,0,0.00495049504950495,0.430693069306931,0,0,0,0,0,0.0297029702970297,0,0,0,0,0,0,0,0
"000019.java",0,0,0.0133333333333333,0.1,0.00666666666666667,0,0,0.00333333333333333,0,0,0,0,0,0,0,0,0,0,0,0,0,0,0,0,0,0,0,0,0,0.443333333333333,0,0,0,0.00333333333333333,0,0.343333333333333,0.06,0,0,0.00666666666666667,0,0,0,0.00666666666666667,0,0,0,0,0.0133333333333333,0
"000020.java",0,0,0,0,0,0,0,0,0,0,0,0,0,0,0,0,0,0.0108108108108108,0,0,0,0,0,0,0,0,0,0,0,0.562162162162162,0,0,0.00540540540540541,0.00540540540540541,0,0.324324324324324,0,0.0756756756756757,0,0,0,0.0162162162162162,0,0,0,0,0,0,0,0
"000023.java",0,0,0,0.00481347773766546,0,0,0,0,0,0,0.00120336943441637,0,0,0,0,0,0,0.0156438026474128,0.789410348977136,0,0,0,0,0,0,0,0,0,0,0.184717208182912,0,0,0,0,0,0,0,0,0.00180505415162455,0,0,0,0,0.000601684717208183,0,0,0,0.00180505415162455,0,0
"000025.java",0,0.00793650793650794,0,0,0,0,0,0,0,0,0,0.00340136054421769,0,0,0,0,0.0204081632653061,0,0,0,0.00226757369614512,0,0,0,0,0,0,0,0.00113378684807256,0.437641723356009,0,0,0,0,0,0,0,0,0,0,0.00113378684807256,0.0294784580498866,0,0,0.49546485260771,0,0,0,0.00113378684807256,0
"000026.java",0,0.000169981302056774,0,0,0,0.000169981302056774,0,0,0,0.984531701512834,0,0,0,0,0,0,0.000339962604113548,0,0,0,0,0,0,0,0,0,0,0,0,0.0144484106748258,0,0,0,0,0,0,0,0,0,0,0,0,0,0,0,0.000339962604113548,0,0,0,0
"000030.java",0,0,0,0,0,0,0,0,0,0,0,0,0,0,0,0,0,0,0,0,0,0,0,0,0,0,0.984174711188479,0,0,0.01519227725906,0,0,0,0,0,0,0,0,0,0.000158252888115208,0,0,0,0,0,0.000474758664345624,0,0,0,0
"000035.java",0,0,0.00060790273556231,0.00060790273556231,0,0,0.00060790273556231,0.00121580547112462,0.00303951367781155,0,0,0,0,0,0,0,0,0,0.00121580547112462,0,0,0,0,0,0,0,0,0,0,0.139209726443769,0,0,0,0,0,0.00060790273556231,0,0.759270516717325,0,0,0,0.0911854103343465,0,0,0,0,0,0,0.00243161094224924,0
"000036.java",0,0,0,0,0,0,0,0.00150375939849624,0,0,0,0,0,0,0,0,0,0,0,0,0,0,0,0,0,0,0,0,0,0.261654135338346,0,0,0,0,0,0,0,0.690225563909774,0.00300751879699248,0,0,0.0421052631578947,0,0,0,0,0,0.00150375939849624,0,0
"000040.java",0,0,0,0,0,0,0,0,0.803943661971831,0,0,0,0,0,0,0,0,0,0.00112676056338028,0,0,0,0,0,0.000563380281690141,0,0,0,0,0.0614084507042254,0,0,0,0,0,0.00225352112676056,0,0.00112676056338028,0,0,0.000563380281690141,0.128450704225352,0,0,0,0,0,0,0.000563380281690141,0
"000043.java",0,0.194323144104804,0,0,0,0,0,0,0,0,0,0,0,0,0,0,0,0,0,0,0,0.00436681222707424,0.00655021834061135,0,0,0.00218340611353712,0,0,0,0.334061135371179,0.0131004366812227,0,0,0.00218340611353712,0,0.152838427947598,0,0.176855895196507,0,0,0,0.0589519650655022,0,0,0.0436681222707424,0,0.0109170305676856,0,0,0
"000044.java",0.00016417665407979,0,0,0,0.00032835330815958,0,0,0,0,0.00279100311935643,0,0.000820883270398949,0,0.00016417665407979,0,0.000985059924478739,0,0,0,0,0,0,0,0,0,0,0,0,0,0.0334920374322771,0,0,0,0,0,0,0,0,0,0,0,0,0,0,0.00016417665407979,0,0.958791659825973,0,0.00229847315711706,0
"000045.java",0,0,0.0117940576094352,0,0,0.0932184168745747,0.000680426400544341,0,0,0.000226808800181447,0.00408255840326605,0,0,0,0,0,0,0,0,0,0,0,0,0,0,0,0,0,0.000226808800181447,0.0546609208437287,0,0,0,0,0,0,0,0,0,0,0,0,0,0,0,0,0.835110002268088,0,0,0
"000059.java",0,0,0.00175901495162709,0,0,0,0,0,0.000879507475813544,0.00263852242744063,0,0,0,0,0,0,0,0,0,0,0.878627968337731,0,0.000879507475813544,0.00175901495162709,0,0,0.00175901495162709,0,0,0.11169744942832,0,0,0,0,0,0,0,0,0,0,0,0,0,0,0,0,0,0,0,0
"000062.java",0,0,0,0.000523012552301255,0,0,0,0,0.000523012552301255,0.00104602510460251,0,0,0,0,0,0,0,0,0.000523012552301255,0,0,0,0,0,0.00104602510460251,0,0,0,0,0.0988493723849372,0,0,0.00156903765690377,0,0,0,0,0,0,0,0,0.235878661087866,0,0,0.000523012552301255,0.659518828451883,0,0,0,0
"000067.java",0,0,0.262987012987013,0,0,0,0,0,0,0,0,0,0,0,0,0,0,0,0,0,0,0,0,0,0,0,0.00162337662337662,0,0,0.332792207792208,0,0,0,0.00649350649350649,0.0665584415584416,0.126623376623377,0,0.0113636363636364,0,0.0957792207792208,0,0.0925324675324675,0,0,0,0,0.00162337662337662,0,0,0.00162337662337662
"000078.java",0,0,0,0,0,0,0,0,0,0,0,0,0,0,0.0548780487804878,0,0,0,0,0.0548780487804878,0.140243902439024,0.0182926829268293,0,0,0,0.201219512195122,0,0,0,0.524390243902439,0,0,0,0,0,0,0,0,0,0,0,0,0,0,0.00609756097560976,0,0,0,0,0
"000080.java",0,0,0,0,0,0,0,0.0180995475113122,0,0,0,0,0,0,0,0,0.00904977375565611,0,0.00904977375565611,0,0,0.0135746606334842,0.0135746606334842,0,0,0,0,0.18552036199095,0,0.687782805429864,0,0,0,0,0,0,0,0,0.00452488687782805,0,0,0.00452488687782805,0,0,0,0,0.00452488687782805,0.0497737556561086,0,0
"000091.java",0,0,0,0,0,0,0,0,0,0,0,0,0,0,0,0,0,0.00106307583274274,0,0,0,0.00460666194188519,0.000354358610914245,0,0.000354358610914245,0,0,0.000354358610914245,0,0.0262225372076541,0,0,0,0,0,0,0.000354358610914245,0,0,0.953579021970234,0,0.00850460666194188,0,0,0,0,0.00177179305457123,0.00283486888731396,0,0
"000098.java",0,0,0.00203417412530513,0,0,0,0.00284784377542718,0.00244100895036615,0,0,0,0,0,0,0,0,0.85313262815297,0,0,0,0,0,0,0,0,0,0,0,0,0.096419853539463,0,0,0.000610252237591538,0,0.000610252237591538,0.0191212367778682,0,0,0,0,0,0.0185109845402766,0,0,0,0.000610252237591538,0,0,0.00122050447518308,0.00244100895036615
"000106.java",0,0,0,0,0,0,0,0,0,0,0,0,0,0,0,0,0,0,0.00649350649350649,0,0.00649350649350649,0,0,0,0,0.038961038961039,0,0.00649350649350649,0,0.558441558441558,0,0,0,0,0,0.00649350649350649,0,0.0584415584415584,0,0,0,0.194805194805195,0,0,0.116883116883117,0,0,0,0,0.00649350649350649
"000109.java",0,0.488888888888889,0,0,0,0,0,0,0,0,0,0,0,0,0,0,0,0,0,0,0.0222222222222222,0,0,0,0,0,0,0,0,0.4,0.0222222222222222,0,0,0,0,0,0,0,0,0,0,0,0,0,0,0,0.0222222222222222,0.0444444444444444,0,0
"000111.java",0.00107758620689655,0,0,0.0021551724137931,0,0,0,0,0,0,0,0,0,0,0,0,0.00107758620689655,0.0021551724137931,0.00538793103448276,0,0,0,0,0.673491379310345,0,0,0,0,0.0021551724137931,0.185344827586207,0,0,0,0.00538793103448276,0,0.0786637931034483,0,0,0,0,0,0.0431034482758621,0,0,0,0,0,0,0,0
"000115.java",0,0,0,0.00477326968973747,0,0,0,0,0,0,0,0,0,0,0,0,0,0,0,0,0,0,0,0,0,0,0,0,0,0.350835322195704,0,0.00477326968973747,0,0,0,0.0763723150357995,0,0,0,0,0,0,0,0,0.563245823389022,0,0,0,0,0
"000116.java",0,0,0,0,0,0,0,0,0,0,0,0,0,0,0,0,0,0.00383141762452107,0,0,0,0,0,0,0.126436781609195,0,0,0,0,0.189655172413793,0,0,0,0,0,0.0239463601532567,0,0.0229885057471264,0,0.00957854406130268,0.421455938697318,0.202107279693487,0,0,0,0,0,0,0,0
"000124.java",0,0,0,0,0,0,0,0,0,0,0,0,0,0.916346153846154,0,0,0,0,0,0,0,0,0,0,0.000480769230769231,0,0,0,0.000480769230769231,0.0783653846153846,0.00144230769230769,0,0,0,0,0,0,0,0,0.00240384615384615,0,0,0,0,0,0,0.000480769230769231,0,0,0
"000132.java",0,0,0,0,0,0,0,0.00102173509195616,0,0,0,0.933865874047929,0,9.28850083596508e-05,0,0,0,0,0,9.28850083596508e-05,0,9.28850083596508e-05,0,0,0.0169979565298161,0,0,0,0,0.0306520527586847,0,0,0,0,0,0,0,0,9.28850083596508e-05,0,0,0,0,0,0,0,0.0169050715214564,0,0.000185770016719302,0
"000134.java",0.0023121387283237,0,0,0.00115606936416185,0,0,0,0,0,0,0,0,0,0,0,0,0,0,0.00115606936416185,0.00115606936416185,0,0,0.0023121387283237,0.00115606936416185,0,0,0.00115606936416185,0,0,0.232369942196532,0.0543352601156069,0.0023121387283237,0,0,0,0,0,0.546820809248555,0,0.00346820809248555,0,0.132947976878613,0,0,0,0.00115606936416185,0.0161849710982659,0,0,0
"000136.java",0,0,0,0,0.0160427807486631,0,0.0641711229946524,0,0,0,0,0,0.0053475935828877,0,0.417112299465241,0,0,0,0,0,0,0,0,0.0053475935828877,0,0,0,0,0,0.433155080213904,0.0053475935828877,0,0,0,0,0.0106951871657754,0,0,0,0.0053475935828877,0.0053475935828877,0,0,0,0.0213903743315508,0.0053475935828877,0,0.0053475935828877,0,0
"000137.java",0,0,0,0.63592750533049,0,0,0,0,0.00479744136460554,0.00106609808102345,0,0,0,0,0.00639658848614072,0,0.115138592750533,0,0.00106609808102345,0,0,0.0772921108742004,0,0,0,0,0,0,0,0.155117270788913,0,0,0,0,0,0.000533049040511727,0,0,0.000533049040511727,0,0.000533049040511727,0,0.000533049040511727,0.000533049040511727,0,0,0,0,0,0.000533049040511727
"000138.java",0,0,0,0,0,0,0,0,0,0,0,0,0.00332225913621262,0,0.0930232558139535,0,0.12624584717608,0,0,0,0,0,0,0,0,0,0,0,0,0.54485049833887,0,0,0,0,0,0,0,0.0132890365448505,0,0,0,0,0,0,0,0,0,0,0,0.219269102990033
"000139.java",0,0,0.00352112676056338,0.667605633802817,0,0,0,0,0,0,0,0,0,0,0,0,0,0,0,0,0,0,0,0,0.0338028169014084,0.00563380281690141,0.000704225352112676,0,0,0.097887323943662,0,0,0.000704225352112676,0,0,0,0,0,0,0,0,0.169014084507042,0.00140845070422535,0,0,0,0,0.0197183098591549,0,0
"000140.java",0,0,0,0,0,0,0.212121212121212,0,0,0,0,0,0,0,0,0,0,0,0,0.272727272727273,0.0101010101010101,0,0,0,0,0,0,0,0,0.363636363636364,0,0.141414141414141,0,0,0,0,0,0,0,0,0,0,0,0,0,0,0,0,0,0
"000141.java",0,0,0,0.0372093023255814,0,0,0,0,0,0,0,0,0,0,0,0,0,0,0,0,0,0.0372093023255814,0,0,0,0,0,0,0.00465116279069767,0.409302325581395,0,0,0,0,0,0,0,0.293023255813953,0,0.013953488372093,0,0.186046511627907,0,0,0.00465116279069767,0,0.013953488372093,0,0,0
"000142.java",0,0,0,0,0,0.00246913580246914,0.980246913580247,0,0,0,0,0,0,0,0,0,0,0,0.00246913580246914,0,0,0,0,0,0.00246913580246914,0,0,0,0,0.00740740740740741,0,0,0,0,0,0.00246913580246914,0,0,0,0,0,0,0,0,0.00246913580246914,0,0,0,0,0
"000143.java",0,0,0,0.675117924528302,0,0.00117924528301887,0,0,0,0,0,0.000589622641509434,0,0,0,0,0,0,0,0,0,0,0,0.00117924528301887,0.0277122641509434,0,0,0,0,0.100825471698113,0.00707547169811321,0,0,0,0,0.00117924528301887,0,0,0,0,0,0.183372641509434,0.00117924528301887,0,0,0,0.000589622641509434,0,0,0
"000144.java",0,0,0,0,0,0,0.720994475138122,0,0,0,0,0,0,0,0,0,0,0,0,0,0.00276243093922652,0,0,0,0.0110497237569061,0,0,0,0,0.174033149171271,0,0,0,0,0.00276243093922652,0.0883977900552486,0,0,0,0,0,0,0,0,0,0,0,0,0,0
"000145.java",0.00392156862745098,0,0,0,0,0,0.984313725490196,0,0,0,0,0,0,0,0,0,0,0,0,0,0,0,0,0,0,0,0,0,0,0,0,0,0,0,0,0.00392156862745098,0,0,0,0,0,0,0,0,0.00784313725490196,0,0,0,0,0
"000146.java",0,0,0,0,0,0,0.285714285714286,0,0,0,0,0,0,0,0,0,0,0,0,0,0.306122448979592,0,0,0,0,0,0,0,0,0,0,0,0,0,0,0,0,0,0,0.0612244897959184,0,0.102040816326531,0,0,0,0,0,0,0,0.244897959183673
"000147.java",0,0,0,0,0,0,0.974814814814815,0,0,0,0,0.00148148148148148,0.00148148148148148,0,0,0,0,0,0,0,0.0192592592592593,0,0,0,0,0.00148148148148148,0,0,0,0,0,0,0,0,0,0,0,0,0,0,0,0,0,0,0,0,0,0.00148148148148148,0,0
"000148.java",0,0,0,0,0,0.00233100233100233,0.990675990675991,0.00466200466200466,0,0,0,0,0,0,0,0,0,0,0,0,0,0,0,0,0,0,0,0.00233100233100233,0,0,0,0,0,0,0,0,0,0,0,0,0,0,0,0,0,0,0,0,0,0
"000149.java",0,0,0,0,0.00325732899022801,0,0.908794788273616,0,0,0.00325732899022801,0,0,0,0,0.00977198697068404,0,0,0,0,0.00977198697068404,0,0,0,0,0.00651465798045603,0,0,0,0,0.00977198697068404,0,0,0,0,0,0.0130293159609121,0,0,0,0,0,0,0,0,0,0,0.00325732899022801,0,0,0.0325732899022801
"000150.java",0,0,0.00247524752475248,0,0,0,0.992574257425743,0,0,0,0,0,0,0,0,0,0,0,0,0,0,0,0,0,0,0,0,0,0.00247524752475248,0,0.00247524752475248,0,0,0,0,0,0,0,0,0,0,0,0,0,0,0,0,0,0,0
"000151.java",0,0,0,0,0,0.000647249190938511,0,0,0,0,0,0,0,0,0,0,0,0,0.000323624595469256,0,0,0,0.000323624595469256,0.000647249190938511,0,0.000323624595469256,0,0,0,0.0783171521035599,0.000323624595469256,0,0,0,0,0,0,0,0,0,0,0.531067961165049,0,0,0,0,0,0,0.388025889967638,0
"000152.java",0,0,0.0987868284228769,0,0,0.00173310225303293,0,0,0,0,0.00693240901213172,0,0,0,0,0,0,0,0,0,0,0,0,0,0,0,0,0,0,0.305025996533795,0,0,0,0,0,0,0,0,0.00346620450606586,0,0,0,0.575389948006932,0,0,0,0,0,0.00866551126516464,0
"000156.java",0,0,0,0,0,0,0.00488826815642458,0,0,0,0,0.000698324022346369,0,0,0,0,0,0,0.000698324022346369,0,0.000698324022346369,0.00139664804469274,0,0,0,0,0,0,0,0.194134078212291,0,0,0,0.00139664804469274,0,0,0,0,0.692039106145251,0.071927374301676,0,0.0314245810055866,0,0,0,0,0,0.000698324022346369,0,0
"000157.java",0.000318877551020408,0,0,0,0,0.869897959183674,0,0,0,0,0,0,0,0,0,0,0.000318877551020408,0,0,0,0,0.0121173469387755,0,0,0,0,0,0,0,0.113839285714286,0.000318877551020408,0.000318877551020408,0,0,0,0,0,0.000318877551020408,0,0.00127551020408163,0,0.000318877551020408,0,0,0,0,0.000637755102040816,0,0,0.000318877551020408
"000160.java",0,0.410958904109589,0.00684931506849315,0,0,0.00342465753424658,0,0,0,0.0102739726027397,0,0,0,0,0,0,0,0,0,0.00342465753424658,0,0,0.00342465753424658,0,0,0,0,0,0,0.455479452054795,0,0,0,0.00684931506849315,0,0.0958904109589041,0,0,0,0,0,0,0,0,0.00342465753424658,0,0,0,0,0
"000172.java",0,0.00233918128654971,0,0,0,0.00233918128654971,0,0,0,0,0,0,0,0,0,0.595321637426901,0,0,0,0,0,0,0,0,0.00935672514619883,0,0.00467836257309942,0,0,0.270175438596491,0,0,0,0,0,0.0222222222222222,0,0,0,0,0,0.0935672514619883,0,0,0,0,0,0,0,0
"000175.java",0.00118694362017804,0,0,0,0,0,0,0,0,0,0,0,0,0,0,0,0,0,0,0,0,0,0,0,0.44213649851632,0,0,0,0,0.173887240356083,0.000593471810089021,0,0.000593471810089021,0.381008902077151,0,0,0,0,0,0,0,0,0,0,0,0,0.000593471810089021,0,0,0
"000176.java",0,0,0,0,0,0,0,0,0,0,0,0,0,0,0.793459552495697,0,0,0,0,0,0,0,0,0,0,0.00258175559380379,0,0,0,0.203098106712565,0,0,0,0,0,0,0,0,0,0,0,0,0,0,0,0,0,0,0.000860585197934596,0
"000177.java",0,0,0,0,0,0,0,0,0,0,0,0.0265654648956357,0,0,0,0,0.0398481973434535,0.00189753320683112,0,0,0,0,0,0,0,0,0,0,0.00379506641366224,0.597722960151803,0.00379506641366224,0,0,0,0,0,0,0,0,0,0,0.108159392789374,0,0.00189753320683112,0,0,0.00189753320683112,0.00189753320683112,0,0.212523719165085
"000178.java",0,0,0,0,0,0,0,0.0749185667752443,0,0.011400651465798,0.00162866449511401,0,0,0,0,0,0.00977198697068404,0,0,0,0,0,0,0,0.00162866449511401,0,0,0,0,0.348534201954397,0,0,0,0,0,0,0,0,0.423452768729642,0,0,0.109120521172638,0.0195439739413681,0,0,0,0,0,0,0
"000180.java",0.00455927051671732,0,0,0,0,0.0060790273556231,0,0.101823708206687,0,0,0,0,0,0,0,0,0.00151975683890578,0,0,0,0.00759878419452888,0,0,0,0.493920972644377,0.0227963525835866,0,0,0,0.331306990881459,0,0,0.00151975683890578,0,0,0,0,0,0.0106382978723404,0,0,0,0.0106382978723404,0,0,0.00303951367781155,0,0,0.00455927051671732,0
"000185.java",0,0,0,0.0120274914089347,0,0,0,0,0,0,0,0,0,0,0,0,0,0.00687285223367698,0,0,0,0,0,0.00171821305841924,0,0,0.00171821305841924,0,0,0.43298969072165,0,0.00343642611683849,0.00515463917525773,0,0,0,0,0.00515463917525773,0,0,0,0.134020618556701,0,0.391752577319588,0,0,0,0,0,0.00515463917525773
"000186.java",0.000916590284142988,0,0,0,0,0,0,0.114573785517874,0,0.0119156736938588,0,0,0,0,0.00458295142071494,0.000916590284142988,0.0100824931255729,0,0.467461044912924,0,0,0,0,0,0.0394133822181485,0,0.000916590284142988,0,0,0.252062328139322,0,0.00183318056828598,0,0,0,0,0,0,0,0,0.00183318056828598,0.0238313473877177,0,0,0,0,0,0.0659945004582951,0.00366636113657195,0
"000187.java",0,0,0,0,0,0,0,0,0,0,0.000107793467715856,0,0,0,0,0,0,0,0,0,0,0,0,0,0.00140131508030613,0,0,0,0,0.0578850921634149,0,0.000323380403147569,0,0,0,0,0,0,0,0,0,0.00905465128813194,0,0,0,0,0,0.931227767597284,0,0
"000188.java",0,0.000177777777777778,0.000177777777777778,0,0,0,0,0,0,0,0,0,0,0,0.000177777777777778,0.000177777777777778,0,0.920711111111111,0,0,0,0,0,0,0,0,0,0,0,0.0650666666666667,0,0,0,0,0,0,0,0,0,0.000888888888888889,0,0.0108444444444444,0,0,0,0.00177777777777778,0,0,0,0
"000189.java",0,0,0.00257731958762887,0,0,0.0399484536082474,0.00644329896907216,0,0,0.00257731958762887,0,0,0,0,0.00128865979381443,0,0,0,0,0,0,0,0,0,0,0,0,0.00257731958762887,0,0.371134020618557,0,0,0,0.00128865979381443,0,0.572164948453608,0,0,0,0,0,0,0,0,0,0,0,0,0,0
"000190.java",0,0,0,0.0165562913907285,0,0,0,0,0,0,0,0,0,0.0033112582781457,0,0,0,0.043046357615894,0,0,0,0.135761589403974,0,0,0,0,0,0,0,0.605960264900662,0,0,0.00993377483443709,0,0.115894039735099,0,0,0,0,0,0,0,0,0,0,0,0.0695364238410596,0,0,0
"000191.java",0.00366300366300366,0,0,0,0,0.0732600732600733,0,0,0,0,0,0,0,0.00732600732600733,0,0,0,0.00366300366300366,0.00366300366300366,0,0,0.0879120879120879,0.00366300366300366,0,0,0,0,0,0,0.604395604395604,0.205128205128205,0,0,0,0,0.00366300366300366,0,0,0,0,0,0.00366300366300366,0,0,0,0,0,0,0,0
"000194.java",0,0,0,0,0,0,0,0,0,0,0,0,0,0,0,0,0,0,0,0,0,0,0,0,0,0,0,0,0,0.1168430335097,0.873897707231041,0,0,0,0,0.00617283950617284,0,0,0,0,0,0.00220458553791887,0,0.000440917107583774,0,0,0,0,0.000440917107583774,0
"000196.java",0,0,0,0,0,0,0,0,0,0,0,0,0,0,0,0,0,0,0.00102810143934202,0,0,0.926319396847156,0,0,0,0,0,0,0,0.0452364633310487,0,0,0,0,0,0,0,0,0,0.00119945167923235,0,0.02553118574366,0,0,0,0.000514050719671008,0,0,0.000171350239890336,0
"000197.java",0,0,0.00191570881226054,0,0,0,0,0,0,0,0,0,0,0,0,0,0,0,0.00383141762452107,0,0,0,0,0,0,0,0,0,0,0.268199233716475,0,0,0,0,0,0,0,0,0,0,0,0,0.726053639846743,0,0,0,0,0,0,0
"000199.java",0,0,0,0.0215633423180593,0,0,0.0161725067385445,0,0,0,0,0.00808625336927224,0,0,0,0,0,0,0,0,0,0,0,0,0,0,0,0,0,0.482479784366577,0.39622641509434,0,0.00269541778975741,0,0,0.00539083557951483,0.00269541778975741,0,0,0,0,0.0296495956873315,0,0,0,0,0,0,0.0350404312668464,0
"000200.java",0,0,0,0,0,0,0,0,0,0,0,0.0238095238095238,0,0,0,0.00183150183150183,0.00183150183150183,0.00183150183150183,0.0164835164835165,0,0,0,0,0.00366300366300366,0.0714285714285714,0,0,0,0,0.54029304029304,0,0,0.00183150183150183,0,0,0.00183150183150183,0,0.00183150183150183,0.0146520146520147,0,0,0,0.00549450549450549,0.304029304029304,0,0.00915750915750916,0,0,0,0
"000201.java",0,0,0,0.000732064421669107,0,0,0,0,0,0,0,0,0,0,0,0,0.0161054172767204,0,0.000732064421669107,0,0,0,0,0,0,0,0,0,0,0.265007320644217,0,0.667642752562225,0,0,0,0.00439238653001464,0,0,0,0.00658857979502196,0,0.0387994143484627,0,0,0,0,0,0,0,0
"000202.java",0,0,0,0.0128205128205128,0,0,0,0.320512820512821,0,0.0512820512820513,0,0,0,0.00854700854700855,0,0,0,0,0,0,0,0,0,0,0,0,0,0,0,0.572649572649573,0,0,0,0,0,0,0,0.0128205128205128,0.00427350427350427,0,0,0,0,0,0,0.00427350427350427,0.0128205128205128,0,0,0
"000225.java",0,0,0,0,0.451235370611183,0,0.00260078023407022,0,0,0,0,0,0,0,0,0,0.00130039011703511,0,0,0.00130039011703511,0,0,0.00130039011703511,0,0.0962288686605982,0,0.00390117035110533,0,0.00260078023407022,0.364109232769831,0,0.00130039011703511,0.00130039011703511,0,0,0.0689206762028609,0,0,0,0,0,0,0,0,0,0,0.00130039011703511,0.00260078023407022,0,0
"000226.java",0,0.0504587155963303,0,0,0.105504587155963,0.0137614678899083,0.100917431192661,0,0,0,0,0.018348623853211,0,0,0,0,0,0,0,0,0.119266055045872,0,0.0137614678899083,0,0,0,0,0,0,0.513761467889908,0.00458715596330275,0.00458715596330275,0,0,0.0412844036697248,0,0,0,0.00917431192660551,0,0,0,0,0.00458715596330275,0,0,0,0,0,0
"000228.java",0,0,0,0,0,0,0,0,0,0,0,0,0,0,0.261363636363636,0,0,0,0,0,0.0170454545454545,0,0.511363636363636,0,0.00568181818181818,0.0227272727272727,0,0,0,0.159090909090909,0,0,0,0,0,0,0,0,0,0,0,0,0,0,0.0113636363636364,0,0,0.0113636363636364,0,0
"000231.java",0,0,0.00103842159916926,0,0.00103842159916926,0,0,0,0,0,0.00207684319833853,0,0,0,0.00103842159916926,0.00207684319833853,0,0,0,0.00415368639667705,0,0,0.785046728971963,0,0.00103842159916926,0,0,0,0,0.200415368639668,0,0,0,0,0,0,0,0.00207684319833853,0,0,0,0,0,0,0,0,0,0,0,0
"000237.java",0,0,0,0,0,0,0,0,0,0,0,0,0,0,0,0,0.000205634382068682,0,0.000205634382068682,0,0,0,0,0,0.0676537117005963,0.000205634382068682,0,0,0,0.108369319350195,0,0.000411268764137364,0.618342586880526,0,0.000205634382068682,0,0,0,0.00205634382068682,0,0,0.20131606004524,0,0,0.000205634382068682,0,0,0.000822537528274727,0,0
"000276.java",0,0,0,0,0,0,0.00173913043478261,0,0,0,0.00869565217391304,0,0,0,0,0,0,0,0,0,0,0,0,0,0.0904347826086957,0.819130434782609,0,0,0,0.0173913043478261,0,0,0,0,0,0,0,0,0.00173913043478261,0,0,0.0608695652173913,0,0,0,0,0,0,0,0
"000277.java",0,0,0,0,0,0,0,0,0,0,0,0,0,0,0,0,0,0,0,0,0,0,0,0,0,0.891472868217054,0,0,0,0.0930232558139535,0,0,0,0,0,0,0,0.00775193798449612,0,0,0,0,0,0,0.00775193798449612,0,0,0,0,0
"000278.java",0,0,0,0,0,0,0,0,0,0.00813008130081301,0,0,0,0,0,0,0,0,0,0,0,0,0,0,0,0.845528455284553,0,0,0,0.146341463414634,0,0,0,0,0,0,0,0,0,0,0,0,0,0,0,0,0,0,0,0
"000279.java",0,0,0.00245098039215686,0,0,0,0,0,0,0,0,0,0,0.00245098039215686,0,0,0,0,0,0,0,0.0269607843137255,0,0,0,0.637254901960784,0,0,0,0.0392156862745098,0.00980392156862745,0.00245098039215686,0,0,0,0.279411764705882,0,0,0,0,0,0,0,0,0,0,0,0,0,0
"000280.java",0,0,0,0,0,0,0.0091324200913242,0,0.0228310502283105,0,0,0,0,0,0,0,0,0,0,0,0,0.0045662100456621,0,0,0,0.922374429223744,0,0,0,0.0365296803652968,0,0,0,0,0,0,0,0,0,0,0,0,0,0,0.0045662100456621,0,0,0,0,0
"000281.java",0,0,0,0,0,0,0,0.0359712230215827,0,0,0,0,0,0,0,0,0,0,0,0,0,0,0.00719424460431655,0,0,0.525179856115108,0,0,0.00719424460431655,0.41726618705036,0,0.00719424460431655,0,0,0,0,0,0,0,0,0,0,0,0,0,0,0,0,0,0
"000282.java",0,0,0.0050966234869399,0,0,0,0,0,0,0,0.755999150562752,0,0,0,0,0,0,0,0,0,0,0,0,0.000424718623911659,0,0,0,0,0,0.0647695901465279,0.0142280739010406,0,0,0,0,0.157782968783181,0,0.000212359311955829,0.000212359311955829,0,0,0,0.00106179655977915,0,0,0,0,0,0.000212359311955829,0
"000283.java",0,0,0,0,0,0,0.00228310502283105,0,0,0,0.851598173515982,0.00114155251141553,0,0,0,0,0,0,0,0,0,0,0,0,0,0,0,0,0,0.144977168949772,0,0,0,0,0,0,0,0,0,0,0,0,0,0,0,0,0,0,0,0
"000292.java",0.00164527805199079,0,0,0,0,0,0,0,0,0,0,0.000658111220796315,0,0.000987166831194472,0.00954261270154656,0.00131622244159263,0,0,0,0.783810463968411,0,0,0,0,0,0,0,0.00197433366238894,0,0.188548864758144,0.00131622244159263,0,0.00296150049358342,0,0,0,0,0,0,0.00197433366238894,0,0.0046067785455742,0,0,0,0,0,0,0,0.000658111220796315
"000317.java",0,0,0.270047169811321,0,0,0,0,0,0,0,0,0,0,0,0,0,0.0424528301886792,0,0,0,0,0.00235849056603774,0,0,0,0,0,0,0,0.215801886792453,0,0,0.00117924528301887,0,0,0.422169811320755,0,0,0,0.0106132075471698,0,0.0117924528301887,0,0,0,0,0,0,0.0235849056603774,0
"000318.java",0,0,0.694042799305957,0,0,0,0,0.000578368999421631,0,0,0.108155002891845,0,0,0,0,0,0,0,0,0,0,0,0,0,0,0,0.000578368999421631,0,0,0.124927703875072,0,0,0,0,0,0.0665124349334876,0,0,0.00347021399652979,0,0,0,0,0,0,0,0.00115673799884326,0.000578368999421631,0,0
"000320.java",0,0,0,0.0118243243243243,0,0,0,0,0,0,0,0,0,0.00168918918918919,0.00337837837837838,0,0.0574324324324324,0.00675675675675676,0,0,0,0,0,0,0,0,0.00506756756756757,0,0,0.310810810810811,0,0,0.00168918918918919,0.601351351351351,0,0,0,0,0,0,0,0,0,0,0,0,0,0,0,0
"000321.java",0.00294985250737463,0,0,0,0,0.00294985250737463,0,0.00294985250737463,0,0,0,0.209439528023599,0,0,0,0,0,0,0,0,0,0,0,0,0,0,0.00294985250737463,0,0,0.548672566371681,0,0.00294985250737463,0,0,0.174041297935103,0,0,0,0.00294985250737463,0,0,0,0,0,0,0,0,0.0501474926253687,0,0
"000322.java",0.0153256704980843,0,0.0153256704980843,0.0842911877394636,0,0,0,0.0268199233716475,0,0,0,0,0,0,0,0,0,0,0,0,0,0,0,0,0,0,0,0,0,0.482758620689655,0,0,0,0,0,0,0,0,0,0,0,0.256704980842912,0,0,0,0,0.00383141762452107,0,0.114942528735632,0
"000330.java",0,0,0,0,0,0,0,0.657909446618222,0,0.0508664058133035,0,0.0273896031302404,0,0,0,0,0,0.00335382895472331,0,0,0.000558971492453885,0.00838457238680827,0,0,0,0,0.000558971492453885,0,0.000558971492453885,0.232532140860816,0.00111794298490777,0,0,0,0,0.00782560089435439,0,0,0.00279485746226942,0.00167691447736165,0,0.00447177193963108,0,0,0,0,0,0,0,0
"000343.java",0,0,0,0,0,0,0,0,0,0.110599078341014,0.00460829493087558,0.170506912442396,0,0,0,0,0,0,0.00460829493087558,0,0.00460829493087558,0,0,0,0,0,0,0,0,0.414746543778802,0,0,0,0.00460829493087558,0,0,0,0,0,0,0,0.0645161290322581,0.161290322580645,0,0,0,0.0599078341013825,0,0,0
"000352.java",0,0,0,0,0,0,0.677631578947368,0,0,0,0.00657894736842105,0,0,0,0,0,0,0,0,0,0,0,0,0,0,0,0,0,0.171052631578947,0.125,0,0,0,0,0,0,0.00657894736842105,0,0,0,0,0,0,0,0.00657894736842105,0,0.00657894736842105,0,0,0
"000433.java",0,0,0,0,0,0,0.00719424460431655,0,0,0,0,0,0,0,0.0359712230215827,0,0,0,0,0,0,0.00719424460431655,0.489208633093525,0,0.0215827338129496,0.0143884892086331,0,0,0,0.410071942446043,0,0,0,0,0,0,0,0,0,0,0.00719424460431655,0.00719424460431655,0,0,0,0,0,0,0,0
"000441.java",0,0,0,0,0,0,0.333333333333333,0,0,0,0,0,0,0,0,0,0,0,0,0,0,0,0,0,0,0,0,0,0,0,0,0,0,0,0,0,0,0,0,0.0277777777777778,0,0,0,0,0,0,0,0,0,0.638888888888889
"000442.java",0,0,0,0,0,0.00218818380743982,0.0437636761487965,0,0,0.00437636761487965,0,0,0,0,0.164113785557987,0,0.00437636761487965,0,0,0,0,0,0.0109409190371991,0,0,0,0,0,0,0.310722100656455,0.00218818380743982,0,0,0.00218818380743982,0,0.0568927789934354,0,0.0393873085339169,0,0,0.00218818380743982,0,0,0,0,0,0,0,0,0.356673960612691
