"V1","V2","V3","V4","V5","V6","V7","V8","V9","V10","V11","V12","V13","V14","V15","V16","V17","V18","V19","V20","V21","V22","V23","V24","V25","V26","V27","V28","V29","V30","V31","V32","V33","V34","V35","V36","V37","V38","V39","V40","V41","V42","V43","V44","V45","V46","V47","V48","V49","V50"
"000001.java",0.074398249452954,0,0.177242888402626,0,0,0,0,0,0,0.0218818380743982,0,0.606126914660831,0,0,0,0,0,0,0.00218818380743982,0,0,0,0,0,0.0240700218818381,0,0,0,0.00218818380743982,0,0,0,0,0.0700218818380744,0,0,0,0,0,0,0,0,0,0,0,0.0175054704595186,0,0.00437636761487965,0,0
"000002.java",0.153186274509804,0,0,0.00367647058823529,0,0,0.00122549019607843,0,0,0,0,0.754901960784314,0,0,0,0,0.00122549019607843,0,0.00122549019607843,0,0,0,0.00122549019607843,0,0.0208333333333333,0,0,0.00735294117647059,0,0,0,0,0,0,0,0,0,0,0,0,0,0,0.0159313725490196,0,0,0,0.0257352941176471,0.00735294117647059,0.00612745098039216,0
"000003.java",0.0785754663651781,0.00169587337478802,0,0,0,0,0.00395703787450537,0,0.000565291124929339,0,0,0.862068965517241,0,0,0,0,0,0,0,0,0,0,0,0.000565291124929339,0,0,0.000565291124929339,0,0,0.00339174674957603,0,0.0113058224985868,0.000565291124929339,0.0169587337478802,0.00282645562464669,0,0.0163934426229508,0,0,0,0,0,0,0,0,0,0,0,0,0.000565291124929339
"000004.java",0.566225165562914,0,0.0496688741721854,0,0,0,0,0,0,0,0.00662251655629139,0,0,0,0,0,0,0,0.0033112582781457,0,0,0,0,0,0.0033112582781457,0.0033112582781457,0,0,0,0,0,0,0.0198675496688742,0,0,0,0,0,0.00993377483443709,0,0.28476821192053,0,0,0,0.0529801324503311,0,0,0,0,0
"000005.java",0.440528634361233,0,0.00881057268722467,0,0,0,0.00881057268722467,0,0,0,0,0,0,0,0.00440528634361234,0,0,0,0.0220264317180617,0,0.343612334801762,0,0,0,0,0,0,0,0,0,0,0,0,0,0,0.00440528634361234,0,0,0,0,0,0.0704845814977974,0,0,0,0.0969162995594714,0,0,0,0
"000006.java",0.34412955465587,0,0.445344129554656,0,0,0.00404858299595142,0,0,0,0,0,0.0364372469635627,0,0,0,0,0,0,0,0,0.00404858299595142,0,0,0.00404858299595142,0,0,0.00404858299595142,0,0,0,0.00404858299595142,0,0,0,0,0,0,0.0161943319838057,0,0,0,0,0,0,0,0.00404858299595142,0,0.125506072874494,0,0.00809716599190283
"000019.java",0.722772277227723,0,0.198019801980198,0,0.00495049504950495,0,0,0,0,0.0148514851485149,0,0,0,0,0,0,0,0,0,0,0,0,0,0,0,0,0,0,0.00495049504950495,0,0,0.00495049504950495,0.00495049504950495,0,0.0297029702970297,0,0.0148514851485149,0,0,0,0,0,0,0,0,0,0,0,0,0
"000020.java",0.486666666666667,0,0.36,0,0,0,0,0.0233333333333333,0,0,0.0233333333333333,0,0,0,0.00333333333333333,0.0233333333333333,0,0,0,0,0,0.02,0.00333333333333333,0,0,0,0,0,0,0,0.0133333333333333,0,0,0,0.00333333333333333,0,0,0,0,0.02,0,0,0.0133333333333333,0,0,0,0,0,0.00666666666666667,0
"000021.java",0.717073170731707,0,0.209756097560976,0,0,0,0,0,0,0,0.0195121951219512,0,0,0,0,0,0,0,0,0,0,0,0,0,0,0.0439024390243902,0,0,0,0,0,0,0,0,0,0,0,0.00975609756097561,0,0,0,0,0,0,0,0,0,0,0,0
"000024.java",0.179903730445247,0,0,0,0,0,0,0,0.0222623345367028,0,0.000601684717208183,0,0,0,0,0,0,0,0,0.000601684717208183,0,0.00180505415162455,0,0,0.00120336943441637,0,0,0,0,0,0,0,0,0,0,0.75511432009627,0,0.0324909747292419,0,0,0,0,0,0,0.00240673886883273,0,0,0,0,0.0036101083032491
"000026.java",0.546162402669633,0,0,0,0,0.00222469410456062,0,0,0,0,0.00778642936596218,0,0,0,0,0,0.00111234705228031,0,0,0,0,0.00556173526140156,0,0,0.00222469410456062,0,0,0,0,0,0,0,0,0,0,0,0.00333704115684093,0,0.00222469410456062,0.014460511679644,0.354838709677419,0,0,0,0,0,0.00333704115684093,0,0.0567296996662959,0
"000027.java",0.078125,0,0,0,0,0,0,0,0.000509510869565217,0,0,0,0,0,0.000169836956521739,0,0,0,0.00220788043478261,0,0,0,0,0,0,0,0,0,0,0,0.917798913043478,0,0.000849184782608696,0.000339673913043478,0,0,0,0,0,0,0,0,0,0,0,0,0,0,0,0
"000031.java",0.0462098433296408,0,0,0.000158252888115208,0,0,0,0,0,0,0,0,0,0,0,0.000474758664345624,0,0,0,0,0,0,0,0,0,0,0,0,0,0,0,0,0,0,0,0,0,0.00110777021680646,0,0,0,0,0,0,0.951574616236746,0.000158252888115208,0,0.000316505776230416,0,0
"000036.java",0.310176721511274,0,0,0,0,0,0,0,0,0,0,0,0,0,0,0,0,0,0.00792199878123096,0,0,0,0,0,0,0.675198049969531,0,0,0,0.00182815356489945,0,0,0,0,0.0012187690432663,0,0,0,0.000609384521633151,0,0.0024375380865326,0,0,0,0,0.000609384521633151,0,0,0,0
"000037.java",0.392481203007519,0.00300751879699248,0,0,0,0,0.00150375939849624,0,0,0,0.00300751879699248,0.00150375939849624,0,0,0,0.00300751879699248,0,0,0,0,0,0,0,0,0,0.550375939849624,0,0,0,0,0,0,0.00300751879699248,0,0,0,0,0,0.0421052631578947,0,0,0,0,0,0,0,0,0,0,0
"000041.java",0.289577464788732,0.00450704225352113,0.00112676056338028,0,0,0,0,0,0,0.0180281690140845,0,0,0,0,0,0,0,0,0.0230985915492958,0,0,0,0,0,0.0202816901408451,0.615774647887324,0,0,0,0,0.000563380281690141,0,0,0,0,0,0,0.0028169014084507,0.00112676056338028,0.0225352112676056,0,0,0,0,0.000563380281690141,0,0,0,0,0
"000044.java",0.502183406113537,0,0,0,0,0,0.00218340611353712,0,0,0,0,0,0,0.00436681222707424,0,0,0,0,0,0,0,0,0,0.0283842794759825,0,0,0.00218340611353712,0,0,0.00218340611353712,0,0,0.00218340611353712,0,0.00218340611353712,0,0,0,0.124454148471616,0,0.314410480349345,0,0,0,0,0.0131004366812227,0,0.00218340611353712,0,0
"000045.java",0.0468825519574674,0,0,0,0,0,0,0,0,0,0.00128886740776543,0,0,0,0,0,0,0,0.00128886740776543,0,0,0,0,0,0,0,0,0,0,0,0.000805542129853391,0,0,0,0.947317544707588,0,0,0.00161108425970678,0,0,0,0,0.000322216851941357,0.000161108425970678,0,0,0,0,0,0.000322216851941357
"000046.java",0.0700203942895989,0,0.000226603217765692,0,0,0,0.000453206435531385,0,0,0,0.000226603217765692,0,0.0985723997280761,0,0,0,0,0,0,0,0,0,0,0,0,0.000226603217765692,0,0,0,0,0,0,0,0,0.824155903013823,0,0,0,0,0,0,0,0,0,0,0,0.00611828687967369,0,0,0
"000060.java",0,0,0,0,0,0,0,0,0,0,0,0,0,0.00527704485488127,0,0,0,0,0,0,0,0.975373790677221,0,0,0,0,0,0,0,0,0,0,0,0,0,0.00175901495162709,0,0,0,0,0,0,0.000879507475813544,0,0,0.0167106420404573,0,0,0,0
"000063.java",0.334728033472803,0,0,0,0,0,0,0,0,0,0,0,0,0.00313807531380753,0,0,0,0,0,0,0.000523012552301255,0,0,0,0,0,0,0,0,0,0,0,0,0,0.00261506276150628,0.00156903765690377,0,0,0.000523012552301255,0,0,0,0,0,0.00261506276150628,0,0,0,0.00104602510460251,0.653242677824268
"000067.java",0.0760211061168654,0.914989251514559,0,0,0,0,0.000195427008012507,0,0,0,0,0,0,0,0,0,0,0,0,0,0,0,0,0,0,0,0,0,0,0,0,0.000195427008012507,0,0.00683994528043776,0.000390854016025015,0,0.000977135040062537,0,0,0,0.000195427008012507,0,0,0,0.000195427008012507,0,0,0,0,0
"000070.java",0.529220779220779,0,0.0211038961038961,0,0,0,0,0,0,0,0.0714285714285714,0,0,0,0,0,0,0,0,0,0,0,0,0.319805194805195,0,0,0,0,0,0,0,0,0,0.051948051948052,0,0.00649350649350649,0,0,0,0,0,0,0,0,0,0,0,0,0,0
"000077.java",0.474619289340102,0.0177664974619289,0.0304568527918782,0,0,0,0,0.00253807106598985,0,0,0,0,0,0,0,0,0.0101522842639594,0.00253807106598985,0,0,0,0,0,0,0.0177664974619289,0,0,0,0.0101522842639594,0,0,0,0,0,0,0,0,0,0,0,0.0050761421319797,0,0,0.426395939086294,0,0,0.00253807106598985,0,0,0
"000082.java",0.282352941176471,0,0.0176470588235294,0,0,0,0,0,0,0,0,0,0,0,0,0,0,0,0,0,0,0.176470588235294,0,0,0.0176470588235294,0,0,0,0.247058823529412,0,0,0,0.00588235294117647,0,0,0,0,0.0294117647058824,0,0.0117647058823529,0,0,0,0,0,0.211764705882353,0,0,0,0
"000084.java",0.407239819004525,0,0.416289592760181,0,0,0,0,0.00452488687782805,0,0,0,0,0,0,0,0,0,0,0.0497737556561086,0.00452488687782805,0,0,0,0,0,0,0,0,0,0,0.0135746606334842,0,0.00904977375565611,0,0,0,0,0.0180995475113122,0,0,0,0,0,0,0.0769230769230769,0,0,0,0,0
"000085.java",0.651226158038147,0,0.0463215258855586,0.00272479564032698,0,0,0,0,0,0,0.00544959128065395,0,0,0,0,0,0,0,0,0,0.277929155313351,0,0,0,0,0,0,0,0,0.00272479564032698,0,0,0.0136239782016349,0,0,0,0,0,0,0,0,0,0,0,0,0,0,0,0,0
"000096.java",0.171896792189679,0,0,0,0,0,0,0.000348675034867503,0,0,0,0,0,0.000697350069735007,0,0,0,0,0,0,0,0,0,0,0,0,0,0,0,0,0,0,0,0.824965132496513,0,0,0,0,0,0,0,0,0,0,0.00209205020920502,0,0,0,0,0
"000102.java",0.351013787510138,0.00016220600162206,0.00129764801297648,0,0,0,0,0.00016220600162206,0,0.00145985401459854,0,0,0,0,0,0,0,0,0.0032441200324412,0,0,0,0,0.0110300081103001,0,0,0,0,0.00032441200324412,0,0,0,0,0,0,0,0.00048661800486618,0.00778588807785888,0,0.620600162206002,0.00016220600162206,0,0,0,0,0,0.00113544201135442,0,0.00113544201135442,0
"000108.java",0.714285714285714,0,0.0194805194805195,0.0194805194805195,0,0,0,0,0,0.00649350649350649,0.025974025974026,0,0,0,0,0,0,0,0.0194805194805195,0,0.038961038961039,0,0.038961038961039,0,0,0,0,0,0.012987012987013,0,0,0,0,0,0,0,0.012987012987013,0,0,0,0.0909090909090909,0,0,0,0,0,0,0,0,0
"000112.java",0,0,0,0,0,0,0.488888888888889,0,0,0,0,0,0.0222222222222222,0,0.2,0.0222222222222222,0,0,0,0,0,0,0,0,0.0222222222222222,0,0,0,0,0,0,0,0,0,0,0,0,0,0,0,0,0.244444444444444,0,0,0,0,0,0,0,0
"000114.java",0.289870689655172,0,0,0,0.00107758620689655,0,0,0,0,0.00107758620689655,0,0,0.00107758620689655,0,0,0,0.0021551724137931,0,0,0,0,0.00107758620689655,0.00107758620689655,0,0,0,0,0,0,0.68426724137931,0,0,0,0,0.00107758620689655,0.00323275862068966,0,0,0.0107758620689655,0,0,0,0,0.0021551724137931,0,0,0,0,0.00107758620689655,0
"000118.java",0.608591885441527,0,0,0,0.00238663484486874,0,0,0,0,0,0.00477326968973747,0,0,0.00238663484486874,0,0,0,0,0,0.00238663484486874,0,0,0,0,0,0,0,0.00238663484486874,0,0,0,0,0,0,0,0,0,0.0119331742243437,0,0,0.365155131264916,0,0,0,0,0,0,0,0,0
"000119.java",0.316091954022989,0,0.0124521072796935,0,0,0,0,0.000957854406130268,0,0,0.00766283524904215,0,0,0.0632183908045977,0,0,0,0,0,0,0,0,0,0,0,0,0.00670498084291188,0,0,0,0,0,0,0,0,0.0191570881226054,0,0,0.0268199233716475,0,0,0.00191570881226054,0,0,0,0,0,0.545019157088123,0,0
"000121.java",0.20855614973262,0,0,0,0,0,0.0320855614973262,0,0,0,0,0,0.0053475935828877,0,0,0,0,0,0,0,0,0.0053475935828877,0.0267379679144385,0,0.0053475935828877,0.0053475935828877,0.0106951871657754,0,0,0,0,0,0,0,0,0,0,0,0,0,0.0106951871657754,0,0,0.0106951871657754,0,0.470588235294118,0,0.0053475935828877,0.18716577540107,0.0160427807486631
"000122.java",0.322564361433619,0,0,0,0,0,0,0,0,0,0,0,0,0,0,0.00151438667339727,0,0,0,0,0,0,0,0,0.000504795557799091,0,0,0,0,0,0,0,0.113074204946996,0.458859162039374,0,0,0,0,0.0863200403836446,0,0,0,0,0,0.00100959111559818,0.0161534578495709,0,0,0,0
"000123.java",0.38328530259366,0.0201729106628242,0.069164265129683,0,0,0.187319884726225,0.0115273775216138,0.00288184438040346,0,0,0,0,0,0,0,0,0,0,0,0,0,0,0,0,0,0,0,0,0,0,0,0,0,0,0.00288184438040346,0,0,0.00288184438040346,0,0.0345821325648415,0,0,0,0,0,0.285302593659942,0,0,0,0
"000124.java",0.432140445644835,0,0,0,0,0,0,0,0.0162052667116813,0,0,0,0,0,0,0.000675219446320054,0,0,0,0,0,0,0.000675219446320054,0,0.00202565833896016,0,0,0,0,0,0,0.00540175557056043,0.542201215395003,0,0,0,0,0,0,0,0,0,0,0,0,0,0,0.000675219446320054,0,0
"000125.java",0.641860465116279,0,0,0.00465116279069767,0,0,0,0,0,0,0,0,0.00465116279069767,0,0,0,0,0,0,0,0,0,0,0,0.00465116279069767,0.00465116279069767,0,0,0,0.134883720930233,0,0,0,0,0.00465116279069767,0,0,0,0.158139534883721,0,0,0,0,0,0,0.0418604651162791,0,0,0,0
"000126.java",0,0,0,0,0,0,0.972677595628415,0,0,0,0,0,0,0,0.00273224043715847,0,0,0,0,0,0,0,0,0,0,0,0,0,0,0,0,0.0218579234972678,0,0,0,0,0,0,0,0,0.00273224043715847,0,0,0,0,0,0,0,0,0
"000127.java",0.32405309161541,0,0,0,0,0,0,0,0,0,0,0,0.000647458724506313,0,0,0,0,0.000323729362253156,0.000323729362253156,0,0,0,0,0,0,0,0.0051796697960505,0,0,0,0,0.0106830689543542,0.619294269990288,0,0.00129491744901263,0,0,0,0.0375526060213661,0,0,0,0,0,0.000323729362253156,0,0,0.000323729362253156,0,0
"000128.java",0.348387096774194,0,0,0,0,0,0.632258064516129,0,0,0.0032258064516129,0,0,0,0,0,0,0,0,0,0,0,0,0,0,0,0,0,0,0,0,0,0,0,0,0,0.0032258064516129,0,0.0032258064516129,0,0.00967741935483871,0,0,0,0,0,0,0,0,0,0
"000130.java",0,0,0.00452488687782805,0,0,0,0.968325791855204,0,0,0,0,0,0,0,0,0,0,0,0,0,0,0,0,0,0,0,0,0,0,0,0,0.00452488687782805,0,0.00452488687782805,0,0,0,0,0,0.0180995475113122,0,0,0,0,0,0,0,0,0,0
"000131.java",0.025,0,0,0,0,0,0.95,0,0,0,0,0,0,0,0,0,0,0,0,0,0,0,0,0,0,0,0,0,0,0,0,0,0,0,0,0,0,0,0,0,0,0,0,0,0,0.025,0,0,0,0
"000132.java",0.102040816326531,0.0612244897959184,0.0612244897959184,0.0408163265306122,0,0,0.306122448979592,0,0,0,0,0,0,0,0,0.0204081632653061,0,0.285714285714286,0,0,0,0.0612244897959184,0,0,0,0,0,0,0,0,0,0,0,0,0,0,0.0612244897959184,0,0,0,0,0,0,0,0,0,0,0,0,0
"000133.java",0,0,0,0,0,0,0.996571428571429,0.00114285714285714,0,0,0,0,0,0,0,0,0,0,0,0,0,0,0,0,0,0,0,0,0,0,0,0,0,0,0,0,0,0.00114285714285714,0,0,0,0,0.00114285714285714,0,0,0,0,0,0,0
"000134.java",0.00626959247648903,0,0,0,0,0,0.989028213166144,0,0.00470219435736677,0,0,0,0,0,0,0,0,0,0,0,0,0,0,0,0,0,0,0,0,0,0,0,0,0,0,0,0,0,0,0,0,0,0,0,0,0,0,0,0,0
"000135.java",0,0.0020703933747412,0,0.405797101449275,0,0,0.581780538302277,0,0,0,0,0,0,0,0,0,0,0,0,0,0,0,0,0,0,0,0.0020703933747412,0,0,0,0,0.0020703933747412,0,0,0,0,0.0062111801242236,0,0,0,0,0,0,0,0,0,0,0,0,0
"000136.java",0,0,0,0,0,0,0.978082191780822,0.00273972602739726,0,0,0.00547945205479452,0,0,0,0,0.00273972602739726,0,0,0,0.00273972602739726,0,0.00273972602739726,0,0,0,0.00273972602739726,0,0,0,0,0,0,0,0,0,0,0,0,0,0.00273972602739726,0,0,0,0,0,0,0,0,0,0
"000149.java",0.0512120975913945,7.79483981604178e-05,7.79483981604178e-05,0,0,0,0,0,0,0,0.936238210304778,0,0,0,0,0,0,0,0,0,0,0,7.79483981604178e-05,0,0,0,0,0,0.000233845194481253,0,0,7.79483981604178e-05,0,0,0.0110686725387793,0,0,0.000311793592641671,0,0.000467690388962507,0,0,0,0,0.000155896796320836,0,0,0,0,0
"000150.java",0.242647058823529,0,0,0,0,0,0,0,0,0,0,0,0,0.00245098039215686,0,0,0,0,0,0,0.698529411764706,0,0,0,0.00245098039215686,0,0,0,0.00735294117647059,0,0,0,0,0,0,0,0,0,0.00490196078431373,0,0,0,0.0122549019607843,0,0,0,0,0,0.0294117647058824,0
"000152.java",0.0993303571428571,0,0.00334821428571429,0,0,0,0,0,0,0,0,0,0,0,0,0,0,0,0,0,0,0,0,0,0,0,0,0.00111607142857143,0,0,0,0,0,0,0,0,0,0,0,0,0,0,0,0,0,0,0,0,0.896205357142857,0
"000155.java",0.404678362573099,0,0,0.00350877192982456,0,0,0,0,0,0,0,0,0,0,0,0,0,0,0,0.00116959064327485,0,0,0,0,0,0,0,0,0,0,0,0,0,0.00350877192982456,0.00116959064327485,0,0,0,0,0,0.00116959064327485,0,0,0.584795321637427,0,0,0,0,0,0
"000159.java",0.259851513420902,0,0,0,0,0,0,0.00114220445459737,0.0702455739577384,0,0,0,0,0,0,0,0,0,0,0,0,0,0.000571102227298686,0,0,0.00114220445459737,0,0.00285551113649343,0,0,0,0.000571102227298686,0,0,0,0,0,0,0.000571102227298686,0,0,0,0,0,0,0,0,0.663049685893775,0,0
"000160.java",0.0183553597650514,0,0.00440528634361234,0,0,0,0,0,0,0.00146842878120411,0.000734214390602056,0,0,0,0,0,0,0,0,0,0,0,0,0,0,0,0.000734214390602056,0,0.000734214390602056,0,0,0,0,0,0,0.00220264317180617,0,0,0.000734214390602056,0,0.00293685756240822,0,0,0,0,0.96769456681351,0,0,0,0
"000161.java",0.631205673758865,0.00709219858156028,0.156028368794326,0,0,0,0,0,0,0,0,0,0,0,0,0.00709219858156028,0,0,0.00709219858156028,0,0,0,0,0,0.00354609929078014,0,0,0,0,0,0,0.00709219858156028,0.163120567375887,0,0,0,0,0,0,0,0.0177304964539007,0,0,0,0,0,0,0,0,0
"000162.java",0.544747081712062,0,0.208171206225681,0.192607003891051,0,0,0,0,0,0.00389105058365759,0,0,0,0,0,0,0,0,0,0,0,0,0,0,0.00583657587548638,0,0,0,0,0,0,0,0,0,0,0,0,0,0,0.0447470817120623,0,0,0,0,0,0,0,0,0,0
"000163.java",0.408064516129032,0,0.104838709677419,0,0,0,0,0,0,0.364516129032258,0,0,0.00161290322580645,0,0,0,0,0,0,0,0,0,0,0,0.106451612903226,0,0,0,0,0,0,0,0,0,0.0145161290322581,0,0,0,0,0,0,0,0,0,0,0,0,0,0,0
"000164.java",0.303221521089339,0,0.000332115576220525,0,0,0,0.000332115576220525,0.000332115576220525,0,0,0.0298904018598472,0.00166057788110262,0.00365327133842577,0,0,0,0,0,0,0.00066423115244105,0,0.000332115576220525,0,0.0348721355031551,0.565592826303554,0,0,0.000996346728661574,0,0,0.0368648289604782,0,0.0013284623048821,0.00365327133842577,0.000332115576220525,0,0,0.0159415476585852,0,0,0,0,0,0,0,0,0,0,0,0
"000165.java",0.322860238353196,0,0.100758396533044,0.057421451787649,0,0,0,0,0,0.00433369447453954,0,0,0,0.232936078006501,0,0.00216684723726977,0.00108342361863489,0,0,0,0,0,0,0,0.0184182015167931,0,0,0,0.0162513542795233,0,0,0,0,0,0,0,0,0.00433369447453954,0,0,0,0,0.00108342361863489,0,0,0,0,0.231852654387866,0,0.00650054171180932
"000170.java",0.206896551724138,0,0.56671664167916,0,0,0,0,0,0.0119940029985007,0,0.0209895052473763,0.00449775112443778,0,0.0779610194902549,0,0,0,0,0,0,0,0,0,0,0.00299850074962519,0,0,0,0,0,0,0.100449775112444,0,0.00149925037481259,0.00599700149925037,0,0,0,0,0,0,0,0,0,0,0,0,0,0,0
"000171.java",0.259541984732824,0,0,0,0,0,0,0,0,0,0,0,0,0,0,0,0,0,0,0.534351145038168,0,0,0,0,0.0415606446140797,0,0,0,0,0,0.00339270568278202,0,0,0,0,0.0932994062765055,0,0.0466497031382528,0,0,0,0,0,0,0,0.0212044105173876,0,0,0,0
"000172.java",0.249529948965888,0.0001790670606142,0,0,0,0,0,0,0,0,8.95335303071e-05,0,0,0,8.95335303071e-05,0,0,0,0,0,0,0.0001790670606142,0,0,0,0,0,0.29483391530128,0,0,0,0,0,0,0,0.0001790670606142,0,0.454919867490375,0,0,0,0,0,0,0,0,0,0,0,0
"000173.java",0.0660954712362301,0,0,0,0,0,0,0,0.924287462843154,0.000699422976044763,0,0,0,0,0,0,0,0,0,0,0,0,0,0,0,0,0,0,0,0.000174855744011191,0,0,0,0,0.000174855744011191,0.000349711488022382,0,0.000699422976044763,0.000349711488022382,0.00699422976044763,0,0,0,0,0,0.000174855744011191,0,0,0,0
"000174.java",0.485549132947977,0,0.239306358381503,0,0,0,0,0,0,0,0,0,0,0,0,0,0,0,0,0,0,0,0,0.241618497109827,0,0,0,0,0,0,0,0.0023121387283237,0,0,0,0,0,0,0.0208092485549133,0,0.0104046242774566,0,0,0,0,0,0,0,0,0
"000175.java",0.392811296534018,0,0,0,0,0,0,0.60012836970475,0,0,0,0.000641848523748395,0,0,0.000641848523748395,0,0,0,0,0,0,0,0.00256739409499358,0,0,0,0,0.000641848523748395,0,0,0,0,0,0,0,0,0,0,0.00128369704749679,0,0,0,0,0,0.000641848523748395,0.000641848523748395,0,0,0,0
"000176.java",0.24375,0,0.527083333333333,0,0,0,0,0,0.0583333333333333,0,0,0,0,0,0,0,0,0,0,0,0,0,0,0,0,0,0,0,0,0,0,0,0,0,0.0208333333333333,0,0,0.0791666666666667,0.06875,0,0,0,0,0,0,0,0,0,0.00208333333333333,0
"000177.java",0.216393442622951,0,0.465573770491803,0,0,0,0,0,0.0327868852459016,0,0,0,0,0,0,0,0,0,0,0,0,0,0.00327868852459016,0,0.00327868852459016,0,0,0,0,0,0,0.219672131147541,0,0,0,0,0,0,0.0524590163934426,0,0,0,0,0,0.00327868852459016,0,0,0,0.00327868852459016,0
"000178.java",0.264705882352941,0,0.361344537815126,0,0,0,0,0,0.0252100840336134,0,0.214285714285714,0,0,0,0,0,0,0,0,0.109243697478992,0,0,0.00420168067226891,0,0,0,0,0,0,0,0,0,0,0,0,0,0.00840336134453781,0,0,0,0,0,0,0,0.0126050420168067,0,0,0,0,0
"000179.java",0.42962962962963,0,0,0,0,0,0,0,0,0,0,0,0,0,0,0,0,0,0,0.377777777777778,0,0,0,0,0.00148148148148148,0,0,0,0,0,0,0,0,0,0,0,0,0.191111111111111,0,0,0,0,0,0,0,0,0,0,0,0
"000183.java",0.227176220806794,0,0,0,0,0,0,0,0,0,0,0,0,0,0,0,0,0,0,0,0,0.000353857041755131,0,0,0,0,0,0,0,0,0,0.770700636942675,0.000707714083510262,0,0,0,0,0,0,0,0,0,0.00106157112526539,0,0,0,0,0,0,0
"000185.java",0.122042553191489,0.00051063829787234,0,0,0,0,0,0,0,0,0.00102127659574468,0.000170212765957447,0,0,0,0,0,0,0.000340425531914894,0,0,0,0,0,0,0,0,0,0,0,0,0,0,0,0,0,0,0,0.875914893617021,0,0,0,0,0,0,0,0,0,0,0
"000187.java",0.377358490566038,0,0.250673854447439,0,0,0.00269541778975741,0.0134770889487871,0,0,0,0,0,0.00269541778975741,0,0,0.0296495956873315,0,0,0.0377358490566038,0,0,0,0,0,0,0.00808625336927224,0,0.00269541778975741,0,0,0.00808625336927224,0.247978436657682,0.0107816711590297,0,0,0,0.00539083557951483,0,0,0,0,0,0,0,0,0,0.00269541778975741,0,0,0
"000188.java",0.297202797202797,0.00174825174825175,0.52972027972028,0,0,0,0,0,0,0,0,0,0,0,0,0.0332167832167832,0,0,0,0.0384615384615385,0,0,0,0,0,0,0.00174825174825175,0,0,0,0,0.00174825174825175,0,0.0122377622377622,0,0,0,0,0,0,0,0,0,0,0,0.00524475524475524,0,0.0786713286713287,0,0
"000189.java",0.451314854299929,0,0.00355366027007818,0,0,0,0,0,0,0,0,0,0,0,0,0.540867093105899,0,0,0,0,0,0.000710732054015636,0,0,0,0,0.00142146410803127,0,0,0,0,0,0,0,0,0,0,0,0,0.00213219616204691,0,0,0,0,0,0,0,0,0,0
"000190.java",0.283216783216783,0,0.479020979020979,0,0,0,0,0,0,0,0,0,0,0,0,0,0,0,0,0,0,0,0,0,0.216783216783217,0,0,0,0,0,0.020979020979021,0,0,0,0,0,0,0,0,0,0,0,0,0,0,0,0,0,0,0
"000191.java",0.00171526586620926,0,0,0,0.00171526586620926,0,0,0,0.00857632933104631,0,0,0,0,0,0,0,0,0,0,0,0,0.924528301886792,0,0,0,0,0,0,0,0,0.00343053173241852,0.00171526586620926,0,0.0154373927958834,0,0.0154373927958834,0,0,0,0,0,0,0,0,0,0.00514579759862779,0.0222984562607204,0,0,0
"000193.java",0.188811188811189,0,0,0,0,0,0.000317863954227591,0,0,0,0,0,0.0130324221233312,0,0,0,0,0,0.794977749523204,0,0,0,0,0,0.00158931977113795,0,0,0,0,0,0,0.000317863954227591,0,0.000317863954227591,0,0,0,0.000635727908455181,0,0,0,0,0,0,0,0,0,0,0,0
"000194.java",0.121913580246914,0,0.0447530864197531,0,0,0,0,0,0,0.0200617283950617,0,0,0.00925925925925926,0,0,0,0,0,0.0108024691358025,0,0,0.0216049382716049,0,0.0324074074074074,0.378086419753086,0,0,0,0,0,0,0.118827160493827,0,0,0.00154320987654321,0,0,0.00154320987654321,0,0,0,0,0,0,0,0.239197530864198,0,0,0,0
"000195.java",0.550534100246508,0,0,0,0,0,0,0,0,0,0,0,0,0,0,0,0,0,0.0345110928512736,0,0,0,0.000821692686935086,0.363188167625308,0,0.00328677074774034,0,0.000821692686935086,0,0,0,0.000821692686935086,0,0,0,0,0,0,0.00657354149548069,0.0386195562859491,0,0,0,0,0,0,0,0.000821692686935086,0,0
"000196.java",0.344302756067462,0,0,0,0,0,0,0,0,0,0,0,0.00781571369806664,0,0,0,0.000822706705059646,0,0,0,0,0,0,0.48786507610037,0.00123406005758947,0,0,0,0,0,0,0,0,0,0,0,0.000822706705059646,0,0,0,0,0,0,0,0,0,0.157136980666392,0,0,0
"000197.java",0.282204515272244,0,0,0,0,0,0,0,0,0.664010624169987,0,0,0,0,0,0,0,0,0,0,0,0,0,0,0,0,0,0,0,0,0,0.00132802124833997,0,0.0471447543160691,0.00199203187250996,0,0,0,0,0,0.000664010624169987,0,0,0,0,0,0,0.00199203187250996,0.000664010624169987,0
"000198.java",0.52317880794702,0,0,0,0,0,0,0,0,0.00165562913907285,0.0033112582781457,0,0,0,0,0,0,0,0,0,0,0,0,0,0.00165562913907285,0,0,0,0,0,0,0,0,0,0,0,0,0,0.0033112582781457,0.054635761589404,0.412251655629139,0,0,0,0,0,0,0,0,0
"000199.java",0.392578125,0,0.1015625,0,0,0,0,0.001953125,0,0,0.265625,0,0,0,0,0,0,0.146484375,0,0,0,0,0,0.03125,0.00390625,0,0,0,0,0,0,0,0,0.001953125,0,0,0,0.052734375,0,0,0,0,0.001953125,0,0,0,0,0,0,0
"000200.java",0.314176245210728,0,0.340996168582375,0,0,0,0,0,0,0,0,0,0,0,0,0,0,0,0.310344827586207,0,0,0,0,0.0153256704980843,0,0,0,0,0,0,0.00383141762452107,0,0.00383141762452107,0,0,0,0,0,0.0114942528735632,0,0,0,0,0,0,0,0,0,0,0
"000201.java",0.16928391959799,0,0,0,0,0,0,0,0,0,0.00659547738693467,0,0.824120603015075,0,0,0,0,0,0,0,0,0,0,0,0,0,0,0,0,0,0,0,0,0,0,0,0,0,0,0,0,0,0,0,0,0,0,0,0,0
"000202.java",0,0,0.684210526315789,0,0,0,0,0,0.0075187969924812,0,0,0,0.0601503759398496,0,0,0,0,0,0,0,0,0,0,0,0,0,0,0,0,0,0,0,0,0,0,0,0,0,0,0,0,0,0,0,0,0,0.24812030075188,0,0,0
"000225.java",0.209395973154362,0,0.151677852348993,0,0,0,0,0,0,0,0,0.00134228187919463,0,0.0550335570469799,0.106040268456376,0.0134228187919463,0,0,0,0,0,0,0.00671140939597315,0,0,0,0,0,0,0,0,0,0,0.00536912751677852,0,0,0,0.273825503355705,0.00134228187919463,0,0,0,0.173154362416107,0,0,0,0,0,0.00268456375838926,0
"000226.java",0,0,0.61965811965812,0,0,0,0.123931623931624,0,0,0,0,0,0,0,0,0,0,0,0,0,0.00427350427350427,0.226495726495726,0,0,0,0,0.00427350427350427,0,0,0,0,0,0,0,0,0,0,0,0,0,0,0,0.00427350427350427,0,0,0,0,0,0.0170940170940171,0
"000228.java",0.0275862068965517,0,0,0.00689655172413793,0,0,0,0,0,0,0,0,0,0,0,0,0,0,0,0,0,0.2,0.131034482758621,0,0,0,0,0,0.00689655172413793,0,0,0,0,0,0,0,0,0.0137931034482759,0,0,0,0.00689655172413793,0.00689655172413793,0,0,0.558620689655172,0,0.00689655172413793,0.0275862068965517,0.00689655172413793
"000232.java",0.164605137963844,0,0,0,0,0,0,0,0,0,0,0,0,0,0.203615604186489,0,0.00285442435775452,0,0,0,0,0,0,0,0,0,0,0,0,0,0,0,0,0,0,0,0,0,0,0,0,0,0.628924833491912,0,0,0,0,0,0,0
"000234.java",0.152399481193256,0,0.000648508430609598,0,0,0,0.000648508430609598,0,0.000648508430609598,0,0.000648508430609598,0,0,0,0.733463035019455,0.000648508430609598,0,0,0,0,0,0,0.0012970168612192,0,0,0,0,0,0,0,0,0,0,0,0,0,0,0.000648508430609598,0,0.0012970168612192,0,0,0.105058365758755,0,0,0,0,0,0.00259403372243839,0
"000236.java",0.0790378006872852,0,0.00687285223367698,0.0378006872852234,0,0,0,0,0.0103092783505155,0,0,0,0,0,0.450171821305842,0.0309278350515464,0,0,0,0.00343642611683849,0,0,0,0.0103092783505155,0,0,0,0,0,0,0,0,0,0,0,0,0,0,0,0,0,0.00343642611683849,0.268041237113402,0,0,0.0996563573883162,0,0,0,0
"000237.java",0.279220779220779,0,0,0,0,0,0,0,0,0,0,0,0,0,0,0,0,0,0,0,0,0,0,0,0,0,0,0,0,0,0,0,0,0,0,0,0,0,0,0,0,0,0.718614718614719,0,0,0,0,0,0.00216450216450216,0
"000247.java",0.2524557956778,0,0,0,0,0,0,0,0,0,0,0,0,0.00196463654223969,0,0,0,0,0.000982318271119843,0.00196463654223969,0.000982318271119843,0,0,0,0,0,0.741650294695481,0,0,0,0,0,0,0,0,0,0,0,0,0,0,0,0,0,0,0,0,0,0,0
"000248.java",0.392434988179669,0.00236406619385343,0.0874704491725768,0,0,0.00236406619385343,0,0,0,0.00236406619385343,0.00472813238770686,0,0,0,0.118203309692671,0,0,0,0,0,0,0,0,0.0307328605200946,0,0,0.00236406619385343,0.0212765957446809,0.288416075650118,0,0,0,0.00472813238770686,0,0.0236406619385343,0,0.0118203309692671,0,0,0,0,0,0.00236406619385343,0,0,0,0,0,0.00472813238770686,0
"000286.java",0.12,0,0,0,0,0,0,0,0,0,0,0,0,0.0556521739130435,0,0,0,0,0.0191304347826087,0,0,0.00521739130434783,0,0,0,0.00347826086956522,0,0,0.749565217391304,0.00173913043478261,0.00695652173913044,0.00347826086956522,0,0,0,0,0,0.0278260869565217,0,0,0,0,0,0,0,0.00521739130434783,0.00173913043478261,0,0,0
"000287.java",0,0,0,0,0,0,0,0,0,0,0,0,0,0,0,0,0.00775193798449612,0,0,0,0,0,0,0,0,0,0,0,0.922480620155039,0,0,0,0,0,0.0232558139534884,0,0,0,0,0,0,0,0.0310077519379845,0,0,0,0,0,0.0155038759689922,0
"000288.java",0.0975609756097561,0,0,0,0,0,0.024390243902439,0,0,0,0,0,0,0,0,0,0,0,0,0,0,0,0,0,0,0,0,0,0.869918699186992,0,0,0,0,0,0,0.00813008130081301,0,0,0,0,0,0,0,0,0,0,0,0,0,0
"000289.java",0.281862745098039,0,0,0,0,0,0,0,0,0,0,0,0,0.00490196078431373,0.0147058823529412,0,0,0,0,0,0.00490196078431373,0,0,0,0.00490196078431373,0.00245098039215686,0,0,0.299019607843137,0,0,0,0,0,0,0,0,0,0,0,0,0,0.387254901960784,0,0,0,0,0,0,0
"000290.java",0.0091324200913242,0,0,0,0,0,0,0,0,0,0,0,0.0045662100456621,0,0,0,0,0,0,0,0,0.0410958904109589,0.0136986301369863,0,0,0,0.0136986301369863,0,0.89041095890411,0,0,0,0,0,0,0,0,0,0,0,0,0,0.0273972602739726,0,0,0,0,0,0,0
"000291.java",0.383458646616541,0,0,0,0.0075187969924812,0,0,0,0,0,0,0,0,0,0.150375939849624,0,0,0,0,0,0,0,0,0,0,0,0,0,0.308270676691729,0,0,0,0.0075187969924812,0,0,0,0,0,0,0,0,0.0075187969924812,0.0902255639097744,0,0,0,0,0,0.0451127819548872,0
"000292.java",0.371428571428571,0,0,0,0,0,0,0,0,0,0,0,0,0.00816326530612245,0.036734693877551,0,0,0,0,0,0,0,0,0,0,0.00408163265306122,0,0,0.453061224489796,0,0,0,0,0,0,0,0,0,0,0,0,0,0.0938775510204082,0,0,0,0.0326530612244898,0,0,0
"000293.java",0.41726618705036,0,0,0,0,0.00719424460431655,0,0,0,0,0,0,0,0,0.0575539568345324,0,0,0,0,0,0,0,0.00719424460431655,0,0,0,0,0,0.489208633093525,0,0,0,0,0,0,0,0,0,0,0.0143884892086331,0,0,0,0,0,0,0,0,0.00719424460431655,0
"000294.java",0.219721533473202,0,0,0,0,0,0.000381460995613199,0.000190730497806599,0,0,0,0,0.000190730497806599,0,0,0,0,0,0,0,0,0,0,0.0265115391951173,0,0,0.000381460995613199,0,0,0.000572191493419798,0,0.00152584398245279,0,0,0,0.000762921991226397,0,0,0,0,0,0,0,0,0,0,0.748998664886515,0.000190730497806599,0.000381460995613199,0.000190730497806599
"000295.java",0.206,0,0,0,0,0,0.006,0,0,0,0,0,0,0,0,0.001,0,0,0,0,0,0,0,0,0,0,0,0,0,0,0.001,0,0,0,0.001,0,0,0,0,0,0,0,0,0.001,0,0.026,0.758,0,0,0
"000300.java",0.229809976247031,0.000593824228028504,0,0,0,0,0,0,0,0,0,0,0,0.000296912114014252,0,0,0.765439429928741,0,0,0,0,0,0,0,0,0.00118764845605701,0,0,0,0,0,0,0,0,0,0,0,0,0,0,0,0,0.000296912114014252,0,0,0,0.00237529691211401,0,0,0
"000305.java",0.146701673777486,0,0,0.000328191663931736,0,0,0,0,0.000656383327863472,0.00426649163111257,0,0,0,0,0,0.00426649163111257,0,0,0,0,0,0,0.000328191663931736,0.000656383327863472,0,0,0,0,0.000328191663931736,0,0.000984574991795208,0,0,0,0,0,0.81851000984575,0,0,0,0,0,0,0,0,0.0229734164752215,0,0,0,0
"000306.java",0,0,0,0,0,0.21608040201005,0.683417085427136,0,0,0,0,0,0,0,0.0050251256281407,0,0,0,0,0,0,0,0,0,0,0,0,0,0,0,0,0,0,0,0.0050251256281407,0,0.0201005025125628,0.0552763819095477,0,0,0,0,0,0,0,0,0.0150753768844221,0,0,0
"000364.java",0,0,0,0.0454545454545455,0,0,0.560606060606061,0,0,0,0,0,0,0,0,0,0,0,0,0,0,0,0,0,0,0,0,0,0,0,0,0,0,0,0,0,0,0,0,0,0,0.0909090909090909,0,0,0,0.303030303030303,0,0,0,0
"000367.java",0.158314350797267,0,0.000569476082004556,0.000569476082004556,0,0,0,0,0,0,0,0,0,0,0,0,0,0,0,0,0,0,0,0,0,0,0,0,0,0,0,0,0,0,0,0,0,0.838838268792711,0,0,0,0,0,0,0,0,0,0.00170842824601367,0,0
"000377.java",0,0,0,0,0,0,0.484848484848485,0.0101010101010101,0,0,0,0,0.0101010101010101,0,0.0202020202020202,0.141414141414141,0,0,0,0,0,0,0,0,0,0,0,0.0101010101010101,0.0101010101010101,0,0,0,0,0,0,0,0.303030303030303,0,0,0,0,0,0,0,0,0.0101010101010101,0,0,0,0
"000379.java",0,0,0,0,0.00546448087431694,0,0.781420765027322,0,0.0109289617486339,0,0,0,0,0,0,0,0,0,0,0,0,0,0,0,0,0,0,0,0.0273224043715847,0,0,0.00546448087431694,0.00546448087431694,0,0,0,0,0,0,0,0.0437158469945355,0,0,0,0,0.120218579234973,0,0,0,0
"000463.java",0.122875816993464,0,0,0,0,0,0,0,0,0,0,0,0,0.00065359477124183,0,0,0,0,0,0,0,0,0.784967320261438,0,0,0,0,0.00065359477124183,0,0,0,0,0,0,0.00261437908496732,0,0,0,0,0,0,0,0.0875816993464052,0.00065359477124183,0,0,0,0,0,0
"000481.java",0.0719424460431655,0,0.179856115107914,0,0,0.00719424460431655,0,0,0,0,0,0,0.0143884892086331,0,0,0,0,0,0,0,0,0.0575539568345324,0.100719424460432,0,0,0,0,0,0.0719424460431655,0,0.00719424460431655,0,0.0143884892086331,0,0,0.00719424460431655,0,0,0,0,0,0,0,0,0,0.467625899280576,0,0,0,0
"000482.java",0,0,0.00550964187327824,0,0,0,0,0,0,0,0,0,0.00275482093663912,0,0,0,0,0.00275482093663912,0,0,0,0,0.0661157024793388,0,0,0,0,0,0,0,0,0,0,0,0,0,0,0,0.00550964187327824,0,0.0440771349862259,0,0,0.00275482093663912,0,0.848484848484849,0.0110192837465565,0,0,0.0110192837465565
"000488.java",0.286179173047473,0,0,0,0,0,0,0,0,0,0.00057427258805513,0,0,0.701761102603369,0,0,0,0,0.000191424196018377,0.00057427258805513,0,0.000382848392036753,0,0,0,0,0,0,0,0,0,0,0,0,0,0,0,0.010145482388974,0,0,0,0,0,0,0,0,0,0.000191424196018377,0,0
"000489.java",0,0,0,0,0,0,0.0277777777777778,0,0,0,0,0,0,0,0,0,0,0,0,0,0.0277777777777778,0.0833333333333333,0,0,0,0,0,0,0,0,0,0,0,0,0,0,0,0,0,0,0,0.611111111111111,0.166666666666667,0,0,0.0833333333333333,0,0,0,0
"000490.java",0.555075593952484,0,0,0,0.44060475161987,0,0,0,0,0,0,0,0,0,0,0,0,0,0,0,0,0,0,0,0,0,0,0,0,0,0,0,0,0,0,0,0.00431965442764579,0,0,0,0,0,0,0,0,0,0,0,0,0
"000491.java",0.336980306345733,0,0,0,0,0,0,0,0,0,0,0,0,0,0,0,0,0,0.00437636761487965,0,0,0,0,0,0,0,0,0,0,0,0,0,0,0,0,0,0,0,0,0,0,0.389496717724289,0.00437636761487965,0,0,0.264770240700219,0,0,0,0
