"V1","V2","V3","V4","V5","V6","V7","V8","V9","V10","V11","V12","V13","V14","V15","V16","V17","V18","V19","V20","V21","V22","V23","V24","V25","V26","V27","V28","V29","V30","V31","V32","V33","V34","V35","V36","V37","V38","V39","V40","V41","V42","V43","V44","V45","V46","V47","V48","V49","V50"
"000001.java",0,0,0,0,0,0,0.0547045951859956,0,0.12472647702407,0.00218818380743982,0,0,0,0.115973741794311,0,0,0,0,0.0262582056892779,0,0,0,0.00218818380743982,0,0,0,0.00218818380743982,0,0,0,0,0.0087527352297593,0,0,0,0.5054704595186,0,0.153172866520788,0.00218818380743982,0,0,0,0,0,0,0,0,0,0,0.00218818380743982
"000002.java",0,0,0.00367647058823529,0,0,0.00490196078431373,0,0,0,0.0245098039215686,0,0,0,0,0,0,0,0.00122549019607843,0,0,0,0,0,0,0,0,0,0,0,0,0,0,0,0,0,0.747549019607843,0.0196078431372549,0,0,0,0,0,0.00490196078431373,0.0147058823529412,0,0,0,0.178921568627451,0,0
"000003.java",0.000565291124929339,0,0,0.00508762012436405,0,0,0.0260033917467496,0,0,0,0.00226116449971735,0,0,0,0,0.0101752402487281,0,0,0,0,0.0141322781232335,0,0,0,0,0.00169587337478802,0,0.00113058224985868,0,0,0.000565291124929339,0,0.00169587337478802,0,0.00621820237422272,0.834934991520633,0,0.0932730356133409,0,0,0.000565291124929339,0,0,0,0.000565291124929339,0,0,0,0,0.00113058224985868
"000004.java",0,0,0,0,0,0.0033112582781457,0,0,0.0198675496688742,0,0.00662251655629139,0,0,0.350993377483444,0,0,0.0033112582781457,0,0,0,0,0,0,0,0.0033112582781457,0,0,0.0993377483443709,0,0,0,0,0,0,0,0,0,0,0,0.0132450331125828,0,0,0,0,0,0,0,0.5,0,0
"000005.java",0,0,0,0.00440528634361234,0,0,0,0.00881057268722467,0.00881057268722467,0,0,0,0.418502202643172,0.00440528634361234,0,0.013215859030837,0,0,0.0308370044052863,0,0,0,0,0,0,0,0,0,0,0,0,0.0220264317180617,0.00881057268722467,0,0,0,0,0.140969162995595,0,0,0.0572687224669604,0,0,0,0,0.013215859030837,0,0.268722466960352,0,0
"000006.java",0.00404858299595142,0,0,0,0,0,0,0,0.368421052631579,0,0,0,0,0,0,0.0445344129554656,0,0,0.00404858299595142,0,0,0,0,0,0,0.0445344129554656,0,0,0,0,0,0,0,0.00809716599190283,0,0,0,0.408906882591093,0,0,0,0,0,0.0850202429149798,0,0,0,0.0323886639676113,0,0
"000019.java",0,0,0,0,0,0.00495049504950495,0,0,0.108910891089109,0,0,0,0,0,0.00495049504950495,0.00495049504950495,0,0,0,0,0,0,0,0,0,0,0,0,0,0,0,0,0,0,0,0.00495049504950495,0,0,0,0,0,0,0,0,0,0,0,0.871287128712871,0,0
"000020.java",0,0,0,0.00666666666666667,0,0,0.02,0,0.08,0,0,0,0,0.00333333333333333,0.0166666666666667,0,0,0,0,0,0,0,0,0.00333333333333333,0,0,0,0.02,0,0,0,0,0,0,0,0,0,0.17,0,0.16,0,0,0,0,0,0,0,0.52,0,0
"000021.java",0,0,0,0,0,0,0,0,0,0,0,0,0,0,0,0,0,0.0585365853658537,0,0,0.00975609756097561,0,0,0,0,0,0,0,0,0.0048780487804878,0.0048780487804878,0,0,0,0.0048780487804878,0,0,0,0,0,0,0,0.0048780487804878,0,0,0,0,0.91219512195122,0,0
"000024.java",0,0,0,0,0,0,0.00541516245487365,0,0,0.000601684717208183,0,0.0258724428399519,0,0,0,0,0,0,0,0,0,0,0.000601684717208183,0,0,0,0,0,0,0,0.00120336943441637,0,0.036101083032491,0,0,0.00120336943441637,0,0.0752105896510229,0,0,0,0.758724428399519,0,0,0,0,0,0.0950661853188929,0,0
"000026.java",0,0,0,0,0,0.00444938820912125,0.00111234705228031,0,0,0,0,0,0,0,0,0,0.102335928809789,0,0.0200222469410456,0.00111234705228031,0,0.00333704115684093,0,0,0.00111234705228031,0,0,0.35706340378198,0,0,0,0,0,0,0.00111234705228031,0,0,0.216907675194661,0,0,0,0,0,0,0,0,0,0.291434927697442,0,0
"000027.java",0,0,0,0.971297554347826,0,0,0,0,0,0,0,0,0,0,0,0,0,0,0,0.000169836956521739,0,0,0,0,0,0,0.000509510869565217,0,0,0,0,0,0,0,0,0,0,0.0164741847826087,0,0,0,0,0,0,0,0,0,0.0106997282608696,0,0.000849184782608696
"000031.java",0,0,0,0.000316505776230416,0,0,0,0,0.00079126444057604,0,0,0,0,0.000316505776230416,0,0,0,0,0,0.997151448013926,0,0,0,0,0,0,0,0,0,0,0,0,0,0,0,0,0.000949517328691249,0,0,0,0,0,0,0.000474758664345624,0,0,0,0,0,0
"000036.java",0,0,0,0,0,0,0,0,0,0.000609384521633151,0.00182815356489945,0.0012187690432663,0,0,0,0,0,0.725167580743449,0,0,0,0,0.0012187690432663,0,0,0,0,0,0,0,0,0,0,0,0.000609384521633151,0,0,0,0,0,0,0,0,0,0,0,0,0.269347958561853,0,0
"000037.java",0,0,0,0,0,0,0,0,0,0.00150375939849624,0,0.00451127819548872,0,0,0,0,0,0.610526315789474,0,0,0,0,0,0,0,0,0,0.00601503759398496,0,0.00300751879699248,0,0,0,0,0,0,0,0.0466165413533835,0,0,0,0,0,0,0,0,0,0.32781954887218,0,0
"000041.java",0,0,0,0.000563380281690141,0,0,0,0,0,0,0,0,0,0.0794366197183099,0,0,0.000563380281690141,0,0,0,0,0,0,0,0,0,0,0,0,0,0,0,0.00225352112676056,0,0,0.000563380281690141,0.84169014084507,0.000563380281690141,0,0,0,0,0,0,0,0,0,0.0743661971830986,0,0
"000044.java",0,0,0,0,0,0,0,0,0,0,0.00873362445414847,0,0,0.00436681222707424,0,0,0,0.0174672489082969,0,0,0,0,0,0.318777292576419,0,0,0,0.115720524017467,0,0,0.00655021834061135,0,0.00218340611353712,0,0,0,0,0,0,0,0,0,0,0,0,0,0,0.526200873362445,0,0
"000045.java",0.00128886740776543,0,0,0,0.000483325277912035,0.000161108425970678,0,0,0,0,0,0.000161108425970678,0,0.000322216851941357,0,0.00434992750120831,0,0,0,0,0.0014499758337361,0,0,0,0,0,0,0,0,0,0,0,0.000805542129853391,0.000161108425970678,0,0,0.000161108425970678,0.0059610117609151,0,0,0.000322216851941357,0,0,0,0.932495569518286,0,0,0.0518769131625584,0,0
"000046.java",0,0.109902560616361,0,0,0,0,0,0,0,0.00271923861318831,0,0,0,0,0,0.000453206435531385,0.000226603217765692,0,0,0,0,0,0,0,0,0,0,0,0,0,0,0,0.00135961930659415,0,0,0,0,0,0,0,0,0,0,0,0.810333106730116,0,0,0.0750056650804441,0,0
"000060.java",0,0,0,0,0,0.919085312225154,0,0,0.000879507475813544,0,0,0,0,0,0,0,0,0,0,0,0,0,0,0,0,0,0,0,0,0,0,0,0,0,0,0,0,0.0650835532102023,0,0,0,0,0,0.00351802990325418,0,0,0,0.0114335971855761,0,0
"000063.java",0,0,0,0,0,0,0,0,0,0,0,0.000523012552301255,0,0,0,0,0,0,0,0,0,0,0,0,0.717050209205021,0.000523012552301255,0,0,0.00209205020920502,0,0,0,0,0,0.00418410041841004,0,0,0.275627615062762,0,0,0,0,0,0,0,0,0,0,0,0
"000067.java",0.908931014266172,0,0,0,0,0,0,0,0,0,0,0,0,0.00136798905608755,0,0,0,0,0,0.000390854016025015,0,0,0,0,0.000195427008012507,0,0.000195427008012507,0,0,0,0,0.000586281024037522,0,0,0,0.000390854016025015,0,0.00605823724838773,0,0,0.0027359781121751,0,0,0,0,0,0,0.078561657221028,0,0.000586281024037522
"000070.java",0.00162337662337662,0,0,0,0,0.00974025974025974,0.0811688311688312,0,0,0,0,0,0,0.0178571428571429,0,0,0.00324675324675325,0,0,0,0,0,0,0,0,0,0,0,0,0,0.237012987012987,0,0,0,0,0.00162337662337662,0,0.0308441558441558,0,0,0,0.00162337662337662,0.00162337662337662,0,0,0.00162337662337662,0,0.612012987012987,0,0
"000077.java",0,0,0.0050761421319797,0.0152284263959391,0,0.00253807106598985,0,0,0.00761421319796954,0,0,0,0.357868020304569,0.0406091370558376,0.00253807106598985,0,0.00761421319796954,0,0,0,0.00253807106598985,0.00253807106598985,0.0101522842639594,0,0.00253807106598985,0,0,0,0,0,0,0,0,0,0,0,0.0279187817258883,0,0,0,0,0,0,0,0,0,0,0.515228426395939,0,0
"000082.java",0,0,0,0,0,0.0941176470588235,0,0.0411764705882353,0.105882352941176,0,0,0,0,0,0,0,0.270588235294118,0,0,0,0,0,0,0,0,0,0,0,0,0,0,0,0.0352941176470588,0,0,0,0,0.288235294117647,0,0,0.147058823529412,0,0,0,0.0176470588235294,0,0,0,0,0
"000084.java",0.00452488687782805,0,0,0,0.00904977375565611,0,0,0.0316742081447964,0.416289592760181,0,0.0271493212669683,0,0,0.0135746606334842,0,0.0452488687782805,0,0,0,0,0,0,0,0.00904977375565611,0,0,0,0,0,0,0,0,0.0633484162895928,0,0,0,0.00452488687782805,0.285067873303167,0,0,0.00452488687782805,0,0,0,0,0,0,0.085972850678733,0,0
"000085.java",0,0,0,0,0,0,0,0.00544959128065395,0,0,0,0,0,0,0,0,0,0,0,0,0,0,0,0,0.00272479564032698,0.0136239782016349,0,0,0,0,0.00272479564032698,0,0,0,0,0,0,0,0,0.242506811989101,0,0,0,0,0.0108991825613079,0,0,0.722070844686649,0,0
"000096.java",0,0,0,0,0,0,0.882496513249651,0.000697350069735007,0,0,0,0.00488145048814505,0,0,0,0,0,0,0.00104602510460251,0,0,0,0,0,0,0,0,0,0,0,0,0,0,0,0,0,0,0.0118549511854951,0,0,0,0,0,0,0,0,0,0.099023709902371,0,0
"000102.java",0.0008110300081103,0,0,0,0,0,0.00178426601784266,0.00227088402270884,0,0,0,0,0,0,0.00194647201946472,0,0.0008110300081103,0.00032441200324412,0.625141930251419,0,0.00048661800486618,0,0,0,0.00227088402270884,0,0,0,0,0,0.0155717761557178,0,0.0137875101378751,0,0,0,0.00129764801297648,0.231143552311436,0,0,0.00016220600162206,0,0,0,0.00016220600162206,0,0,0.102027575020276,0,0
"000108.java",0,0,0,0,0,0,0,0.00649350649350649,0,0,0,0,0,0.00649350649350649,0,0,0.00649350649350649,0.00649350649350649,0,0,0,0,0,0,0,0,0,0.0974025974025974,0.012987012987013,0.00649350649350649,0,0,0.038961038961039,0.00649350649350649,0,0,0.012987012987013,0.0324675324675325,0,0.038961038961039,0.00649350649350649,0,0.00649350649350649,0,0,0,0,0.714285714285714,0,0
"000112.java",0,0,0,0,0,0,0,0.6,0,0,0.0222222222222222,0,0.288888888888889,0,0,0,0,0,0.0444444444444444,0,0,0,0,0,0,0,0,0,0,0,0,0,0,0,0,0,0,0.0444444444444444,0,0,0,0,0,0,0,0,0,0,0,0
"000114.java",0,0,0,0,0,0,0.00107758620689655,0,0,0,0,0,0,0.0129310344827586,0,0,0,0,0.00107758620689655,0,0.00431034482758621,0,0,0,0.00862068965517241,0,0.0226293103448276,0,0,0,0.671336206896552,0,0,0.0021551724137931,0,0,0,0,0,0,0.00107758620689655,0,0,0,0,0,0.00107758620689655,0.273706896551724,0,0
"000118.java",0,0,0,0,0,0.00954653937947494,0,0,0,0,0,0,0,0,0,0,0.00238663484486874,0,0,0,0.00715990453460621,0.00238663484486874,0,0,0,0,0,0.326968973747017,0,0.00238663484486874,0,0,0,0,0.0429594272076372,0,0,0,0,0,0.00238663484486874,0.00238663484486874,0,0,0,0.00238663484486874,0,0.599045346062053,0,0
"000119.java",0,0,0,0,0,0,0.00862068965517241,0,0,0,0,0.00383141762452107,0,0,0,0.00191570881226054,0,0,0,0,0,0,0,0.53544061302682,0,0.126436781609195,0,0,0,0,0,0,0,0,0,0,0,0,0,0,0,0,0,0.000957854406130268,0,0,0,0.32183908045977,0,0.000957854406130268
"000121.java",0,0,0,0,0,0,0,0.0748663101604278,0,0,0,0,0.0160427807486631,0,0,0,0.347593582887701,0,0,0,0,0,0,0,0,0,0,0.0320855614973262,0,0,0,0,0,0,0,0,0,0.213903743315508,0,0,0.315508021390374,0,0,0,0,0,0,0,0,0
"000122.java",0,0,0,0.000504795557799091,0,0,0,0,0,0.00151438667339727,0,0.00100959111559818,0,0,0.00555275113579,0,0.000504795557799091,0,0,0.00403836446239273,0,0,0,0,0,0,0.0474507824331146,0,0,0,0,0,0,0,0,0.00151438667339727,0,0.122665320545179,0.49469964664311,0,0.00353356890459364,0,0,0.00252397778899546,0,0,0,0.314487632508834,0,0
"000123.java",0,0,0,0,0.00288184438040346,0,0,0.00288184438040346,0.0259365994236311,0,0,0,0,0,0,0,0,0,0.0864553314121038,0,0,0,0.0720461095100865,0,0,0,0.00576368876080692,0,0,0,0,0,0,0,0,0,0.00864553314121038,0.354466858789625,0.0432276657060519,0,0.360230547550432,0.00288184438040346,0,0,0,0,0,0.0345821325648415,0,0
"000124.java",0,0,0.000675219446320054,0.00270087778528022,0.447670492910196,0,0,0,0,0,0,0.0222822417285618,0,0,0,0.000675219446320054,0,0,0,0,0,0,0,0,0.000675219446320054,0,0,0,0,0,0,0.000675219446320054,0,0,0,0,0,0.000675219446320054,0,0,0,0,0.0222822417285618,0,0,0,0,0.5016880486158,0,0
"000125.java",0,0,0,0.00465116279069767,0.00930232558139535,0,0,0,0,0.00930232558139535,0,0,0,0,0,0,0,0,0,0,0,0,0.0186046511627907,0,0,0,0,0,0,0,0.00465116279069767,0,0,0,0.148837209302326,0,0,0.0418604651162791,0,0,0,0,0.027906976744186,0,0.0372093023255814,0,0,0.693023255813954,0.00465116279069767,0
"000126.java",0,0,0,0,0,0,0,0.978142076502732,0,0,0,0,0,0,0,0,0,0,0,0,0,0,0,0,0,0,0,0,0,0,0.00273224043715847,0,0,0,0.0163934426229508,0,0,0.00273224043715847,0,0,0,0,0,0,0,0,0,0,0,0
"000127.java",0,0,0,0,0.500809323405633,0,0,0,0,0,0,0.000647458724506313,0.000323729362253156,0.00291356426027841,0,0,0,0,0,0,0,0,0,0,0,0,0.0427322758174166,0.000323729362253156,0,0,0,0,0.00388475234703788,0,0.00258983489802525,0,0,0,0,0,0.000323729362253156,0,0.0223373259954678,0,0.000971188086759469,0,0,0.422143088378116,0,0
"000128.java",0,0,0,0,0,0.032258064516129,0.0032258064516129,0.638709677419355,0,0,0,0,0,0,0.0032258064516129,0,0,0,0,0,0,0,0,0,0,0,0,0,0,0,0,0,0,0,0,0,0,0,0,0,0,0,0,0,0.0129032258064516,0,0,0.309677419354839,0,0
"000130.java",0,0,0,0,0,0.0180995475113122,0,0.936651583710407,0,0,0,0,0,0,0,0,0,0,0,0,0,0,0,0,0,0,0,0,0,0,0,0,0,0,0,0,0,0.0180995475113122,0,0,0.0180995475113122,0,0.00904977375565611,0,0,0,0,0,0,0
"000131.java",0,0,0,0,0,0,0,1,0,0,0,0,0,0,0,0,0,0,0,0,0,0,0,0,0,0,0,0,0,0,0,0,0,0,0,0,0,0,0,0,0,0,0,0,0,0,0,0,0,0
"000132.java",0,0.0408163265306122,0,0,0,0.36734693877551,0,0.224489795918367,0,0,0,0,0.224489795918367,0,0,0,0,0,0,0,0,0,0,0,0,0,0,0,0,0,0,0,0,0,0,0,0,0.142857142857143,0,0,0,0,0,0,0,0,0,0,0,0
"000133.java",0,0,0,0,0,0.0171428571428571,0,0.970285714285714,0,0,0,0,0.00685714285714286,0,0,0,0,0,0,0,0,0,0,0,0,0,0,0,0,0,0,0,0,0.00114285714285714,0,0,0.00457142857142857,0,0,0,0,0,0,0,0,0,0,0,0,0
"000134.java",0,0,0,0,0,0,0.00156739811912226,0.9858934169279,0,0,0,0,0,0,0,0,0.00156739811912226,0,0,0,0,0,0,0,0,0.00783699059561128,0,0,0,0,0,0,0,0,0,0,0.00156739811912226,0.00156739811912226,0,0,0,0,0,0,0,0,0,0,0,0
"000135.java",0,0,0.0020703933747412,0,0,0.498964803312629,0.0041407867494824,0.428571428571429,0,0,0,0,0,0,0,0.0020703933747412,0,0,0,0,0,0,0,0,0,0,0,0,0,0,0,0,0,0,0.0124223602484472,0,0,0,0,0,0.0496894409937888,0.0020703933747412,0,0,0,0,0,0,0,0
"000136.java",0,0,0,0,0,0,0,0.958904109589041,0,0,0,0,0,0,0,0,0,0,0,0,0,0,0,0,0,0,0,0.00547945205479452,0,0,0,0,0,0,0,0,0,0.0356164383561644,0,0,0,0,0,0,0,0,0,0,0,0
"000149.java",0,0,0,0,0,0.000233845194481253,0,0,0.000467690388962507,0,0,0,0,0.000155896796320836,0,0,0,7.79483981604178e-05,0,0,0,0,0,0,0,0,0,0,0,0,0,7.79483981604178e-05,0,0,7.79483981604178e-05,0,0,0,0,0,0,0,0.935770519915816,0.000779483981604178,0.0115363629277418,0,0,0.0508223556005924,0,0
"000150.java",0,0,0,0,0,0.0588235294117647,0,0,0,0,0,0,0,0,0,0,0,0,0,0,0,0.507352941176471,0,0,0,0,0,0.00245098039215686,0,0,0,0,0.00490196078431373,0,0,0,0,0,0,0,0,0,0,0,0,0,0,0.426470588235294,0,0
"000152.java",0,0,0,0,0.00111607142857143,0,0,0,0,0,0,0.00111607142857143,0.00111607142857143,0,0,0,0.890625,0,0,0,0,0,0,0,0.00223214285714286,0,0,0,0,0,0.00446428571428571,0,0,0,0,0,0,0,0,0,0,0,0,0,0,0,0,0.0993303571428571,0,0
"000155.java",0,0,0,0,0,0.0362573099415205,0,0,0,0,0,0,0,0.0807017543859649,0,0.00116959064327485,0,0,0,0,0,0,0,0,0,0,0,0.00116959064327485,0,0.450292397660819,0,0,0,0,0,0,0.00233918128654971,0,0,0,0,0,0,0.00233918128654971,0,0,0,0.425730994152047,0,0
"000159.java",0,0,0,0,0,0,0,0,0,0.000571102227298686,0,0.00571102227298686,0,0.000571102227298686,0,0,0,0,0,0.000571102227298686,0,0,0,0,0,0,0,0.000571102227298686,0,0,0,0,0,0,0,0,0,0.205025699600228,0,0,0,0,0,0.743003997715591,0,0,0,0.0439748715019989,0,0
"000160.java",0,0,0,0,0,0.000734214390602056,0.000734214390602056,0.00220264317180617,0,0.000734214390602056,0,0,0,0.00146842878120411,0,0,0,0.00146842878120411,0,0,0,0,0,0,0,0,0,0,0.000734214390602056,0,0,0,0,0,0,0,0.00440528634361234,0.0675477239353891,0,0,0.916299559471366,0,0,0,0.00220264317180617,0,0.00146842878120411,0,0,0
"000161.java",0,0,0,0.00709219858156028,0.0390070921985816,0.00354609929078014,0,0.00354609929078014,0.0673758865248227,0,0,0,0.0602836879432624,0,0,0,0,0,0,0,0,0,0,0,0,0,0,0.00709219858156028,0,0,0,0,0,0,0.00709219858156028,0,0,0.00354609929078014,0,0,0,0,0,0,0.0141843971631206,0,0,0.787234042553192,0,0
"000162.java",0,0,0.175097276264591,0.00194552529182879,0,0.00194552529182879,0,0,0.066147859922179,0,0,0,0,0,0.0233463035019455,0,0,0,0.0272373540856031,0,0,0,0.0272373540856031,0,0,0,0,0.00194552529182879,0,0,0,0,0,0,0,0,0,0.476653696498055,0,0,0.0233463035019455,0,0,0,0,0,0,0.173151750972763,0,0.00194552529182879
"000163.java",0,0.0032258064516129,0.00161290322580645,0,0,0.00483870967741936,0,0,0.082258064516129,0,0.00161290322580645,0,0,0.0951612903225806,0.387096774193548,0,0.00161290322580645,0,0.00161290322580645,0,0,0,0.0129032258064516,0,0,0,0,0,0,0,0,0,0,0,0,0,0,0,0,0,0,0,0,0,0,0,0,0.408064516129032,0,0
"000164.java",0,0,0,0.0770508136831617,0,0,0.0026569246097642,0,0,0,0,0,0,0.0169378943872468,0,0,0,0,0,0,0,0,0.52507472600465,0,0.000332115576220525,0,0,0,0,0,0,0,0.00498173364330787,0,0,0,0,0.0315509797409498,0,0,0,0.00332115576220525,0.0269013616738625,0,0.000332115576220525,0,0,0.310860179342411,0,0
"000165.java",0,0,0,0,0,0.134344528710726,0,0,0.0693391115926327,0.00108342361863489,0,0,0,0.114842903575298,0,0,0,0,0,0.00541711809317443,0,0,0,0.00216684723726977,0,0.00216684723726977,0,0,0,0,0,0,0.0140845070422535,0,0,0,0,0.191765980498375,0,0,0,0,0,0.323943661971831,0,0,0.0140845070422535,0.126760563380282,0,0
"000170.java",0,0,0,0.00149925037481259,0,0,0,0,0.593703148425787,0,0,0.0134932533733133,0,0.0209895052473763,0.00149925037481259,0,0,0,0,0,0,0,0,0,0,0.0644677661169415,0,0,0,0,0,0.00149925037481259,0.00149925037481259,0,0.0599700149925037,0,0,0,0,0,0.00449775112443778,0,0.00449775112443778,0,0,0,0,0.232383808095952,0,0
"000171.java",0,0,0,0,0.000848176420695505,0,0.0288379983036472,0.00339270568278202,0.00848176420695505,0,0,0,0,0.0441051738761662,0,0.00254452926208651,0,0,0,0,0.00169635284139101,0,0,0,0.481764206955047,0,0.000848176420695505,0,0,0,0,0,0.090754877014419,0,0,0,0.000848176420695505,0,0,0,0.0152671755725191,0.087362171331637,0,0,0,0,0,0.233248515691264,0,0
"000172.java",0,0,0,0,0,0.0002686005909213,0,0,0,0,0.3430029546065,0,0,0,0,0.0001790670606142,8.95335303071e-05,8.95335303071e-05,0,0,0,0,0,0,0.0006267347121497,0,0,0,0,0,0,0,0.524487420538992,0,0,0,0,0,0,0,0,8.95335303071e-05,0,0,0,0.0001790670606142,0,0.130808487778673,0,0.0001790670606142
"000173.java",0,0,0,0,0.000174855744011191,0,0.000699422976044763,0,0,0,0,0.931456548347613,0,0,0,0,0,0.000174855744011191,0,0,0,0,0,0,0,0,0,0,0,0.000349711488022382,0,0,0,0,0,0,0,0.0671446057002973,0,0,0,0,0,0,0,0,0,0,0,0
"000174.java",0,0.00115606936416185,0,0,0,0,0,0,0.0786127167630058,0,0.00115606936416185,0.0069364161849711,0,0,0,0,0,0,0,0,0,0,0.00115606936416185,0.0092485549132948,0,0,0,0,0,0,0.220809248554913,0,0,0,0,0,0.00115606936416185,0.0346820809248555,0,0.0601156069364162,0,0,0,0,0,0,0,0.584971098265896,0,0
"000175.java",0.000641848523748395,0,0.000641848523748395,0,0,0,0,0,0,0,0,0.00385109114249037,0.00256739409499358,0,0,0,0,0,0,0,0,0.440949935815148,0,0,0,0,0,0,0,0.00256739409499358,0,0,0,0,0,0,0,0.378048780487805,0,0,0,0,0.00128369704749679,0,0,0,0,0.169448010269576,0,0
"000176.java",0,0,0,0,0,0,0,0,0.466666666666667,0,0,0.0520833333333333,0,0,0,0,0,0,0,0,0,0,0,0,0,0,0.0541666666666667,0,0,0.00208333333333333,0,0.00208333333333333,0.1,0,0,0,0,0,0,0,0,0.00208333333333333,0,0,0,0,0,0.320833333333333,0,0
"000177.java",0,0,0,0,0,0,0,0,0.331147540983607,0,0,0.00983606557377049,0,0.00655737704918033,0,0,0,0,0,0,0,0.00327868852459016,0,0.00327868852459016,0,0.00655737704918033,0.0721311475409836,0,0,0,0.0131147540983607,0,0,0,0.111475409836066,0,0,0.439344262295082,0,0,0,0,0,0,0,0.00327868852459016,0,0,0,0
"000178.java",0,0,0,0.0966386554621849,0,0,0,0,0.277310924369748,0,0,0,0,0.0336134453781513,0,0.00840336134453781,0,0,0,0,0,0,0,0,0.046218487394958,0,0,0,0,0,0.00420168067226891,0,0.0126050420168067,0,0,0.00420168067226891,0,0,0,0,0,0,0.176470588235294,0,0,0,0,0.340336134453782,0,0
"000179.java",0,0,0,0,0,0,0,0,0,0,0,0,0,0,0,0,0,0,0,0,0,0,0,0,0,0,0,0,0,0,0,0,0.294814814814815,0,0,0,0,0,0,0.314074074074074,0,0.00592592592592593,0,0.00740740740740741,0,0,0,0.377777777777778,0,0
"000183.java",0,0,0,0,0,0,0,0,0,0,0,0,0,0.0109695682944091,0,0,0,0,0,0,0,0,0,0,0,0,0,0,0,0,0,0,0,0,0.731068648266101,0,0,0.183651804670913,0,0,0,0,0,0,0,0,0,0.0743099787685775,0,0
"000185.java",0,0,0,0,0.000170212765957447,0,0,0,0.000680851063829787,0,0,0,0,0.00374468085106383,0,0.00136170212765957,0.000170212765957447,0,0,0,0,0,0,0.000170212765957447,0,0,0.88868085106383,0,0,0,0,0,0,0,0,0,0,0,0,0.000170212765957447,0,0,0,0,0,0,0,0.104851063829787,0,0
"000187.java",0,0.00539083557951483,0,0,0,0,0,0.00269541778975741,0.202156334231806,0,0,0.0161725067385445,0,0,0,0.0107816711590297,0,0,0,0,0,0.00269541778975741,0,0,0,0,0,0,0.00539083557951483,0,0,0.00269541778975741,0,0,0.261455525606469,0,0.0134770889487871,0.199460916442049,0.00269541778975741,0,0,0,0,0,0,0,0,0.274932614555256,0,0
"000188.java",0,0,0,0,0,0,0,0,0.527972027972028,0,0,0.00174825174825175,0,0,0,0,0,0,0,0,0.00524475524475524,0,0,0.00174825174825175,0.0699300699300699,0,0,0,0,0,0,0,0,0,0,0,0,0.178321678321678,0,0,0,0.00174825174825175,0,0.0576923076923077,0,0,0,0.155594405594406,0,0
"000189.java",0,0,0,0,0.00213219616204691,0,0.0262970859985785,0,0,0.000710732054015636,0,0,0,0,0,0,0,0,0,0,0,0,0,0,0,0,0,0,0,0,0,0,0,0,0.0696517412935323,0,0,0.837953091684435,0.0632551528073916,0,0,0,0,0,0,0,0,0,0,0
"000190.java",0,0.0034965034965035,0,0,0,0,0.0104895104895105,0,0.36013986013986,0,0,0,0,0.167832167832168,0,0,0,0,0,0,0,0,0.0559440559440559,0.0104895104895105,0,0,0,0,0,0,0,0,0,0,0,0.0034965034965035,0,0.269230769230769,0,0,0.00699300699300699,0,0,0,0,0,0,0.111888111888112,0,0
"000191.java",0,0,0,0,0,0.00857632933104631,0,0.00171526586620926,0,0,0,0,0,0,0,0,0,0,0,0,0,0,0,0,0,0.00343053173241852,0,0,0,0.00171526586620926,0,0.984562607204117,0,0,0,0,0,0,0,0,0,0,0,0,0,0,0,0,0,0
"000193.java",0,0.020979020979021,0,0,0.000317863954227591,0,0,0.000635727908455181,0.000635727908455181,0,0,0,0,0.0174825174825175,0,0.796567069294342,0,0,0,0,0,0,0,0,0,0,0.00127145581691036,0,0,0,0,0.000317863954227591,0,0,0,0,0.000953591862682772,0.0260648442466624,0,0,0,0,0,0,0,0,0,0.134774316592498,0,0
"000194.java",0.00462962962962963,0.00462962962962963,0,0.0123456790123457,0,0,0,0,0.0277777777777778,0,0,0,0,0,0.0493827160493827,0.0123456790123457,0,0.00154320987654321,0,0,0,0,0.316358024691358,0,0,0,0,0,0,0,0.0308641975308642,0,0,0,0.0709876543209877,0,0,0.290123456790123,0,0,0.179012345679012,0,0,0,0,0,0,0,0,0
"000195.java",0,0,0,0,0,0,0,0.00164338537387017,0,0.000821692686935086,0,0,0,0.000821692686935086,0,0.00903861955628595,0,0.00493015612161052,0.047658175842235,0,0,0,0,0,0,0,0,0.000821692686935086,0,0,0.285127362366475,0,0,0,0,0,0.000821692686935086,0.00164338537387017,0,0,0,0,0,0,0,0,0,0.646672144617913,0,0
"000196.java",0,0.00658165364047717,0,0,0,0,0,0.000411353352529823,0,0.211024269847799,0,0,0,0,0,0,0,0,0,0,0,0,0,0.000411353352529823,0,0,0,0,0.0308515014397367,0,0.436034553681612,0,0,0,0,0,0,0.196215549156726,0,0,0,0.000411353352529823,0.00123406005758947,0.000411353352529823,0,0,0,0.11641299876594,0,0
"000197.java",0,0,0,0,0.000664010624169987,0,0.0537848605577689,0.000664010624169987,0.00199203187250996,0,0,0,0.000664010624169987,0,0.659362549800797,0,0,0.00199203187250996,0,0,0,0,0,0,0,0,0,0,0,0,0,0.000664010624169987,0.00199203187250996,0,0,0,0.00332005312084993,0.265604249667995,0,0,0.00464807436918991,0,0,0,0.000664010624169987,0,0.00199203187250996,0,0,0.00199203187250996
"000198.java",0,0.00165562913907285,0,0,0,0,0,0,0,0,0.00165562913907285,0,0,0,0,0,0,0,0.0645695364238411,0.00165562913907285,0,0,0,0,0,0,0,0.408940397350993,0,0,0,0,0,0,0,0,0,0.506622516556291,0,0,0,0,0,0,0,0,0,0.0149006622516556,0,0
"000199.java",0,0,0,0,0,0.001953125,0,0,0.05078125,0,0,0,0,0.001953125,0,0,0.001953125,0,0,0.01171875,0.00390625,0,0,0,0,0,0,0,0,0,0.0625,0,0.060546875,0,0,0,0,0.443359375,0,0,0,0,0.236328125,0,0,0,0,0,0.125,0
"000200.java",0,0,0,0,0,0,0,0,0.325670498084291,0,0,0,0,0.00383141762452107,0,0.157088122605364,0,0.0153256704980843,0,0,0,0,0.0804597701149425,0,0,0,0,0,0,0,0,0,0,0,0,0,0,0.122605363984674,0,0,0,0,0,0.0114942528735632,0.00383141762452107,0,0,0.279693486590038,0,0
"000201.java",0,0.816582914572864,0,0,0,0,0,0,0,0,0,0.000314070351758794,0,0,0,0,0,0,0,0,0,0,0.000628140703517588,0.000314070351758794,0,0,0,0,0,0,0,0,0.000314070351758794,0.000314070351758794,0,0,0,0.181218592964824,0,0,0,0.000314070351758794,0,0,0,0,0,0,0,0
"000202.java",0,0.0676691729323308,0,0,0,0.0075187969924812,0,0,0.443609022556391,0.300751879699248,0,0,0,0,0.0075187969924812,0,0,0,0,0,0,0.0075187969924812,0,0,0,0,0,0,0,0,0,0,0,0,0,0,0,0.150375939849624,0,0,0,0,0,0,0,0,0,0,0.0075187969924812,0.0075187969924812
"000225.java",0,0,0,0.00134228187919463,0.010738255033557,0,0,0,0.104697986577181,0,0,0,0,0,0,0,0.130201342281879,0,0,0,0,0,0,0,0,0.0630872483221477,0,0,0,0,0,0,0.29261744966443,0,0,0,0,0.0697986577181208,0,0,0,0,0,0,0,0.179865771812081,0.00536912751677852,0.142281879194631,0,0
"000226.java",0,0,0,0,0,0.200854700854701,0,0.153846153846154,0.397435897435897,0.0341880341880342,0,0,0,0,0,0,0,0,0,0,0,0,0,0,0,0,0,0,0,0,0,0.0341880341880342,0,0,0,0,0.00854700854700855,0.158119658119658,0,0,0,0.00427350427350427,0,0,0.00427350427350427,0.00427350427350427,0,0,0,0
"000228.java",0,0,0,0,0,0.0551724137931034,0,0,0,0,0,0,0,0,0,0,0.0206896551724138,0,0,0,0,0,0,0,0,0,0,0,0,0,0,0.186206896551724,0,0.096551724137931,0,0,0,0,0,0,0.544827586206897,0,0,0,0,0,0.0206896551724138,0.0758620689655172,0,0
"000232.java",0,0,0,0,0,0,0,0,0,0.000951474785918173,0,0,0,0,0.000951474785918173,0,0.291151284490961,0,0,0,0,0,0,0,0,0,0,0,0,0.000951474785918173,0,0,0,0,0,0,0,0.000951474785918173,0,0,0,0,0,0,0,0.480494766888677,0,0.224548049476689,0,0
"000234.java",0,0,0,0,0,0,0,0,0,0,0,0,0,0,0,0,0.0933852140077821,0,0.00324254215304799,0,0,0,0,0,0,0,0.000648508430609598,0,0,0,0,0,0,0,0.000648508430609598,0.000648508430609598,0,0,0,0,0,0,0,0,0,0.695849546044099,0,0.205577172503243,0,0
"000236.java",0,0.00687285223367698,0,0,0,0.0824742268041237,0.00343642611683849,0,0.00687285223367698,0,0,0,0,0,0,0,0.230240549828179,0,0,0,0.00687285223367698,0,0,0,0,0,0,0,0,0,0,0,0,0,0,0,0,0.120274914089347,0,0,0.0756013745704467,0.00687285223367698,0,0,0,0.460481099656357,0,0,0,0
"000237.java",0,0,0,0,0,0.025974025974026,0,0,0,0,0,0,0,0,0,0,0.753246753246753,0,0,0,0.0562770562770563,0,0,0.00216450216450216,0,0,0,0.00216450216450216,0,0,0,0,0,0,0,0,0,0.0627705627705628,0,0,0,0,0,0,0.0194805194805195,0,0,0.0757575757575758,0.00216450216450216,0
"000247.java",0,0,0,0,0,0,0,0,0,0,0,0.00294695481335953,0,0,0,0.00294695481335953,0.0206286836935167,0,0,0,0,0,0,0,0,0,0.00196463654223969,0,0,0,0,0,0.00589390962671906,0,0,0,0,0.0530451866404715,0,0.00196463654223969,0,0,0,0,0,0,0,0.176817288801572,0,0.733791748526523
"000248.java",0,0,0,0,0,0,0,0,0,0,0,0,0,0,0,0,0.160756501182033,0,0,0,0,0.0141843971631206,0,0.274231678486998,0,0,0.00472813238770686,0,0,0,0,0.00236406619385343,0,0,0,0,0,0.0709219858156028,0,0,0,0,0,0,0,0.0520094562647754,0,0.42080378250591,0,0
"000286.java",0,0.00173913043478261,0,0,0,0.00173913043478261,0,0,0,0,0,0,0,0,0,0,0.180869565217391,0,0,0,0,0,0,0,0.00521739130434783,0.00347826086956522,0,0,0,0,0,0,0.031304347826087,0,0,0,0,0,0,0,0,0,0,0.00347826086956522,0,0.00347826086956522,0.601739130434783,0.16695652173913,0,0
"000287.java",0.00775193798449612,0,0,0,0,0,0,0.00775193798449612,0,0,0,0,0.00775193798449612,0,0,0,0.65891472868217,0,0,0.00775193798449612,0.00775193798449612,0,0,0.0155038759689922,0,0,0,0,0,0,0,0,0,0.00775193798449612,0,0,0,0,0,0.00775193798449612,0.0155038759689922,0,0,0,0,0,0.224806201550388,0.0310077519379845,0,0
"000288.java",0,0,0,0,0,0,0,0,0.032520325203252,0,0,0,0,0,0,0,0.59349593495935,0,0,0,0,0,0,0.00813008130081301,0,0,0,0,0.00813008130081301,0,0,0,0,0,0,0,0,0,0,0,0,0,0,0,0,0,0.24390243902439,0.113821138211382,0,0
"000289.java",0,0.00245098039215686,0,0,0,0.00735294117647059,0,0.00245098039215686,0.00245098039215686,0,0,0,0,0,0,0,0.605392156862745,0,0,0.00245098039215686,0,0,0,0,0,0,0,0,0,0.0196078431372549,0,0,0,0,0.00490196078431373,0,0,0,0,0.0147058823529412,0,0,0,0,0,0.00735294117647059,0.0343137254901961,0.294117647058824,0,0.00245098039215686
"000290.java",0,0,0,0,0.0091324200913242,0.0273972602739726,0,0,0,0,0,0,0,0,0.0091324200913242,0,0.931506849315068,0,0,0,0,0,0,0,0,0,0,0,0,0,0,0,0,0,0,0,0,0.0228310502283105,0,0,0,0,0,0,0,0,0,0,0,0
"000291.java",0,0,0,0,0,0,0,0,0,0,0,0,0,0,0,0,0.451127819548872,0,0,0,0,0,0,0,0,0,0,0,0,0,0,0,0,0,0,0,0,0,0,0,0,0,0,0.0075187969924812,0,0.112781954887218,0,0.428571428571429,0,0
"000292.java",0,0.00408163265306122,0,0.00408163265306122,0,0,0,0,0,0.0122448979591837,0,0,0,0.0122448979591837,0,0,0.530612244897959,0,0,0,0,0,0,0,0,0,0,0,0,0,0,0.0122448979591837,0,0,0,0,0,0,0,0,0,0,0,0,0,0.0408163265306122,0,0.383673469387755,0,0
"000293.java",0,0,0,0,0,0,0,0,0,0,0,0.00719424460431655,0.0215827338129496,0,0,0,0.690647482014389,0,0,0,0,0,0,0,0.00719424460431655,0,0,0,0.0143884892086331,0.00719424460431655,0,0,0,0.0143884892086331,0,0,0,0.194244604316547,0,0.00719424460431655,0,0,0,0,0,0.0215827338129496,0,0.0143884892086331,0,0
"000294.java",0,0,0,0,0,0,0,0,0,0.7745565515926,0.000190730497806599,0,0,0,0,0.00324241846271219,0,0,0,0,0,0,0,0,0.000381460995613199,0,0.00686629792103757,0,0.00324241846271219,0,0.00858287240129697,0,0,0,0.00953652489032996,0,0,0.142094220865916,0,0.000190730497806599,0,0,0,0,0,0,0,0.0511157734121686,0,0
"000295.java",0.03,0,0,0.002,0,0,0,0.002,0,0.726,0,0,0,0,0,0,0,0,0.001,0,0,0,0,0,0,0,0,0,0,0,0,0,0,0,0,0,0,0.199,0,0,0.04,0,0,0,0,0,0,0,0,0
"000300.java",0.000296912114014252,0,0,0,0,0,0.000296912114014252,0,0,0.0279097387173397,0,0.00118764845605701,0,0,0,0,0,0,0,0,0,0,0,0,0,0,0,0,0.777315914489311,0,0,0,0.000296912114014252,0,0,0,0,0.108372921615202,0,0,0,0,0,0,0,0,0,0.0843230403800475,0,0
"000305.java",0,0,0,0,0.000328191663931736,0,0,0.00295372497538563,0,0,0,0,0,0.0203478831637676,0,0,0,0,0.00131276665572694,0,0.818838201509682,0.000328191663931736,0,0,0,0.000656383327863472,0,0,0,0,0,0,0.000656383327863472,0,0,0,0.000656383327863472,0,0,0,0.0170659665244503,0,0,0,0,0,0,0.136855923859534,0,0
"000306.java",0,0,0,0,0,0.0301507537688442,0,0.738693467336683,0,0,0,0,0,0,0,0,0,0,0,0,0.0150753768844221,0,0.0150753768844221,0,0,0.0653266331658292,0,0,0,0,0,0.100502512562814,0,0,0,0,0.0201005025125628,0,0,0,0.0100502512562814,0,0,0,0,0.0050251256281407,0,0,0,0
"000364.java",0,0,0,0,0,0,0,0.393939393939394,0,0,0,0,0.166666666666667,0,0,0,0.287878787878788,0,0,0,0,0.0303030303030303,0,0,0,0,0,0,0,0,0,0,0,0,0,0,0,0,0,0,0.121212121212121,0,0,0,0,0,0,0,0,0
"000367.java",0,0,0,0,0,0.0592255125284738,0,0.000569476082004556,0,0,0.000569476082004556,0,0,0,0,0,0,0.00227790432801822,0,0,0,0,0,0,0,0,0,0,0,0.000569476082004556,0,0,0.874715261958998,0,0,0,0,0.00968109339407745,0,0,0,0,0.000569476082004556,0,0,0,0,0.0518223234624146,0,0
"000377.java",0,0,0,0,0,0,0,0.262626262626263,0,0,0,0,0,0,0,0,0,0,0,0,0.272727272727273,0,0,0,0,0,0,0,0,0,0,0,0,0,0,0,0.0303030303030303,0.434343434343434,0,0,0,0,0,0,0,0,0,0,0,0
"000379.java",0,0,0,0,0.00546448087431694,0,0,0.814207650273224,0,0,0,0,0,0,0,0,0,0,0,0,0,0,0,0,0,0,0,0,0,0,0,0.0163934426229508,0.00546448087431694,0,0,0,0,0,0,0,0.14207650273224,0,0,0,0,0,0.0163934426229508,0,0,0
"000463.java",0,0,0,0,0.00065359477124183,0.00196078431372549,0,0,0,0,0,0,0,0,0.00065359477124183,0,0.211111111111111,0,0,0,0,0,0,0,0,0,0,0,0.00065359477124183,0,0,0,0,0.705228758169935,0,0,0,0,0,0,0,0,0,0,0,0,0,0.0797385620915033,0,0
"000481.java",0.0575539568345324,0,0,0,0,0.115107913669065,0,0,0.237410071942446,0,0,0,0,0,0,0,0,0,0,0,0,0,0,0,0,0,0,0,0,0,0,0,0,0.0647482014388489,0,0,0,0.0215827338129496,0,0,0.359712230215827,0,0,0,0,0.0215827338129496,0,0.122302158273381,0,0
"000482.java",0,0,0,0,0,0,0,0.00275482093663912,0.0440771349862259,0,0,0.00826446280991736,0,0,0,0,0,0,0,0,0,0.00275482093663912,0,0,0,0,0,0.0523415977961433,0,0,0,0.0137741046831956,0,0.0853994490358127,0,0,0,0.0247933884297521,0,0,0.765840220385675,0,0,0,0,0,0,0,0,0
"000488.java",0,0,0,0,0,0,0,0,0,0,0,0,0,0.0133996937212864,0,0,0,0,0,0,0,0,0,0,0,0.677258805513017,0.00172281776416539,0,0,0,0,0,0.0338820826952527,0,0,0,0,0.067572741194487,0,0,0.000191424196018377,0,0.00057427258805513,0,0.000191424196018377,0,0,0.2052067381317,0,0
"000489.java",0.0277777777777778,0,0,0,0,0.0833333333333333,0,0.305555555555556,0,0,0,0,0.472222222222222,0,0,0,0,0,0,0,0,0,0,0,0,0,0,0,0,0,0,0.0277777777777778,0,0,0,0,0,0,0,0.0833333333333333,0,0,0,0,0,0,0,0,0,0
"000490.java",0,0,0.371490280777538,0,0,0,0,0,0,0,0,0,0,0,0,0,0,0,0,0,0,0,0,0,0,0,0.00431965442764579,0,0,0,0,0,0,0,0,0,0,0.00215982721382289,0,0,0,0,0.00431965442764579,0,0,0,0,0.617710583153348,0,0
"000491.java",0,0.00437636761487965,0,0.00218818380743982,0,0,0,0.0678336980306346,0,0,0,0,0.321663019693654,0,0,0,0.0328227571115974,0,0,0,0,0,0,0,0,0,0,0,0,0,0.00218818380743982,0,0,0,0.00218818380743982,0,0.0153172866520788,0.00437636761487965,0,0,0.240700218818381,0,0,0,0,0,0,0.306345733041575,0,0
