"V1","V2","V3","V4","V5","V6","V7","V8","V9","V10","V11","V12","V13","V14","V15","V16","V17","V18","V19","V20","V21","V22","V23","V24","V25","V26","V27","V28","V29","V30","V31","V32","V33","V34","V35","V36","V37","V38","V39","V40","V41","V42","V43","V44","V45","V46","V47","V48","V49","V50"
"000001.java",0,0,0.00218818380743982,0,0,0,0,0,0,0,0,0,0,0,0,0.00218818380743982,0.0087527352297593,0,0.0131291028446389,0.575492341356674,0,0.00656455142231947,0,0,0,0,0,0.0087527352297593,0,0,0,0,0,0,0,0,0,0.0809628008752735,0,0,0.00437636761487965,0.00218818380743982,0.275711159737418,0,0,0.0196936542669584,0,0,0,0
"000002.java",0,0,0,0,0,0,0,0,0.176470588235294,0,0,0,0,0,0,0,0,0,0.00122549019607843,0.723039215686274,0,0,0.00367647058823529,0,0,0,0,0,0,0,0,0,0,0,0,0,0.00735294117647059,0,0,0,0,0.0147058823529412,0.0477941176470588,0,0.0110294117647059,0,0.0147058823529412,0,0,0
"000003.java",0,0,0,0.000565291124929339,0,0,0,0,0,0,0.000565291124929339,0,0,0,0,0,0.000565291124929339,0,0.0107405313736574,0.84624081401922,0.00226116449971735,0,0,0,0,0.000565291124929339,0.0994912379875636,0,0,0,0,0,0,0,0,0,0.0214810627473149,0.0169587337478802,0,0,0.000565291124929339,0,0,0,0,0,0,0,0,0
"000004.java",0,0,0,0,0,0,0,0,0.105960264900662,0,0,0,0,0,0,0,0,0,0,0,0,0,0,0.0033112582781457,0,0,0,0,0,0.0033112582781457,0,0,0,0,0,0,0,0,0,0,0.0993377483443709,0,0.533112582781457,0,0,0.254966887417219,0,0,0,0
"000005.java",0,0,0,0.0220264317180617,0,0,0,0,0,0,0,0,0,0,0.039647577092511,0,0,0,0,0,0,0,0.00881057268722467,0,0,0,0,0,0,0,0,0,0.0220264317180617,0,0,0,0.00881057268722467,0,0,0.00440528634361234,0,0,0.466960352422908,0,0,0,0,0.00881057268722467,0,0.418502202643172
"000006.java",0,0,0,0,0,0,0,0,0,0,0.00809716599190283,0.0161943319838057,0.00404858299595142,0,0,0,0,0,0,0,0.00809716599190283,0,0,0,0,0.00809716599190283,0,0,0,0,0,0,0,0.00404858299595142,0,0,0,0,0,0,0,0,0.659919028340081,0,0,0,0,0.283400809716599,0.00809716599190283,0
"000019.java",0,0,0,0,0,0,0,0,0.292079207920792,0,0,0,0.178217821782178,0,0,0,0,0,0,0,0,0,0,0,0,0,0.113861386138614,0,0,0,0,0.0099009900990099,0,0,0,0,0,0,0,0,0,0,0.405940594059406,0,0,0,0,0,0,0
"000020.java",0.153333333333333,0,0,0,0,0,0,0,0.09,0.0433333333333333,0,0,0.0633333333333333,0,0.00333333333333333,0,0,0,0,0.00333333333333333,0,0,0,0,0,0,0,0,0,0,0,0,0,0.00333333333333333,0,0.00333333333333333,0,0,0,0,0.04,0,0.596666666666667,0,0,0,0,0,0,0
"000021.java",0,0,0,0.0536585365853659,0,0,0,0,0.258536585365854,0,0,0,0.151219512195122,0.0048780487804878,0,0,0,0,0,0,0,0,0,0,0,0,0.2,0,0,0,0,0,0,0,0,0,0,0,0,0,0,0,0.331707317073171,0,0,0,0,0,0,0
"000024.java",0,0,0,0,0,0,0,0,0.142599277978339,0.042719614921781,0,0.391696750902527,0.00120336943441637,0,0,0,0.000601684717208183,0,0,0,0,0,0.0174488567990373,0.0956678700361011,0,0,0,0.201564380264741,0,0,0,0,0,0.000601684717208183,0,0,0,0.104693140794224,0.000601684717208183,0,0,0,0,0.000601684717208183,0,0,0,0,0,0
"000026.java",0,0.0133481646273637,0,0,0,0,0.0166852057842047,0,0.209121245828699,0,0,0,0,0,0,0,0,0,0,0,0.00889877641824249,0,0.00111234705228031,0,0,0,0.00889877641824249,0,0,0,0,0,0,0,0.0389321468298109,0,0,0,0,0,0.304783092324805,0,0.394883203559511,0,0.00111234705228031,0.00222469410456062,0,0,0,0
"000027.java",0,0,0,0,0,0,0,0,0,0.823369565217391,0,0,0,0,0,0,0,0,0,0,0,0,0,0,0,0.000339673913043478,0.175951086956522,0,0,0,0,0,0.000169836956521739,0,0,0,0,0,0,0,0,0,0,0,0.000169836956521739,0,0,0,0,0
"000031.java",0,0,0.924513372369046,0,0.000158252888115208,0,0,0,0,0.000474758664345624,0,0,0,0,0,0,0,0,0.000158252888115208,0,0,0,0,0,0,0,0.0715303054280741,0,0,0.000474758664345624,0,0,0,0,0,0,0,0,0,0,0,0,0.00253204620984333,0,0.000158252888115208,0,0,0,0,0
"000036.java",0,0,0,0.630103595368678,0,0,0,0,0,0,0,0,0,0,0,0,0,0,0,0,0,0.0012187690432663,0,0,0,0,0.305301645338208,0,0,0,0,0,0,0,0,0,0,0,0,0,0,0,0.0633759902498476,0,0,0,0,0,0,0
"000037.java",0,0,0,0.524812030075188,0.00150375939849624,0,0,0,0.0120300751879699,0,0.00150375939849624,0,0,0,0,0,0,0,0,0,0,0,0,0,0,0,0.324812030075188,0.00300751879699248,0,0,0,0,0,0.00150375939849624,0,0,0.00300751879699248,0,0,0,0.0075187969924812,0,0.120300751879699,0,0,0,0,0,0,0
"000041.java",0,0,0,0,0.548169014084507,0.000563380281690141,0,0,0,0,0,0,0,0,0,0,0,0,0,0,0,0,0,0,0,0,0.450140845070423,0,0,0,0,0,0,0,0.000563380281690141,0,0,0,0,0,0,0,0,0,0.000563380281690141,0,0,0,0,0
"000044.java",0.235807860262009,0,0,0.0982532751091703,0,0,0,0,0.183406113537118,0.00218340611353712,0,0,0,0,0,0,0.0152838427947598,0,0,0,0,0,0,0,0,0,0.141921397379913,0,0,0,0,0,0,0.037117903930131,0.00873362445414847,0,0.00655021834061135,0,0,0.00655021834061135,0.0698689956331878,0,0.185589519650655,0.00436681222707424,0,0,0.00218340611353712,0,0.00218340611353712,0
"000045.java",0,0,0,0,0,0.000322216851941357,0,0.00209440953761882,0,0,0,0,0,0,0.000483325277912035,0,0,0,0.000805542129853391,0,0,0,0.000161108425970678,0,0,0,0.060576768164975,0,0.919445787014661,0.000322216851941357,0,0,0,0,0,0,0.000483325277912035,0,0.000161108425970678,0,0,0,0.0151441920412438,0,0,0,0,0,0,0
"000046.java",0,0,0,0,0,0,0,0.0784047133469295,0,0,0,0.000906412871062769,0,0,0,0,0.000226603217765692,0,0,0,0,0,0,0,0,0,0,0,0.838205302515296,0,0,0.0163154316791298,0,0.000906412871062769,0,0,0,0,0,0.000906412871062769,0,0,0.0641287106276909,0,0,0,0,0,0,0
"000060.java",0,0.901495162708883,0,0,0,0,0,0,0,0,0,0,0,0,0,0,0,0,0,0,0,0,0,0,0,0,0.00527704485488127,0,0,0,0,0,0,0,0,0,0,0,0,0,0,0,0.0932277924362357,0,0,0,0,0,0,0
"000063.java",0,0,0,0,0.00261506276150628,0.00104602510460251,0,0,0.0376569037656904,0,0,0,0,0,0,0.00261506276150628,0,0,0.000523012552301255,0,0,0,0,0.615062761506276,0,0,0.281903765690377,0.00209205020920502,0,0,0,0,0,0,0,0,0,0,0,0,0,0,0.0564853556485356,0,0,0,0,0,0,0
"000067.java",0,0,0,0,0,0,0,0,0,0,0.933163963259723,0,0,0,0,0,0,0,0,0,0,0,0,0,0,0,0.012702755520813,0,0,0,0,0,0,0,0,0,0,0,0,0,0.000195427008012507,0,0.052374438147352,0,0,0,0,0,0.00156341606410006,0
"000070.java",0,0,0,0.00162337662337662,0,0.00162337662337662,0,0,0.172077922077922,0,0,0,0.0275974025974026,0,0,0,0,0,0,0.00162337662337662,0,0.0487012987012987,0,0,0,0,0.0211038961038961,0,0.00162337662337662,0,0,0.321428571428571,0,0,0,0,0,0.0698051948051948,0,0,0,0,0.332792207792208,0,0,0,0,0,0,0
"000077.java",0,0.00253807106598985,0,0.00761421319796954,0.00761421319796954,0.00761421319796954,0,0,0.251269035532995,0,0,0,0.0532994923857868,0,0,0,0,0,0.00253807106598985,0,0,0,0,0,0,0,0,0,0,0,0,0,0,0,0,0,0,0,0,0,0,0,0.246192893401015,0,0,0.421319796954315,0,0,0,0
"000082.java",0,0.288235294117647,0,0,0,0,0,0,0,0,0,0,0,0,0,0,0,0.0294117647058824,0,0,0,0,0,0,0,0,0,0,0,0,0.1,0,0.00588235294117647,0,0,0,0,0,0,0,0,0,0.576470588235294,0,0,0,0,0,0,0
"000084.java",0,0,0.00904977375565611,0,0,0,0,0,0,0.0226244343891403,0,0,0,0,0,0,0,0,0,0,0,0.0271493212669683,0.0135746606334842,0,0,0,0.0135746606334842,0,0.0226244343891403,0,0,0,0,0,0,0,0.00452488687782805,0,0,0,0,0,0.683257918552036,0,0,0,0,0.203619909502262,0,0
"000085.java",0.275204359673025,0,0,0,0,0,0,0,0.269754768392371,0,0,0,0,0,0,0,0,0,0,0,0,0.00272479564032698,0,0,0,0,0.108991825613079,0,0,0,0,0.00272479564032698,0,0.00544959128065395,0,0.00272479564032698,0,0.00544959128065395,0,0.00272479564032698,0,0,0.294277929155313,0,0,0,0,0,0.0299727520435967,0
"000096.java",0,0,0,0,0,0,0,0,0,0,0,0,0,0,0,0,0,0,0,0,0.000348675034867503,0,0,0,0,0,0.0857740585774059,0.000697350069735007,0,0.000348675034867503,0,0,0,0.00906555090655509,0,0,0,0.903765690376569,0,0,0,0,0,0,0,0,0,0,0,0
"000102.java",0,0,0,0.0008110300081103,0,0,0.696350364963504,0,0.0105433901054339,0,0,0,0,0,0,0,0,0,0.00145985401459854,0,0,0.0040551500405515,0,0,0,0.00502838605028386,0.0763990267639903,0.00016220600162206,0,0,0,0.013463098134631,0,0,0.00113544201135442,0,0.00032441200324412,0,0,0,0.00665044606650446,0,0.183292781832928,0,0,0,0,0,0,0.00032441200324412
"000108.java",0,0,0.00649350649350649,0.012987012987013,0,0,0,0,0.103896103896104,0,0,0,0.00649350649350649,0,0,0,0,0,0.00649350649350649,0,0,0.025974025974026,0,0.00649350649350649,0,0,0.0909090909090909,0,0.0194805194805195,0,0.012987012987013,0,0,0,0.00649350649350649,0,0,0,0.00649350649350649,0.0779220779220779,0.0649350649350649,0,0.538961038961039,0,0,0,0,0.012987012987013,0,0
"000112.java",0,0.0222222222222222,0,0,0,0,0,0,0,0.0222222222222222,0.0222222222222222,0,0,0,0,0,0,0,0,0,0.288888888888889,0,0.0222222222222222,0,0,0,0,0,0,0,0,0,0,0,0.0888888888888889,0,0,0,0,0.0222222222222222,0,0,0.288888888888889,0,0,0,0,0,0,0.222222222222222
"000114.java",0,0,0.0021551724137931,0,0,0,0,0,0.0452586206896552,0,0,0,0.00323275862068966,0,0,0,0,0,0,0,0,0.00107758620689655,0,0.00107758620689655,0,0,0.0732758620689655,0,0,0,0,0.00538793103448276,0.704741379310345,0.00107758620689655,0,0,0,0,0,0,0,0,0.162715517241379,0,0,0,0,0,0,0
"000118.java",0,0,0.00477326968973747,0,0,0,0,0,0.157517899761337,0,0,0,0,0,0,0,0.00238663484486874,0,0,0,0,0,0,0,0,0,0,0,0.0119331742243437,0,0.00238663484486874,0,0,0.0119331742243437,0,0,0,0,0,0.167064439140811,0.205250596658711,0,0.436754176610979,0,0,0,0,0,0,0
"000119.java",0,0.000957854406130268,0,0,0,0,0,0,0.0603448275862069,0,0,0,0.0268199233716475,0,0,0,0.459770114942529,0.00383141762452107,0,0,0,0,0,0,0,0,0.247126436781609,0,0.000957854406130268,0,0,0,0,0.0114942528735632,0,0,0,0,0,0,0,0,0.0909961685823755,0,0.0977011494252874,0,0,0,0,0
"000121.java",0,0,0,0,0,0.0106951871657754,0,0,0.27807486631016,0,0,0,0,0,0,0.0053475935828877,0,0,0,0,0.053475935828877,0,0,0,0,0,0,0,0,0,0.0213903743315508,0,0,0,0,0,0.363636363636364,0,0,0,0,0,0.267379679144385,0,0,0,0,0,0,0
"000122.java",0,0,0,0,0,0,0.0802624936900555,0,0.00454316002019182,0,0,0,0,0,0.00151438667339727,0,0,0,0,0,0,0,0.000504795557799091,0,0,0,0.207975769813226,0,0,0,0,0,0,0.0504795557799091,0,0.251892983341747,0.00252397778899546,0.137809187279152,0.00201918223119637,0,0,0,0.134275618374558,0,0,0,0.00706713780918728,0,0.119131751640586,0
"000123.java",0,0,0,0.00288184438040346,0,0,0.0922190201729107,0,0,0,0.00288184438040346,0,0.00576368876080692,0.0461095100864553,0,0.00288184438040346,0,0,0,0,0,0,0,0,0,0,0.0115273775216138,0,0,0,0.0345821325648415,0,0,0,0,0.0230547550432277,0.38328530259366,0,0.00288184438040346,0,0,0,0.39193083573487,0,0,0,0,0,0,0
"000124.java",0,0,0,0,0,0,0.000675219446320054,0,0.00202565833896016,0,0,0.000675219446320054,0,0,0,0,0,0,0,0,0.00135043889264011,0,0,0,0,0,0.229574611748818,0.00135043889264011,0.00202565833896016,0.00337609723160027,0,0,0,0,0,0,0,0.0114787305874409,0,0,0,0,0.0688723835246455,0,0.00810263335584065,0,0.000675219446320054,0,0.669817690749494,0
"000125.java",0,0,0,0.0976744186046512,0,0,0,0,0,0,0,0,0,0,0,0,0,0.00930232558139535,0,0,0,0,0,0,0,0,0.413953488372093,0,0,0,0,0,0.0325581395348837,0.153488372093023,0,0,0.0232558139534884,0.00465116279069767,0,0,0,0,0.265116279069767,0,0,0,0,0,0,0
"000126.java",0,0,0,0,0.00273224043715847,0,0,0.00273224043715847,0,0,0,0,0.00273224043715847,0,0,0,0,0,0,0,0.980874316939891,0,0,0,0,0,0,0,0,0,0,0,0,0,0,0,0,0,0,0,0,0,0.0109289617486339,0,0,0,0,0,0,0
"000127.java",0,0,0,0,0,0,0.000323729362253156,0,0.0657170605373907,0,0.000323729362253156,0,0.00161864681126578,0,0.00226610553577209,0,0,0.000323729362253156,0,0,0.000647458724506313,0,0.00258983489802525,0,0,0,0.171900291356426,0,0,0.000323729362253156,0,0,0,0.0437034639041761,0,0,0,0,0,0,0,0,0,0,0,0,0,0,0.710262220783425,0
"000128.java",0,0,0,0.0032258064516129,0,0,0.00645161290322581,0,0.0548387096774194,0,0,0,0,0,0,0,0,0,0,0,0.629032258064516,0,0,0,0,0,0,0,0,0,0,0,0,0,0,0,0,0,0,0,0,0,0.306451612903226,0,0,0,0,0,0,0
"000130.java",0,0.0226244343891403,0,0,0,0,0,0,0,0,0,0,0,0,0,0,0,0,0,0,0.963800904977376,0.00452488687782805,0,0,0,0,0,0,0,0,0,0,0,0,0,0,0.00904977375565611,0,0,0,0,0,0,0,0,0,0,0,0,0
"000131.java",0,0,0,0,0,0,0,0,0,0,0,0,0,0,0,0,0,0,0,0,0.925,0,0,0,0,0,0,0,0,0,0,0,0,0,0,0,0.075,0,0,0,0,0,0,0,0,0,0,0,0,0
"000132.java",0,0.244897959183673,0,0,0,0,0,0,0,0,0,0,0,0.0204081632653061,0,0,0,0,0,0,0.326530612244898,0,0,0,0,0,0.102040816326531,0,0,0,0,0,0,0,0,0.0408163265306122,0,0,0.0204081632653061,0.224489795918367,0,0,0,0,0,0,0.0204081632653061,0,0,0
"000133.java",0,0,0,0,0,0,0.00342857142857143,0,0,0,0,0,0,0,0,0,0,0,0,0,0.988571428571429,0,0,0,0,0,0,0,0,0,0.00228571428571429,0,0,0.00114285714285714,0.00114285714285714,0.00228571428571429,0.00114285714285714,0,0,0,0,0,0,0,0,0,0,0,0,0
"000134.java",0,0,0,0,0,0,0,0,0,0.00156739811912226,0,0,0,0,0,0,0,0,0,0,0.992163009404389,0,0,0,0,0,0,0.00626959247648903,0,0,0,0,0,0,0,0,0,0,0,0,0,0,0,0,0,0,0,0,0,0
"000135.java",0,0,0,0,0,0,0,0,0,0.0020703933747412,0,0,0,0,0,0,0,0,0,0,0.472049689440994,0,0,0,0,0,0,0,0,0.0289855072463768,0,0,0,0,0,0,0,0.0041407867494824,0.478260869565217,0,0,0,0.0144927536231884,0,0,0,0,0,0,0
"000136.java",0,0,0,0,0,0,0,0,0,0,0,0,0,0,0,0,0,0,0,0,0.978082191780822,0.00273972602739726,0,0,0,0.00547945205479452,0.010958904109589,0,0,0,0,0,0,0,0,0,0,0,0,0,0,0,0,0,0,0.00273972602739726,0,0,0,0
"000149.java",0,0,0,0.000233845194481253,0,0,0,7.79483981604178e-05,0.000935380777925014,0,0,0,0,7.79483981604178e-05,0,0,0,0,0,0,0,0.795073661236262,0,0,0,7.79483981604178e-05,0.188635123548211,0,0.014732247252319,0.000155896796320836,0,0,0,0,0,0,0,0,0,0,0,0,0,0,0,0,0,0,0,0
"000150.java",0.656862745098039,0,0,0,0,0,0,0,0.237745098039216,0,0,0,0,0,0,0,0,0,0,0,0,0,0,0,0,0,0,0.00245098039215686,0,0.0465686274509804,0,0,0,0,0,0,0,0,0,0,0,0,0.0392156862745098,0.00245098039215686,0.0147058823529412,0,0,0,0,0
"000152.java",0,0,0,0,0,0,0.00111607142857143,0,0.9921875,0,0,0,0,0,0,0,0,0,0.00334821428571429,0,0,0,0,0,0,0.00223214285714286,0,0,0,0,0,0,0,0,0,0,0,0.00111607142857143,0,0,0,0,0,0,0,0,0,0,0,0
"000155.java",0,0,0,0,0.00467836257309942,0,0,0,0.116959064327485,0.0736842105263158,0,0,0.0210526315789474,0.0666666666666667,0.00233918128654971,0.309941520467836,0,0,0,0.0198830409356725,0,0,0,0.00116959064327485,0,0.00116959064327485,0.0994152046783626,0,0.00116959064327485,0.0350877192982456,0,0,0,0,0,0,0,0,0.0105263157894737,0,0.0105263157894737,0,0.130994152046784,0,0.0923976608187135,0,0.00233918128654971,0,0,0
"000159.java",0,0,0,0,0,0,0,0,0,0,0,0,0,0.000571102227298686,0.00171330668189606,0,0,0,0,0,0,0,0,0.00228440890919475,0,0,0.112507138777841,0.136493432324386,0,0,0,0,0,0,0,0,0,0,0.000571102227298686,0,0.010850942318675,0.000571102227298686,0.165619645916619,0,0.568246716162193,0.000571102227298686,0,0,0,0
"000160.java",0,0.000734214390602056,0,0,0,0,0,0,0.000734214390602056,0,0,0.000734214390602056,0,0,0,0,0,0,0,0,0,0,0,0,0,0,0.0352422907488987,0,0,0.000734214390602056,0,0,0,0,0,0,0.878854625550661,0,0,0,0,0,0.0814977973568282,0,0,0,0.00146842878120411,0,0,0
"000161.java",0,0,0,0.0177304964539007,0,0,0,0.00354609929078014,0.166666666666667,0,0,0,0.134751773049645,0,0.00354609929078014,0,0,0,0,0,0,0,0,0,0,0.00354609929078014,0,0,0,0,0,0,0.00354609929078014,0,0,0,0,0,0,0.0460992907801418,0,0.00354609929078014,0.617021276595745,0,0,0,0,0,0,0
"000162.java",0,0,0,0,0,0,0.0447470817120623,0,0.00389105058365759,0,0,0,0.0875486381322957,0.0155642023346304,0.0175097276264591,0,0,0,0,0,0,0,0,0,0,0,0.221789883268482,0,0,0,0,0.00194552529182879,0,0,0,0,0.206225680933852,0,0,0,0,0,0.398832684824903,0,0,0,0,0,0,0.00194552529182879
"000163.java",0,0,0,0,0,0,0.0145161290322581,0,0,0,0,0,0.0467741935483871,0,0,0,0,0,0,0,0,0,0,0,0,0,0.1,0,0.0209677419354839,0,0,0,0,0,0,0,0,0,0,0,0,0,0.353225806451613,0,0,0.464516129032258,0,0,0,0
"000164.java",0,0,0.00066423115244105,0,0,0,0,0,0.0567917635337097,0.0391896379940219,0,0,0.0282298239787446,0.537363002324809,0,0.000332115576220525,0,0,0,0.000332115576220525,0,0,0.00863500498173364,0,0,0,0.152108933909,0,0,0,0,0.0481567585519761,0,0,0,0,0,0.0215875124543341,0,0,0.000332115576220525,0.000332115576220525,0.105944868814347,0,0,0,0,0,0,0
"000165.java",0,0,0,0,0,0,0,0,0,0,0,0.00433369447453954,0,0.0346695557963164,0,0,0,0,0,0,0,0,0,0,0.252437703141928,0,0.0845070422535211,0.00216684723726977,0,0.222101841820152,0,0,0,0,0,0,0,0,0,0,0,0,0.342361863488624,0,0.057421451787649,0,0,0,0,0
"000170.java",0,0.00149925037481259,0,0,0,0,0,0,0.0209895052473763,0,0.00449775112443778,0.0794602698650675,0.190404797601199,0,0,0,0.00149925037481259,0,0,0,0,0,0,0,0.223388305847076,0,0.0509745127436282,0.00899550224887556,0,0,0,0,0,0,0,0,0,0,0,0,0,0.00449775112443778,0.412293853073463,0,0.00149925037481259,0,0,0,0,0
"000171.java",0,0,0.0212044105173876,0,0,0,0,0,0.122985581000848,0.0245971162001696,0,0,0,0.0865139949109415,0,0,0,0,0.504664970313825,0.00169635284139101,0,0,0.0178117048346056,0,0,0.00169635284139101,0,0.000848176420695505,0,0.0245971162001696,0,0,0,0,0,0,0,0.0186598812553011,0.000848176420695505,0,0,0,0.173876166242578,0,0,0,0,0,0,0
"000172.java",0,0,0,0,0,0,0,0,0.0001790670606142,0,8.95335303071e-05,0,0,0,0,0,0,0,0,0,0,0.0041185423941266,0.78234398782344,0,0,0,0.205031784403259,0,0,0,0,0,0,0,0,0,0.0002686005909213,0,0,0,0,0,0.0060882800608828,0,0.0011639358939923,0,0.0007162682424568,0,0,0
"000173.java",0,0,0,0,0.000349711488022382,0,0.00297254764819024,0,0,0,0,0.000174855744011191,0,0,0,0,0,0,0,0,0,0,0,0,0,0,0.026578073089701,0.915894387130617,0,0,0,0,0,0,0,0,0,0,0,0,0,0,0.0540304248994579,0,0,0,0,0,0,0
"000174.java",0.0797687861271676,0,0,0,0,0,0,0,0.16878612716763,0,0,0.0023121387283237,0.0658959537572254,0,0,0,0,0,0,0,0,0,0.0046242774566474,0.00115606936416185,0,0,0.0971098265895954,0,0,0,0,0.252023121387283,0,0.00115606936416185,0,0,0,0.00346820809248555,0,0,0,0,0.316763005780347,0,0.00578034682080925,0.00115606936416185,0,0,0,0
"000175.java",0,0,0,0,0,0,0.00641848523748395,0,0.0648267008985879,0,0,0,0,0,0,0.564826700898588,0,0,0,0,0,0,0,0,0.000641848523748395,0,0.00385109114249037,0,0.00192554557124519,0,0,0,0,0,0,0,0,0,0,0,0.00513478818998716,0,0.352374839537869,0,0,0,0,0,0,0
"000176.java",0,0,0,0,0,0,0.00208333333333333,0,0,0,0,0,0.335416666666667,0,0,0,0,0.00416666666666667,0,0,0.00208333333333333,0,0.08125,0,0.00208333333333333,0,0,0.0604166666666667,0,0,0,0,0,0.025,0,0,0,0,0,0,0,0,0.4875,0,0,0,0,0,0,0
"000177.java",0,0,0,0,0,0,0.00327868852459016,0.00983606557377049,0,0,0,0.173770491803279,0.167213114754098,0,0,0,0,0,0,0,0,0,0,0,0,0,0.00983606557377049,0.0557377049180328,0.00655737704918033,0,0.00327868852459016,0.00327868852459016,0,0.0262295081967213,0,0,0,0,0,0,0,0.00327868852459016,0.537704918032787,0,0,0,0,0,0,0
"000178.java",0,0,0,0,0.0672268907563025,0,0,0,0,0.0798319327731092,0,0,0.130252100840336,0,0,0,0.00420168067226891,0,0.0630252100840336,0,0,0.121848739495798,0,0,0,0,0.138655462184874,0,0,0,0,0,0,0,0,0,0,0,0,0.00420168067226891,0,0,0.390756302521008,0,0,0,0,0,0,0
"000179.java",0,0,0,0,0,0,0,0,0.417777777777778,0.0207407407407407,0,0,0,0,0,0,0,0,0.0207407407407407,0,0,0,0,0,0,0,0.08,0,0,0.459259259259259,0,0,0,0,0,0,0,0,0,0,0,0,0.00148148148148148,0,0,0,0,0,0,0
"000183.java",0,0,0,0,0,0,0,0,0.000707714083510262,0,0,0.596956829440906,0,0,0.00212314225053079,0,0,0,0,0,0,0,0,0,0,0,0.089171974522293,0,0.000353857041755131,0,0,0,0,0.00318471337579618,0,0,0,0,0,0,0.154635527246992,0,0.152512384996461,0,0,0,0,0,0.000353857041755131,0
"000185.java",0,0,0,0,0,0,0.000170212765957447,0,0,0,0,0,0.000170212765957447,0,0.00238297872340426,0,0,0,0,0,0,0.000170212765957447,0,0,0,0,0.0651914893617021,0,0,0,0,0,0,0.883744680851064,0,0,0,0,0,0,0,0,0.0481702127659574,0,0,0,0,0,0,0
"000187.java",0,0.00269541778975741,0,0,0,0.00269541778975741,0.0188679245283019,0,0,0,0,0.22911051212938,0.150943396226415,0.00269541778975741,0,0,0,0,0,0,0,0.00269541778975741,0,0,0,0,0.16711590296496,0,0,0,0,0,0,0,0,0,0,0,0,0,0,0,0.423180592991914,0,0,0,0,0,0,0
"000188.java",0,0,0,0,0,0,0,0,0.0104895104895105,0,0,0,0.0856643356643357,0,0,0,0,0,0.0506993006993007,0,0,0,0,0,0.291958041958042,0,0,0,0,0,0,0,0,0,0,0,0,0,0,0,0,0,0.561188811188811,0,0,0,0,0,0,0
"000189.java",0,0.000710732054015636,0.000710732054015636,0,0,0,0,0,0.000710732054015636,0,0,0.0724946695095949,0,0,0,0.007818052594172,0,0,0,0.00284292821606254,0,0,0,0,0,0,0.0803127221037669,0,0,0,0,0,0,0.0334044065387349,0,0,0,0.0540156361051883,0,0.000710732054015636,0,0,0.746268656716418,0,0,0,0,0,0,0
"000190.java",0,0,0,0,0,0,0,0,0,0,0,0,0.202797202797203,0.248251748251748,0,0,0,0,0.027972027972028,0,0,0,0,0,0,0,0,0,0,0,0,0,0,0,0,0,0,0,0,0,0,0,0.520979020979021,0,0,0,0,0,0,0
"000191.java",0,0,0,0.00171526586620926,0,0,0,0,0,0,0,0,0,0,0,0,0,0,0.862778730703259,0,0,0,0,0,0,0,0.00171526586620926,0.00171526586620926,0,0,0,0,0,0,0,0.00171526586620926,0,0,0,0,0,0,0.128644939965695,0,0,0,0,0,0,0.00171526586620926
"000193.java",0,0,0,0,0,0,0,0,0.0289256198347107,0,0.000317863954227591,0,0,0,0.626509853782581,0.000635727908455181,0.000317863954227591,0,0,0,0,0,0.000317863954227591,0,0,0,0.338525111252384,0,0,0,0,0,0,0,0,0,0,0,0,0,0,0,0.000635727908455181,0,0,0,0.00158931977113795,0,0.00222504767959313,0
"000194.java",0,0.0138888888888889,0,0,0,0.00771604938271605,0,0.0169753086419753,0,0,0.0200617283950617,0,0,0.438271604938272,0.00462962962962963,0,0,0,0,0,0,0.00154320987654321,0,0.00154320987654321,0,0,0.0679012345679012,0,0,0,0.00771604938271605,0.0401234567901235,0,0,0,0,0.121913580246914,0.00154320987654321,0,0,0.029320987654321,0,0.203703703703704,0,0,0.00771604938271605,0.0154320987654321,0,0,0
"000195.java",0,0,0,0,0,0,0.0583401807723911,0,0.210353327855382,0,0,0,0.0410846343467543,0,0.0172555464256368,0.00164338537387017,0,0,0,0,0,0.00246507806080526,0,0,0,0,0.134757600657354,0,0,0,0,0.411668036154478,0,0,0,0,0,0,0,0,0.00328677074774034,0,0.119145439605588,0,0,0,0,0,0,0
"000196.java",0,0,0,0,0,0.0053475935828877,0,0,0.0135746606334842,0,0,0,0.00246812011517894,0.000822706705059646,0,0,0.000822706705059646,0,0.000822706705059646,0,0,0,0,0,0,0,0.081447963800905,0,0,0,0,0.6055121349239,0,0.000411353352529823,0,0,0,0,0,0,0,0.156725627313863,0.129576306046894,0,0,0,0.00205676676264912,0,0.000411353352529823,0
"000197.java",0,0,0.00132802124833997,0.000664010624169987,0,0,0.0132802124833997,0,0,0.00265604249667995,0,0,0.00199203187250996,0,0,0.000664010624169987,0,0,0,0.000664010624169987,0,0,0,0,0,0,0.0936254980079681,0.00332005312084993,0,0.000664010624169987,0.00132802124833997,0,0,0,0,0,0.00332005312084993,0.0285524568393094,0,0,0.000664010624169987,0,0.210491367861886,0,0,0,0.636122177954847,0,0.000664010624169987,0
"000198.java",0,0,0,0,0,0,0.0662251655629139,0,0,0,0,0,0,0,0,0,0,0,0,0,0,0,0,0,0,0,0.0943708609271523,0,0,0,0,0,0,0,0.00165562913907285,0,0.00165562913907285,0,0,0,0.491721854304636,0,0.342715231788079,0,0,0,0,0,0.00165562913907285,0
"000199.java",0,0,0.015625,0,0,0,0,0,0,0,0,0,0.048828125,0,0,0,0,0,0.091796875,0,0,0.10546875,0.046875,0,0,0,0.380859375,0.00390625,0.078125,0.0078125,0,0.12109375,0,0,0,0,0,0,0,0,0,0,0.095703125,0,0,0.00390625,0,0,0,0
"000200.java",0,0,0,0,0.00766283524904215,0,0,0,0,0,0,0,0.203065134099617,0,0.172413793103448,0,0,0,0,0,0,0,0,0,0,0,0.329501915708812,0.00383141762452107,0,0.00383141762452107,0.00383141762452107,0.0114942528735632,0,0,0,0,0,0.0153256704980843,0,0,0,0,0.24904214559387,0,0,0,0,0,0,0
"000201.java",0,0,0.000314070351758794,0,0,0,0,0.631281407035176,0,0,0,0,0,0,0,0,0,0,0,0,0,0.000628140703517588,0.00125628140703518,0,0,0,0.343278894472362,0,0.000942211055276382,0,0,0,0,0,0,0,0,0,0,0,0,0,0.0222989949748744,0,0,0,0,0,0,0
"000202.java",0,0,0,0,0,0,0,0.195488721804511,0,0,0,0,0,0,0,0,0,0,0,0,0,0,0,0,0,0,0.0075187969924812,0,0,0,0,0,0,0,0,0,0,0,0,0,0,0.278195488721804,0.496240601503759,0,0,0.0225563909774436,0,0,0,0
"000225.java",0,0,0,0,0,0,0.00402684563758389,0,0.0778523489932886,0,0,0.00402684563758389,0.0469798657718121,0,0,0,0,0,0,0,0.00402684563758389,0,0,0,0,0,0.0187919463087248,0,0,0.287248322147651,0.0120805369127517,0,0,0,0.185234899328859,0,0,0,0,0,0,0,0.351677852348993,0,0,0,0,0,0.00805369127516779,0
"000226.java",0.0427350427350427,0.179487179487179,0,0,0,0.00427350427350427,0,0,0,0,0,0,0.0769230769230769,0,0,0,0,0,0,0,0.128205128205128,0,0,0,0,0.00427350427350427,0,0.00427350427350427,0,0,0.00854700854700855,0.00427350427350427,0,0,0,0,0,0,0.00854700854700855,0,0,0.0128205128205128,0.517094017094017,0.00854700854700855,0,0,0,0,0,0
"000228.java",0,0.23448275862069,0,0,0,0,0,0,0,0,0,0,0,0,0,0,0,0,0,0,0,0,0,0,0.00689655172413793,0,0,0,0,0,0.124137931034483,0,0,0,0.00689655172413793,0,0.455172413793103,0,0,0,0,0,0.144827586206897,0,0.00689655172413793,0,0,0,0.0206896551724138,0
"000232.java",0,0,0,0,0,0,0,0,0.488106565176023,0,0,0,0,0,0,0,0,0,0,0,0,0,0,0,0,0,0.0209324452901998,0,0,0,0,0,0,0,0.490009514747859,0,0,0,0,0,0,0.000951474785918173,0,0,0,0,0,0,0,0
"000234.java",0,0.00324254215304799,0,0,0,0,0.0110246433203632,0,0.197146562905318,0,0,0,0,0,0,0,0,0,0,0,0,0,0,0,0,0,0,0,0,0,0.000648508430609598,0,0,0,0.723086900129702,0,0,0,0,0,0,0,0.0648508430609598,0,0,0,0,0,0,0
"000236.java",0,0.171821305841924,0,0,0,0,0,0,0.00687285223367698,0.0103092783505155,0,0,0,0,0,0,0,0,0,0.00343642611683849,0,0,0.0171821305841924,0,0,0.0103092783505155,0,0,0,0,0,0,0,0,0.549828178694158,0,0,0,0.0103092783505155,0,0,0,0.219931271477663,0,0,0,0,0,0,0
"000237.java",0,0.119047619047619,0,0,0,0,0,0,0.5,0,0,0,0,0,0,0,0,0,0,0,0,0,0,0,0,0.0606060606060606,0.0476190476190476,0.012987012987013,0.012987012987013,0,0.246753246753247,0,0,0,0,0,0,0,0,0,0,0,0,0,0,0,0,0,0,0
"000247.java",0,0.000982318271119843,0,0,0,0,0,0,0.105108055009823,0,0,0,0,0,0,0,0,0.723968565815324,0,0,0.00196463654223969,0,0.00294695481335953,0,0,0,0.106090373280943,0.00294695481335953,0,0,0,0,0.00589390962671906,0,0,0,0,0,0,0,0,0,0.050098231827112,0,0,0,0,0,0,0
"000248.java",0.3451536643026,0,0,0,0,0,0,0,0.177304964539007,0,0,0,0,0,0,0,0,0,0,0,0.00236406619385343,0,0,0,0,0.0236406619385343,0.208037825059102,0,0,0,0.00236406619385343,0,0,0,0,0,0,0,0,0,0,0.00236406619385343,0.238770685579196,0,0,0,0,0,0,0
"000286.java",0,0.00695652173913044,0,0,0,0,0,0,0.262608695652174,0.00173913043478261,0,0,0,0,0,0,0,0,0,0.00173913043478261,0,0,0,0,0.507826086956522,0,0.0573913043478261,0.00173913043478261,0,0,0.151304347826087,0,0,0,0,0,0.00869565217391304,0,0,0,0,0,0,0,0,0,0,0,0,0
"000287.java",0,0,0,0,0,0,0,0,0.108527131782946,0,0,0,0,0,0,0,0,0,0,0,0,0,0,0,0.0775193798449612,0,0,0,0,0,0.550387596899225,0,0,0,0,0,0,0.00775193798449612,0,0.00775193798449612,0,0,0.248062015503876,0,0,0,0,0,0,0
"000288.java",0,0,0,0,0,0,0,0,0,0,0,0,0,0,0,0,0,0,0,0,0.016260162601626,0,0,0,0.040650406504065,0,0.024390243902439,0,0,0,0.59349593495935,0,0,0,0,0,0,0,0,0,0,0,0.32520325203252,0,0,0,0,0,0,0
"000289.java",0,0,0,0,0,0,0,0,0.629901960784314,0,0,0.0196078431372549,0,0.00490196078431373,0,0,0,0,0,0,0,0,0,0.00245098039215686,0.00245098039215686,0,0,0,0.00245098039215686,0,0.259803921568627,0,0.00245098039215686,0.00735294117647059,0.0490196078431373,0,0,0,0.0196078431372549,0,0,0,0,0,0,0,0,0,0,0
"000290.java",0,0.0182648401826484,0,0,0,0,0,0,0.251141552511416,0,0,0,0,0,0,0.0091324200913242,0,0,0,0,0.0228310502283105,0.0365296803652968,0.0136986301369863,0,0,0,0.0091324200913242,0,0,0,0.634703196347032,0,0,0,0,0,0,0,0,0,0,0.0045662100456621,0,0,0,0,0,0,0,0
"000291.java",0,0,0,0,0.0150375939849624,0,0,0,0.255639097744361,0,0.0150375939849624,0.0075187969924812,0,0,0,0,0,0,0,0,0,0,0,0,0,0,0.105263157894737,0,0,0,0.135338345864662,0,0,0,0.203007518796992,0,0,0,0,0.0150375939849624,0,0,0.24812030075188,0,0,0,0,0,0,0
"000292.java",0.00408163265306122,0,0,0.0530612244897959,0,0,0,0,0.216326530612245,0,0,0,0,0,0,0,0,0,0,0,0,0,0,0,0,0,0.073469387755102,0,0,0,0.273469387755102,0,0,0.036734693877551,0.0530612244897959,0,0.00408163265306122,0,0,0,0,0.0448979591836735,0.240816326530612,0,0,0,0,0,0,0
"000293.java",0,0,0,0,0,0,0,0,0.244604316546763,0,0,0,0,0,0,0,0,0,0,0,0.00719424460431655,0,0,0,0,0.0215827338129496,0,0.00719424460431655,0,0,0.122302158273381,0,0,0,0.0647482014388489,0,0,0,0,0,0,0,0.424460431654676,0,0,0,0,0,0,0.107913669064748
"000294.java",0,0,0,0.000190730497806599,0,0.000190730497806599,0,0,0.0436772839977112,0.000572191493419798,0,0,0,0.000190730497806599,0.00209803547587259,0,0,0,0.000190730497806599,0,0,0,0,0,0,0,0.0911691779515545,0,0,0,0,0.0457753194735838,0,0,0,0,0,0,0,0.000381460995613199,0,0.815372878123212,0,0,0,0.000190730497806599,0,0,0,0
"000295.java",0,0,0,0,0,0,0,0,0,0,0.019,0,0,0,0,0,0,0,0,0.001,0,0,0,0,0,0,0,0,0,0,0,0,0,0,0,0,0,0,0,0,0,0.801,0.179,0,0,0,0,0,0,0
"000300.java",0,0,0,0.00178147268408551,0,0.81353919239905,0,0,0.0092042755344418,0,0,0,0,0,0.000296912114014252,0,0,0,0,0,0,0,0,0,0,0,0.102434679334917,0,0,0,0,0.000890736342042755,0.000296912114014252,0,0,0,0,0.000890736342042755,0,0,0,0.00148456057007126,0.0685866983372922,0,0.000593824228028504,0,0,0,0,0
"000305.java",0,0.00459468329504431,0,0,0,0,0,0,0.0223170331473581,0,0,0,0.000328191663931736,0,0,0.000984574991795208,0,0,0,0,0,0,0,0,0,0.844437151296357,0,0,0,0,0,0,0,0.000328191663931736,0,0,0.00951755825402035,0.000656383327863472,0,0,0,0,0.116508040695766,0,0,0,0,0,0,0.000328191663931736
"000306.java",0,0,0,0,0,0,0,0.0050251256281407,0,0,0,0,0,0,0,0,0,0,0,0,0.618090452261307,0,0,0,0,0,0,0,0,0.0251256281407035,0,0,0,0,0,0,0,0,0,0,0,0.0050251256281407,0,0,0,0,0,0,0,0.346733668341709
"000364.java",0,0,0,0,0.106060606060606,0,0,0,0.166666666666667,0,0,0,0,0,0,0,0,0,0,0,0.439393939393939,0,0,0,0,0,0,0,0,0,0,0,0.0151515151515152,0,0,0,0.196969696969697,0.0151515151515152,0,0,0,0,0,0.0454545454545455,0,0.0151515151515152,0,0,0,0
"000367.java",0,0,0,0,0,0,0,0,0.000569476082004556,0.000569476082004556,0,0,0.00170842824601367,0,0,0,0,0,0.00170842824601367,0,0,0,0,0,0,0,0.0125284738041002,0,0,0.67369020501139,0,0,0,0,0,0,0,0,0,0,0,0,0.308086560364465,0,0.00113895216400911,0,0,0,0,0
"000377.java",0,0,0,0,0,0,0,0,0,0,0,0,0,0,0,0,0,0,0,0,0.323232323232323,0,0,0,0,0.282828282828283,0,0,0,0,0,0.0101010101010101,0,0,0,0,0,0,0,0,0,0,0.383838383838384,0,0,0,0,0,0,0
"000379.java",0,0.0273224043715847,0,0,0,0,0,0,0,0,0,0,0,0,0,0,0,0,0,0,0.759562841530055,0,0,0,0,0.00546448087431694,0,0,0,0,0.0218579234972678,0,0,0,0,0,0,0,0.00546448087431694,0.00546448087431694,0,0,0.174863387978142,0,0,0,0,0,0,0
"000463.java",0,0.00130718954248366,0,0,0,0,0,0,0.259477124183007,0,0,0,0.00130718954248366,0,0.00588235294117647,0,0.00065359477124183,0,0,0,0,0,0,0,0,0,0.00065359477124183,0.00588235294117647,0,0,0.723529411764706,0,0,0,0.00065359477124183,0,0,0,0,0,0,0,0,0,0,0,0,0.00065359477124183,0,0
"000481.java",0,0.338129496402878,0,0.00719424460431655,0,0,0,0,0,0,0,0,0,0,0,0,0,0,0,0.00719424460431655,0,0,0,0,0,0.0503597122302158,0,0,0,0,0.122302158273381,0,0,0,0,0,0,0,0.0143884892086331,0,0.00719424460431655,0,0.453237410071942,0,0,0,0,0,0,0
"000482.java",0,0,0,0,0.00275482093663912,0,0,0,0,0,0,0,0,0,0,0,0,0,0,0,0,0,0,0,0.00275482093663912,0,0,0,0,0,0.110192837465565,0,0,0.00550964187327824,0,0,0.663911845730028,0,0,0,0.0303030303030303,0,0.181818181818182,0,0,0,0.00275482093663912,0,0,0
"000488.java",0,0,0,0,0,0,0,0,0.0878637059724349,0.000382848392036753,0,0,0.0440275650842266,0.000191424196018377,0,0,0,0,0.000191424196018377,0,0,0,0.0153139356814701,0.000191424196018377,0,0,0.177641653905054,0,0,0,0.000191424196018377,0,0,0.000191424196018377,0,0,0,0,0,0,0.00057427258805513,0,0.0292879019908116,0,0.643950995405819,0,0,0,0,0
"000489.java",0,0.222222222222222,0,0,0,0,0,0,0,0,0,0,0,0,0,0,0,0,0.0277777777777778,0,0,0.0277777777777778,0,0,0,0,0,0,0,0,0.0277777777777778,0,0,0,0,0,0,0,0,0,0,0,0,0,0,0.0277777777777778,0,0,0,0.666666666666667
"000490.java",0,0,0,0,0,0,0,0,0.185745140388769,0,0,0,0,0,0,0,0,0,0,0,0,0.00215982721382289,0,0.00431965442764579,0,0,0.133909287257019,0,0,0,0,0,0,0.0107991360691145,0,0.362850971922246,0,0,0,0,0,0,0.300215982721382,0,0,0,0,0,0,0
"000491.java",0,0,0,0.00218818380743982,0,0,0,0.00218818380743982,0.109409190371991,0,0,0,0,0,0,0,0,0,0,0,0.0547045951859956,0,0,0,0,0,0.111597374179431,0,0,0,0,0,0,0,0,0,0.216630196936543,0,0,0.345733041575492,0,0,0.157549234135667,0,0,0,0,0,0,0
