"V1","V2","V3","V4","V5","V6","V7","V8","V9","V10","V11","V12","V13","V14","V15","V16","V17","V18","V19","V20","V21","V22","V23","V24","V25","V26","V27","V28","V29","V30","V31","V32","V33","V34","V35","V36","V37","V38","V39","V40","V41","V42","V43","V44","V45","V46","V47","V48","V49","V50"
"000001.java",0,0.00218818380743982,0,0,0,0,0,0,0,0,0,0,0,0,0,0,0,0,0,0,0.137855579868709,0,0.105032822757112,0,0,0.00218818380743982,0.00218818380743982,0,0,0,0.00218818380743982,0,0,0,0,0,0,0,0,0,0.00218818380743982,0,0.050328227571116,0,0,0,0,0.566739606126915,0.12910284463895,0
"000002.java",0.00490196078431373,0.107843137254902,0,0,0,0,0,0,0,0,0,0.00122549019607843,0,0,0,0,0,0,0,0,0.0808823529411765,0.00612745098039216,0.00122549019607843,0,0.00122549019607843,0.00857843137254902,0,0.00980392156862745,0.00122549019607843,0.00735294117647059,0,0.00122549019607843,0,0,0,0.00122549019607843,0.00122549019607843,0.00122549019607843,0.0147058823529412,0,0,0.0110294117647059,0.00245098039215686,0.00490196078431373,0,0,0,0.723039215686274,0,0.00857843137254902
"000003.java",0,0,0,0,0.000565291124929339,0,0,0,0,0,0,0.000565291124929339,0,0,0,0.00621820237422272,0,0,0.00169587337478802,0,0.0503109101187111,0,0.00282645562464669,0,0,0,0,0.0107405313736574,0,0.000565291124929339,0,0,0,0.00113058224985868,0,0,0,0,0.00621820237422272,0,0,0,0,0.000565291124929339,0,0,0.0107405313736574,0.888072357263991,0.0197851893725269,0
"000004.java",0,0,0,0,0,0,0,0,0,0,0,0.0033112582781457,0,0,0.00662251655629139,0,0,0,0.231788079470199,0,0.427152317880795,0.149006622516556,0.0397350993377483,0,0,0,0,0.0033112582781457,0,0,0,0,0,0,0,0,0,0,0.00662251655629139,0,0,0.0993377483443709,0.0231788079470199,0,0,0,0,0.00993377483443709,0,0
"000005.java",0,0,0,0,0,0.0220264317180617,0,0,0,0,0.0352422907488987,0,0,0,0.0220264317180617,0.00440528634361234,0.0616740088105727,0,0,0,0.268722466960352,0.0704845814977974,0,0,0,0,0,0.484581497797357,0,0,0.00440528634361234,0.00440528634361234,0,0,0,0,0,0,0.00881057268722467,0,0,0,0.013215859030837,0,0,0,0,0,0,0
"000006.java",0.00809716599190283,0,0.0161943319838057,0,0,0,0,0,0,0,0,0,0,0,0.0283400809716599,0.0121457489878543,0,0,0,0,0.700404858299595,0.0121457489878543,0,0.0364372469635627,0,0,0.00404858299595142,0,0.0121457489878543,0,0,0,0,0.00404858299595142,0,0,0,0,0.00809716599190283,0,0,0.0364372469635627,0.00404858299595142,0,0.00404858299595142,0,0,0,0,0.11336032388664
"000019.java",0,0,0,0.00495049504950495,0,0,0,0,0,0,0.00495049504950495,0,0,0,0,0,0,0,0,0,0.183168316831683,0.361386138613861,0.440594059405941,0,0,0,0,0.00495049504950495,0,0,0,0,0,0,0,0,0,0,0,0,0,0,0,0,0,0,0,0,0,0
"000020.java",0.00333333333333333,0,0.00666666666666667,0,0,0,0,0.00333333333333333,0,0.00333333333333333,0.00666666666666667,0,0,0,0,0,0,0,0.0266666666666667,0,0.236666666666667,0.173333333333333,0.293333333333333,0,0.206666666666667,0,0,0,0,0,0,0.0133333333333333,0,0,0,0.00333333333333333,0,0,0,0,0,0,0,0,0,0.00666666666666667,0.0166666666666667,0,0,0
"000021.java",0,0.0634146341463415,0,0,0,0.0585365853658537,0,0,0,0,0,0,0,0,0,0,0,0.0048780487804878,0,0,0,0.395121951219512,0.463414634146341,0,0,0,0,0,0,0,0.0048780487804878,0,0,0.0048780487804878,0,0,0,0,0,0,0,0,0,0,0,0.0048780487804878,0,0,0,0
"000024.java",0,0,0,0,0,0,0,0.000601684717208183,0,0,0,0.000601684717208183,0,0.0469314079422383,0,0.778580024067389,0.000601684717208183,0.000601684717208183,0,0,0.146209386281588,0.00541516245487365,0.0156438026474128,0,0,0,0,0,0,0,0,0.000601684717208183,0,0,0.000601684717208183,0,0,0,0,0,0,0.000601684717208183,0,0,0,0.000601684717208183,0.000601684717208183,0,0.00180505415162455,0
"000026.java",0.0155728587319244,0.155728587319244,0,0,0,0,0,0,0,0,0,0,0.00111234705228031,0.00111234705228031,0,0,0.00111234705228031,0,0.327030033370412,0,0.491657397107898,0,0,0,0,0,0.00444938820912125,0,0,0,0,0,0,0,0,0,0.00111234705228031,0,0,0,0,0,0,0.00111234705228031,0,0,0,0,0,0
"000027.java",0,0,0,0,0,0,0,0,0,0,0,0,0.000509510869565217,0,0,0,0,0.000169836956521739,0.000169836956521739,0,0.0589334239130435,0,0,0,0,0,0,0,0,0,0,0,0,0.000169836956521739,0,0,0,0,0,0,0,0,0,0,0,0.0502717391304348,0.889775815217391,0,0,0
"000031.java",0,0,0,0,0,0,0,0,0,0,0,0,0,0,0,0,0,0,0,0,0.0441525557841431,0.0117107137205254,0,0,0,0,0,0,0,0,0,0,0,0,0,0,0.942079442949834,0,0,0,0,0.000316505776230416,0,0,0,0,0,0,0,0.00174078176926729
"000036.java",0,0,0,0,0,0.600853138330286,0,0,0,0,0,0,0,0,0.00548446069469835,0,0,0,0,0,0.184034125533211,0.208409506398537,0.000609384521633151,0,0,0,0,0,0,0,0,0,0,0,0,0,0,0,0,0,0,0.000609384521633151,0,0,0,0,0,0,0,0
"000037.java",0,0,0.00150375939849624,0,0,0.535338345864662,0,0,0,0,0,0,0.00451127819548872,0,0,0,0.00300751879699248,0,0,0,0.315789473684211,0.130827067669173,0,0,0,0,0,0,0,0,0.00150375939849624,0.00150375939849624,0,0,0,0,0,0,0,0,0.00300751879699248,0,0,0,0,0.00150375939849624,0.00150375939849624,0,0,0
"000041.java",0,0,0,0,0.00112676056338028,0,0,0,0,0,0,0,0,0,0,0,0,0,0,0,0.124507042253521,0.00169014084507042,0,0,0,0,0,0,0,0,0,0,0,0,0,0,0.000563380281690141,0,0,0,0,0.872112676056338,0,0,0,0,0,0,0,0
"000044.java",0,0.0305676855895196,0.00436681222707424,0,0,0.0174672489082969,0,0,0,0,0.0305676855895196,0.00218340611353712,0,0,0,0,0,0,0.229257641921397,0,0.00436681222707424,0.368995633187773,0.281659388646288,0,0,0,0,0,0,0,0,0.0240174672489083,0,0,0,0,0,0,0,0,0,0,0.00436681222707424,0,0,0,0,0,0.00218340611353712,0
"000045.java",0,0,0,0,0.000161108425970678,0,0.000161108425970678,0,0,0,0,0,0.0022555179635895,0,0.00161108425970678,0,0,0,0.000322216851941357,0,0,0.000805542129853391,0.0244884807475431,0,0,0.962622845174803,0,0,0,0.00273884324150153,0,0,0.000322216851941357,0,0.0037054937973256,0,0,0.000322216851941357,0,0,0,0,0,0,0.000483325277912035,0,0,0,0,0
"000046.java",0,0.000226603217765692,0,0,0,0,0.000226603217765692,0,0,0,0,0,0,0,0,0,0,0,0,0,0.000453206435531385,0.00906412871062769,0.0276455925674145,0,0,0.85429413097666,0.00543847722637661,0,0.000226603217765692,0.00317244504871969,0,0.00611828687967369,0.0931339225016995,0,0,0,0,0,0,0,0,0,0,0,0,0,0,0,0,0
"000060.java",0,0.000879507475813544,0,0,0,0,0,0,0,0,0,0,0,0,0,0.000879507475813544,0,0,0,0,0.118733509234828,0,0,0,0,0,0,0,0,0,0,0,0,0,0.000879507475813544,0,0,0,0,0,0,0.000879507475813544,0,0.875109938434477,0,0,0.00175901495162709,0,0.000879507475813544,0
"000063.java",0,0,0.000523012552301255,0,0,0,0,0,0,0,0,0,0,0,0.00104602510460251,0,0,0.589958158995816,0,0,0.161610878661088,0.218096234309623,0,0,0,0,0,0,0,0,0,0,0.00156903765690377,0,0,0,0,0,0,0,0.000523012552301255,0,0.000523012552301255,0,0,0.0261506276150628,0,0,0,0
"000067.java",0,0,0,0,0,0,0,0,0,0,0,0.921829196794997,0,0,0,0,0,0.000977135040062537,0.000390854016025015,0,0,0.0621457885479773,0.0107484854406879,0,0,0,0,0,0,0.0025405511041626,0,0,0,0.000390854016025015,0,0,0,0,0,0,0,0.000586281024037522,0.000390854016025015,0,0,0,0,0,0,0
"000070.java",0,0,0,0,0,0,0.00162337662337662,0,0,0,0,0,0,0,0,0,0.00162337662337662,0,0,0,0.344155844155844,0.180194805194805,0.0162337662337662,0,0,0,0,0.00324675324675325,0,0.0827922077922078,0,0.306818181818182,0,0,0,0,0,0,0,0,0,0,0.00162337662337662,0,0,0,0,0.00974025974025974,0.051948051948052,0
"000077.java",0.0050761421319797,0.0203045685279188,0,0,0.0203045685279188,0,0,0,0,0,0,0,0,0,0.0050761421319797,0,0,0,0.00761421319796954,0,0,0.291878172588832,0.205583756345178,0.00253807106598985,0,0,0.0050761421319797,0,0,0,0,0,0,0.00761421319796954,0.00253807106598985,0,0,0,0,0.362944162436548,0,0.032994923857868,0,0,0,0.0304568527918782,0,0,0,0
"000082.java",0,0,0.0117647058823529,0,0,0,0,0.00588235294117647,0,0.0411764705882353,0,0.00588235294117647,0,0,0,0,0,0,0,0,0.323529411764706,0,0.182352941176471,0,0,0,0.00588235294117647,0,0,0,0,0,0,0,0,0,0,0,0,0,0.217647058823529,0,0,0.194117647058824,0,0,0,0,0,0.0117647058823529
"000084.java",0.00452488687782805,0,0.0226244343891403,0,0,0,0,0.0135746606334842,0,0,0,0,0,0.00452488687782805,0.0316742081447964,0,0,0,0,0,0.751131221719457,0,0,0,0,0,0,0,0,0.0271493212669683,0.0135746606334842,0,0,0,0.081447963800905,0,0,0,0,0,0,0,0,0,0,0,0,0,0.0452488687782805,0.00452488687782805
"000085.java",0,0,0,0,0,0,0,0,0,0,0,0,0,0,0,0,0,0,0,0,0.272479564032698,0.305177111716621,0.0790190735694823,0.0136239782016349,0.310626702997275,0.00817438692098093,0,0,0,0,0.00544959128065395,0,0,0,0,0,0,0,0,0,0,0,0,0,0,0,0.00544959128065395,0,0,0
"000096.java",0,0,0,0,0,0,0,0,0,0,0,0,0.00278940027894003,0,0.000348675034867503,0,0,0,0,0,0.129358437935844,0.0446304044630404,0.000348675034867503,0,0,0,0.000348675034867503,0,0,0.00104602510460251,0,0,0,0,0,0,0,0,0,0,0,0,0,0.000348675034867503,0,0,0,0,0.820781032078103,0
"000102.java",0.843795620437956,0,0,0,0,0.00113544201135442,0.00016220600162206,0,0,0,0,0,0,0.00016220600162206,0.00064882400648824,0.0016220600162206,0,0.00016220600162206,0,0,0,0.0958637469586375,0.0272506082725061,0.00016220600162206,0,0,0.00064882400648824,0,0,0.00113544201135442,0,0.021573398215734,0,0,0,0,0,0.00064882400648824,0.00470397404703974,0,0.00032441200324412,0,0,0,0,0,0,0,0,0
"000108.java",0,0,0,0,0,0,0,0,0,0,0,0,0,0,0,0,0.00649350649350649,0,0.12987012987013,0.012987012987013,0.558441558441558,0.181818181818182,0,0.012987012987013,0,0,0,0,0,0.0194805194805195,0,0,0,0,0,0,0,0,0,0,0.0584415584415584,0,0,0.00649350649350649,0,0.012987012987013,0,0,0,0
"000112.java",0,0,0,0,0,0,0,0.0222222222222222,0,0,0.177777777777778,0,0.0222222222222222,0,0,0,0,0,0,0,0.355555555555556,0,0.0888888888888889,0,0,0,0,0,0,0,0,0,0,0,0,0,0,0,0,0,0,0,0,0,0.311111111111111,0,0,0.0222222222222222,0,0
"000114.java",0,0,0,0,0,0,0,0,0,0,0,0.00969827586206897,0.0441810344827586,0,0.0290948275862069,0,0,0,0,0.00107758620689655,0.172413793103448,0.0161637931034483,0.00323275862068966,0.0484913793103448,0,0,0,0,0,0,0,0.0452586206896552,0,0.591594827586207,0,0,0,0,0.00107758620689655,0,0,0,0,0,0,0.0377155172413793,0,0,0,0
"000118.java",0.00238663484486874,0,0,0,0,0,0,0,0,0,0,0.0143198090692124,0.0405727923627685,0,0,0,0,0,0.331742243436754,0.00238663484486874,0.568019093078759,0,0,0.0238663484486874,0,0,0,0,0,0,0,0,0,0,0,0,0,0,0,0,0.0167064439140811,0,0,0,0,0,0,0,0,0
"000119.java",0,0,0.0574712643678161,0,0,0,0,0,0.295977011494253,0,0,0,0.00862068965517241,0,0,0.0258620689655172,0,0,0,0,0.00383141762452107,0.345785440613027,0.0833333333333333,0,0,0,0,0,0,0,0,0,0,0.0210727969348659,0,0,0,0,0,0,0,0,0,0,0,0,0,0,0.00478927203065134,0.153256704980843
"000121.java",0,0.213903743315508,0,0,0,0,0,0,0,0,0,0,0,0,0,0.0053475935828877,0.053475935828877,0.0053475935828877,0,0,0.25668449197861,0.0160427807486631,0,0,0.0053475935828877,0,0.0267379679144385,0.39572192513369,0,0,0,0,0,0.0053475935828877,0,0,0,0,0.0053475935828877,0.0106951871657754,0,0,0,0,0,0,0,0,0,0
"000122.java",0,0,0,0,0,0,0,0,0.000504795557799091,0,0,0,0,0.01110550227158,0.000504795557799091,0,0,0,0,0,0.191822311963655,0.240282685512367,0,0,0,0,0,0.00100959111559818,0.504795557799091,0,0.02221100454316,0.00100959111559818,0,0,0,0.00100959111559818,0,0,0,0,0,0,0.000504795557799091,0,0,0,0,0.00100959111559818,0.02221100454316,0.00201918223119637
"000123.java",0.0749279538904899,0.00288184438040346,0,0.00576368876080692,0.0518731988472622,0,0,0.00576368876080692,0,0,0,0.00576368876080692,0,0,0,0,0,0,0,0,0.403458213256484,0,0.0547550432276657,0,0,0,0,0.227665706051873,0.0403458213256484,0.00288184438040346,0,0,0,0,0,0.106628242074928,0,0,0,0,0,0.0172910662824208,0,0,0,0,0,0,0,0
"000124.java",0,0,0.012153950033761,0,0,0,0,0.00135043889264011,0,0,0,0,0,0.0114787305874409,0,0.000675219446320054,0,0,0,0,0,0.411208642808913,0.0297096556380824,0.00540175557056043,0,0,0,0,0.000675219446320054,0,0.5050641458474,0,0,0,0.00135043889264011,0,0,0,0,0,0,0,0,0,0,0.00945307224848076,0,0.00202565833896016,0.00472653612424038,0.00472653612424038
"000125.java",0,0,0,0,0,0,0,0,0,0,0,0,0.0790697674418605,0,0,0,0,0,0,0,0,0.720930232558139,0.130232558139535,0,0,0.00465116279069767,0,0,0.00465116279069767,0,0.0558139534883721,0,0,0.00465116279069767,0,0,0,0,0,0,0,0,0,0,0,0,0,0,0,0
"000126.java",0,0,0,0,0,0,0,0,0,0,0,0,0,0,0,0,0.948087431693989,0,0,0,0,0,0.00546448087431694,0.040983606557377,0,0,0,0,0,0,0,0,0.00273224043715847,0,0,0,0,0,0,0,0,0,0,0,0,0,0.00273224043715847,0,0,0
"000127.java",0,0,0.0242797021689867,0,0,0,0,0,0,0.00194237617351894,0.000323729362253156,0,0.0294593719650372,0,0.000647458724506313,0,0,0.000971188086759469,0.000323729362253156,0,0.0152152800258983,0.316607316283587,0.0265458077047588,0,0.000323729362253156,0,0,0,0.000647458724506313,0,0.559404337973454,0,0,0,0,0.000323729362253156,0,0,0,0,0.000323729362253156,0,0,0,0,0.0181288442861768,0.000323729362253156,0.000647458724506313,0,0.00356102298478472
"000128.java",0,0,0.0129032258064516,0,0,0,0,0,0.0032258064516129,0,0,0,0,0,0,0,0.664516129032258,0,0,0,0.312903225806452,0.00645161290322581,0,0,0,0,0,0,0,0,0,0,0,0,0,0,0,0,0,0,0,0,0,0,0,0,0,0,0,0
"000130.java",0.00904977375565611,0,0,0,0,0,0,0,0,0,0,0,0,0,0,0,0.990950226244344,0,0,0,0,0,0,0,0,0,0,0,0,0,0,0,0,0,0,0,0,0,0,0,0,0,0,0,0,0,0,0,0,0
"000131.java",0,0,0,0,0,0,0,0,0,0,0,0,0,0.025,0,0,0.875,0,0,0,0,0.025,0,0,0,0,0,0.025,0,0,0,0,0,0,0,0,0,0.025,0,0,0.025,0,0,0,0,0,0,0,0,0
"000132.java",0,0.0408163265306122,0,0,0,0,0,0,0,0,0,0,0,0,0,0,0.26530612244898,0,0,0,0.0408163265306122,0.122448979591837,0,0,0,0,0,0.0408163265306122,0,0,0,0,0,0.0612244897959184,0,0,0,0,0,0.0204081632653061,0,0,0,0.0408163265306122,0.36734693877551,0,0,0,0,0
"000133.java",0.00114285714285714,0,0,0,0,0,0,0,0,0,0,0,0,0,0,0,0.982857142857143,0,0.00114285714285714,0,0,0,0,0,0,0,0,0,0,0,0,0,0,0,0,0,0.00114285714285714,0,0.00914285714285714,0,0,0,0,0,0,0,0,0,0,0.00457142857142857
"000134.java",0,0,0,0,0,0,0,0,0,0,0,0,0,0.00156739811912226,0,0,0.992163009404389,0,0,0,0,0.00470219435736677,0,0,0,0,0,0,0,0,0,0,0,0,0,0,0,0,0,0,0,0.00156739811912226,0,0,0,0,0,0,0,0
"000135.java",0,0,0.0786749482401656,0,0,0,0.409937888198758,0,0,0,0,0.010351966873706,0,0,0,0,0.494824016563147,0,0,0,0,0,0,0,0,0,0.0020703933747412,0,0,0,0,0,0,0,0,0,0,0,0.0020703933747412,0,0,0,0,0.0020703933747412,0,0,0,0,0,0
"000136.java",0,0,0,0,0,0,0,0,0,0,0,0.00821917808219178,0,0.0219178082191781,0,0,0.942465753424658,0,0.00273972602739726,0,0.0219178082191781,0,0,0.00273972602739726,0,0,0,0,0,0,0,0,0,0,0,0,0,0,0,0,0,0,0,0,0,0,0,0,0,0
"000149.java",0.000389741990802089,0,0,0,0,0,0,0,0,0,0,0,0,0,0,0.000155896796320836,0,0,0,0,0.0452880193312027,0.00475485228778549,0.000155896796320836,0.000311793592641671,0,0.0173045443916128,0,0.000389741990802089,0,0.930781822433549,0,0,0,7.79483981604178e-05,0,0,0,0,0,7.79483981604178e-05,0,0,0,7.79483981604178e-05,0,0,0,0,0.000233845194481253,0
"000150.java",0,0,0.00245098039215686,0,0,0,0,0,0,0.00245098039215686,0,0,0,0,0,0,0,0,0,0,0,0.137254901960784,0.0661764705882353,0.00245098039215686,0.776960784313726,0,0,0,0,0,0,0.00980392156862745,0,0,0,0,0,0,0,0,0,0,0,0,0,0,0,0.00245098039215686,0,0
"000152.java",0,0.902901785714286,0,0,0,0,0.00111607142857143,0,0,0,0,0,0.00334821428571429,0,0,0,0,0,0,0,0.0915178571428571,0,0,0,0,0,0,0,0,0,0,0,0,0,0,0,0,0,0,0,0,0,0,0,0,0,0,0,0,0.00111607142857143
"000155.java",0,0,0.00116959064327485,0,0,0,0.00116959064327485,0,0,0,0,0,0,0,0,0,0,0,0,0.00116959064327485,0.0783625730994152,0.182456140350877,0.0748538011695906,0.00116959064327485,0.471345029239766,0,0,0,0,0.0795321637426901,0,0,0,0,0,0,0,0,0,0,0,0,0,0.0222222222222222,0,0.0725146198830409,0.00467836257309942,0.00935672514619883,0,0
"000159.java",0.000571102227298686,0,0,0,0,0,0,0,0,0,0,0,0,0.0142775556824672,0,0.00571102227298686,0,0,0,0,0.162764134780126,0.0496858937749857,0,0,0,0,0,0,0,0,0,0,0,0.000571102227298686,0.00114220445459737,0,0.00285551113649343,0,0,0,0,0,0,0,0,0,0,0,0,0.762421473443746
"000160.java",0,0.0183553597650514,0,0.000734214390602056,0,0,0,0,0,0,0,0,0,0,0,0,0.000734214390602056,0,0,0,0.079295154185022,0,0,0,0,0,0,0.89647577092511,0,0.00220264317180617,0,0,0,0,0,0,0,0.000734214390602056,0,0,0,0,0,0.000734214390602056,0,0,0,0,0.000734214390602056,0
"000161.java",0,0,0,0,0,0.024822695035461,0,0,0,0,0,0.00354609929078014,0,0,0,0,0,0,0,0,0.585106382978723,0.0709219858156028,0.223404255319149,0,0,0.00709219858156028,0,0.00354609929078014,0,0,0.0815602836879433,0,0,0,0,0,0,0,0,0,0,0,0,0,0,0,0,0,0,0
"000162.java",0.0544747081712062,0,0,0,0.00778210116731518,0,0,0,0.00194552529182879,0,0,0,0,0,0.00389105058365759,0,0.00194552529182879,0.00194552529182879,0.00583657587548638,0,0.468871595330739,0.00583657587548638,0.188715953307393,0.00194552529182879,0,0,0,0.00389105058365759,0,0.00389105058365759,0,0,0.00583657587548638,0,0.00194552529182879,0,0,0.231517509727626,0,0,0,0,0,0,0,0,0.00972762645914397,0,0,0
"000163.java",0.00161290322580645,0,0,0,0,0,0,0,0,0,0,0,0.0032258064516129,0,0,0.00483870967741936,0,0,0,0,0.243548387096774,0.0516129032258065,0.145161290322581,0,0.00161290322580645,0.05,0,0,0,0,0,0,0,0,0,0,0.00161290322580645,0,0,0,0,0.0516129032258065,0.408064516129032,0,0,0.0354838709677419,0,0,0,0.00161290322580645
"000164.java",0.00664231152441049,0.00066423115244105,0.0026569246097642,0,0.580205911657257,0,0,0,0.000332115576220525,0,0,0,0,0,0,0.00066423115244105,0.000332115576220525,0,0.00166057788110262,0,0.144138160079708,0.126203918963799,0.0209232813018931,0.000996346728661574,0,0.0102955828628363,0,0,0,0.00631019594818997,0,0.039853869146463,0,0,0,0,0,0,0,0,0,0,0,0,0,0,0.0574559946861508,0.00066423115244105,0,0
"000165.java",0,0,0.218851570964247,0,0.0260021668472373,0,0,0.00108342361863489,0,0.00866738894907909,0.00216684723726977,0.00541711809317443,0,0,0,0,0,0,0,0,0.28602383531961,0,0.0530877573131094,0,0,0,0,0,0.00108342361863489,0,0.00108342361863489,0,0,0,0,0,0.00216684723726977,0,0,0,0,0,0.0595882990249187,0,0,0.0292524377031419,0,0,0,0.305525460455038
"000170.java",0,0,0,0,0,0,0,0,0,0,0,0,0,0.0149925037481259,0,0,0,0.0314842578710645,0,0.00299850074962519,0.00299850074962519,0.109445277361319,0.614692653673163,0.106446776611694,0,0,0,0,0,0.00299850074962519,0.00899550224887556,0,0,0,0,0,0.0134932533733133,0,0,0.00149925037481259,0,0,0.00599700149925037,0,0,0.00149925037481259,0,0.00149925037481259,0.00599700149925037,0.0749625187406297
"000171.java",0,0,0.087362171331637,0,0,0,0,0,0,0,0,0,0,0,0,0.0636132315521628,0.00254452926208651,0,0,0,0.220525869380831,0.00593723494486853,0.00169635284139101,0,0,0,0,0.00763358778625954,0,0.000848176420695505,0,0,0,0,0,0,0,0,0,0,0,0,0,0,0,0.533502968617472,0,0.00169635284139101,0.0720949957591179,0.00254452926208651
"000172.java",8.95335303071e-05,0.0004476676515355,0.0366192138956039,0,8.95335303071e-05,0.0001790670606142,0,0,0,0,0,0,0,0,0,0,0,0,0,0.0004476676515355,0.0195183096069478,0,0.0050138776971976,0.0001790670606142,0,0,0,0,0,0,8.95335303071e-05,0,0,0,0.936878861133495,0,0,0.0001790670606142,0.0001790670606142,0,0,0,8.95335303071e-05,0,0,0,0,0,0,0
"000173.java",0,0,0,0,0.00139884595208953,0,0,0,0,0,0,0,0,0.93390452876377,0,0,0.000524567232033572,0,0,0,0.0624235006119951,0,0,0.000699422976044763,0.000524567232033572,0,0,0,0,0,0,0,0,0.000349711488022382,0,0,0,0,0,0.000174855744011191,0,0,0,0,0,0,0,0,0,0
"000174.java",0,0,0,0,0.00115606936416185,0.00346820809248555,0,0.0023121387283237,0,0,0,0,0,0.0023121387283237,0,0.00115606936416185,0,0,0,0,0.198843930635838,0.206936416184971,0.21849710982659,0.0115606936416185,0.0346820809248555,0,0,0,0,0,0,0.319075144508671,0,0,0,0,0,0,0,0,0,0,0,0,0,0,0,0,0,0
"000175.java",0,0,0,0,0,0,0,0.528241335044929,0,0,0,0,0,0,0,0,0.000641848523748395,0,0,0,0.403080872913992,0.0641848523748395,0,0,0,0,0.000641848523748395,0,0,0.000641848523748395,0,0.00192554557124519,0,0,0,0,0,0,0,0,0,0,0,0,0,0,0.000641848523748395,0,0,0
"000176.java",0,0,0.08125,0,0,0,0,0,0,0,0,0,0.05,0.05625,0.0104166666666667,0,0,0.00208333333333333,0.00208333333333333,0,0.0125,0.0104166666666667,0.760416666666667,0,0.00208333333333333,0,0,0.00208333333333333,0,0,0.00625,0,0,0,0,0,0,0,0,0,0,0,0,0,0,0,0.00416666666666667,0,0,0
"000177.java",0,0,0,0,0,0.00327868852459016,0,0,0,0,0,0,0.0524590163934426,0.0786885245901639,0,0,0,0,0,0,0,0,0.714754098360656,0.144262295081967,0,0,0,0,0.00327868852459016,0,0,0,0.00327868852459016,0,0,0,0,0,0,0,0,0,0,0,0,0,0,0,0,0
"000178.java",0,0,0,0,0,0,0.00420168067226891,0,0,0,0,0,0,0.0168067226890756,0,0,0,0,0,0,0.264705882352941,0,0.369747899159664,0,0,0,0,0,0,0.218487394957983,0,0,0,0,0,0,0,0,0,0,0,0,0,0,0,0.126050420168067,0,0,0,0
"000179.java",0,0.0103703703703704,0.517037037037037,0,0,0,0,0,0,0,0,0,0,0,0,0.00296296296296296,0.00148148148148148,0,0,0,0.100740740740741,0.22962962962963,0,0,0.0177777777777778,0,0,0,0,0,0,0,0,0,0,0,0,0,0.00592592592592593,0,0.00148148148148148,0,0,0,0,0.112592592592593,0,0,0,0
"000183.java",0,0,0,0,0,0,0,0,0,0,0,0,0,0,0,0,0,0,0,0,0.192498230714791,0,0.000353857041755131,0.788393489030432,0,0,0,0,0,0.0184005661712668,0,0,0,0.000353857041755131,0,0,0,0,0,0,0,0,0,0,0,0,0,0,0,0
"000185.java",0,0,0,0,0,0,0,0,0,0,0,0,0.863829787234043,0.00051063829787234,0.000170212765957447,0,0,0,0,0,0,0.120340425531915,0.0119148936170213,0,0,0,0,0,0,0,0,0,0,0,0,0,0,0,0,0,0,0.000680851063829787,0,0,0,0.0025531914893617,0,0,0,0
"000187.java",0,0,0,0,0,0,0,0,0,0,0,0,0,0,0,0,0,0,0,0,0,0.161725067385445,0.485175202156334,0.331536388140162,0,0,0.00269541778975741,0,0,0,0,0,0,0,0.00269541778975741,0,0,0,0,0,0,0,0.0107816711590297,0,0,0,0,0.00269541778975741,0,0.00269541778975741
"000188.java",0,0.00699300699300699,0.0034965034965035,0,0,0,0,0,0,0,0,0,0,0,0,0,0,0,0.00174825174825175,0,0.241258741258741,0.00874125874125874,0.417832167832168,0,0.00174825174825175,0,0.0122377622377622,0,0,0,0,0,0,0,0.00174825174825175,0,0,0,0.0034965034965035,0,0,0,0.0122377622377622,0,0,0.0576923076923077,0.00524475524475524,0,0,0.225524475524476
"000189.java",0,0,0,0,0,0,0,0.00497512437810945,0,0,0,0,0,0.000710732054015636,0,0,0,0,0,0,0.771144278606965,0.00639658848614072,0,0.0810234541577825,0,0,0,0,0.111584932480455,0.00142146410803127,0,0,0,0,0,0,0,0,0,0,0,0,0,0,0,0,0,0,0.0227434257285004,0
"000190.java",0.00699300699300699,0,0,0,0.22027972027972,0,0.00699300699300699,0,0,0,0,0,0,0.00699300699300699,0,0,0,0,0,0,0.0839160839160839,0,0.555944055944056,0,0,0,0.0034965034965035,0,0,0.0454545454545455,0,0,0,0,0,0,0,0,0,0,0,0.00699300699300699,0.034965034965035,0,0,0.0244755244755245,0.0034965034965035,0,0,0
"000191.java",0,0,0,0,0,0,0.838765008576329,0,0,0,0,0,0,0.0308747855917667,0,0,0,0,0,0,0.109777015437393,0,0,0,0,0,0,0.00171526586620926,0,0,0,0,0,0,0,0,0,0,0,0,0,0,0,0,0,0,0,0,0.0188679245283019,0
"000193.java",0,0.000317863954227591,0,0,0,0,0,0,0,0,0,0,0,0,0.613795295613477,0,0,0,0,0,0.045772409408773,0.315956770502225,0,0,0,0.000317863954227591,0,0,0,0,0,0,0.0152574698029243,0,0.00127145581691036,0,0,0,0,0,0,0,0,0,0,0,0.00731087094723458,0,0,0
"000194.java",0,0,0,0,0.37962962962963,0,0.00617283950617284,0,0,0,0,0,0.00462962962962963,0,0.0123456790123457,0,0,0,0.00308641975308642,0,0.151234567901235,0,0.087962962962963,0.103395061728395,0,0,0,0.177469135802469,0,0,0,0.0246913580246914,0.00154320987654321,0,0,0,0.00154320987654321,0,0,0,0,0.00617283950617284,0.029320987654321,0.0108024691358025,0,0,0,0,0,0
"000195.java",0.0435497124075596,0.0230073952341824,0,0.000821692686935086,0.000821692686935086,0.00164338537387017,0.00164338537387017,0.000821692686935086,0,0,0,0,0,0.00493015612161052,0.0238290879211175,0,0,0,0,0,0.152013147082991,0.312243221035333,0.0320460147904684,0,0,0,0,0.000821692686935086,0,0,0,0.401807723911257,0,0,0,0,0,0,0,0,0,0,0,0,0,0,0,0,0,0
"000196.java",0.000411353352529823,0,0.000411353352529823,0,0,0,0,0,0,0,0,0,0,0,0.00164541341011929,0,0,0,0,0,0.205265322912382,0.0752776635129576,0,0,0,0,0.181406828465652,0,0,0,0,0.529823118058412,0.00493624023035788,0,0,0,0,0,0.000822706705059646,0,0,0,0,0,0,0,0,0,0,0
"000197.java",0.00132802124833997,0,0,0,0,0,0,0,0,0,0,0,0,0,0,0,0,0.00132802124833997,0,0,0.266268260292165,0.0597609561752988,0,0,0,0.000664010624169987,0,0,0,0,0,0,0,0,0,0,0,0,0,0,0,0,0.606241699867198,0,0,0,0,0.000664010624169987,0.0637450199203187,0
"000198.java",0.112582781456954,0,0.0033112582781457,0.00496688741721854,0,0,0,0,0,0,0,0,0,0,0.0033112582781457,0,0,0,0.41887417218543,0,0.45364238410596,0,0,0,0,0,0,0,0,0,0,0,0,0.00165562913907285,0,0,0,0,0,0,0.00165562913907285,0,0,0,0,0,0,0,0,0
"000199.java",0,0,0,0,0,0,0.05078125,0.00390625,0,0,0,0,0,0.01171875,0,0.00390625,0,0,0,0,0,0,0.259765625,0.01171875,0,0.150390625,0.001953125,0.01171875,0,0.29296875,0,0.095703125,0,0,0.10546875,0,0,0,0,0,0,0,0,0,0,0,0,0,0,0
"000200.java",0,0,0,0,0,0,0,0,0,0,0,0,0,0,0.187739463601533,0,0,0,0,0,0,0.172413793103448,0.540229885057471,0,0,0,0,0,0,0.0881226053639847,0,0.00766283524904215,0,0,0,0,0,0,0,0,0,0,0,0,0.00383141762452107,0,0,0,0,0
"000201.java",0.000314070351758794,0.000942211055276382,0,0,0,0.000314070351758794,0.000314070351758794,0,0,0,0,0.000942211055276382,0,0,0,0,0,0,0,0,0.0706658291457286,0.0942211055276382,0.000314070351758794,0.00157035175879397,0,0.000314070351758794,0,0,0,0.00690954773869347,0,0,0.823178391959799,0,0,0,0,0,0,0,0,0,0,0,0,0,0,0,0,0
"000202.java",0,0,0,0,0,0,0,0,0,0,0,0,0,0,0,0,0.0150375939849624,0,0,0,0.0300751879699248,0,0.533834586466165,0,0,0,0.315789473684211,0,0,0,0,0,0.105263157894737,0,0,0,0,0,0,0,0,0,0,0,0,0,0,0,0,0
"000225.java",0.00805369127516779,0.00671140939597315,0.271140939597315,0,0,0,0,0,0,0,0,0,0,0,0.00268456375838926,0.00134228187919463,0,0,0,0,0.222818791946309,0.0429530201342282,0.16241610738255,0,0,0,0,0,0,0,0,0,0,0,0,0.271140939597315,0,0,0,0,0.010738255033557,0,0,0,0,0,0,0,0,0
"000226.java",0,0.00427350427350427,0,0,0,0,0,0,0.00427350427350427,0,0,0,0,0,0,0,0.153846153846154,0,0,0,0.0299145299145299,0,0.585470085470085,0.00427350427350427,0,0,0,0,0,0,0,0,0,0,0,0.0598290598290598,0,0,0,0,0,0,0,0.14957264957265,0,0,0,0,0.00854700854700855,0
"000228.java",0,0,0,0,0,0,0,0,0,0,0,0,0,0,0,0,0,0,0,0.0689655172413793,0.110344827586207,0,0,0,0,0,0,0.606896551724138,0,0.00689655172413793,0,0,0,0,0,0,0,0,0,0,0.186206896551724,0,0.00689655172413793,0.00689655172413793,0,0,0,0,0,0.00689655172413793
"000232.java",0,0.377735490009515,0,0,0,0.00285442435775452,0,0,0,0,0.480494766888677,0,0,0,0,0.000951474785918173,0,0,0,0,0,0.13035204567079,0,0,0,0.00761179828734539,0,0,0,0,0,0,0,0,0,0,0,0,0,0,0,0,0,0,0,0,0,0,0,0
"000234.java",0.0116731517509728,0.0402075226977951,0,0,0,0,0,0,0,0,0.786640726329442,0,0,0,0,0,0,0,0,0.000648508430609598,0.155642023346304,0.00389105058365759,0,0,0,0,0,0,0,0,0,0,0,0,0,0,0,0,0,0.000648508430609598,0,0.000648508430609598,0,0,0,0,0,0,0,0
"000236.java",0,0,0,0,0,0,0,0,0,0.247422680412371,0.47766323024055,0,0,0,0,0.00343642611683849,0,0,0,0,0.147766323024055,0,0.0481099656357388,0,0,0,0,0,0,0,0,0,0,0,0,0.00343642611683849,0,0,0,0,0.0652920962199313,0,0,0,0,0,0.00687285223367698,0,0,0
"000237.java",0,0.441558441558442,0,0,0,0,0,0,0,0.181818181818182,0,0,0,0,0,0,0,0,0,0,0.138528138528139,0.0432900432900433,0,0.00432900432900433,0,0,0,0,0,0,0,0,0,0,0,0,0,0,0.00216450216450216,0,0.177489177489178,0.00216450216450216,0,0.00865800865800866,0,0,0,0,0,0
"000247.java",0,0.000982318271119843,0.00491159135559921,0,0,0,0,0,0.780943025540275,0,0,0,0,0,0,0.000982318271119843,0,0,0,0,0.200392927308448,0,0,0,0.000982318271119843,0,0,0.00196463654223969,0,0.00294695481335953,0,0,0,0,0,0,0,0,0,0,0.00294695481335953,0,0,0,0,0.00294695481335953,0,0,0,0
"000248.java",0,0.0307328605200946,0,0,0,0,0,0.0212765957446809,0.00945626477541371,0,0.297872340425532,0,0,0,0,0,0.00236406619385343,0,0,0,0,0.283687943262411,0.290780141843972,0,0,0,0,0,0,0,0,0,0,0,0,0,0,0,0,0,0.0591016548463357,0,0,0,0,0,0,0,0.00472813238770686,0
"000286.java",0,0.0434782608695652,0.0591304347826087,0.00173913043478261,0,0,0,0,0,0,0,0,0,0,0.00173913043478261,0,0,0,0,0,0.00521739130434783,0.104347826086957,0,0,0,0,0,0,0,0,0,0,0,0,0,0.00347826086956522,0,0,0,0,0.725217391304348,0,0,0,0,0,0,0.00173913043478261,0,0.0539130434782609
"000287.java",0,0.0387596899224806,0,0,0,0,0,0,0,0,0,0,0,0,0,0,0,0,0,0,0,0.0310077519379845,0,0,0,0,0,0,0,0,0,0,0,0,0,0,0,0,0,0,0.930232558139535,0,0,0,0,0,0,0,0,0
"000288.java",0.00813008130081301,0,0,0,0,0,0,0,0,0,0.024390243902439,0,0,0,0,0,0.00813008130081301,0,0,0,0.178861788617886,0.00813008130081301,0.00813008130081301,0,0,0,0,0,0,0,0,0,0,0,0,0,0.00813008130081301,0,0,0,0.75609756097561,0,0,0,0,0,0,0,0,0
"000289.java",0,0.235294117647059,0.017156862745098,0,0,0,0.00245098039215686,0,0,0,0.0196078431372549,0,0,0,0,0,0,0,0,0.00490196078431373,0.0269607843137255,0.213235294117647,0,0.00245098039215686,0.00490196078431373,0,0,0,0,0,0,0,0,0,0,0,0,0,0,0,0.473039215686274,0,0,0,0,0,0,0,0,0
"000290.java",0.0045662100456621,0.0639269406392694,0,0,0,0,0.0045662100456621,0,0,0,0,0,0,0,0,0,0,0,0,0,0,0,0.0045662100456621,0,0,0,0,0,0,0.0045662100456621,0,0,0,0,0,0.0045662100456621,0,0,0,0,0.91324200913242,0,0,0,0,0,0,0,0,0
"000291.java",0,0,0,0,0,0,0,0,0,0,0.075187969924812,0,0,0,0,0.0075187969924812,0,0,0,0,0.142857142857143,0.278195488721804,0.0827067669172932,0,0,0,0,0,0,0,0,0,0,0,0,0.150375939849624,0,0,0,0,0.24812030075188,0,0,0.0150375939849624,0,0,0,0,0,0
"000292.java",0,0,0,0,0,0,0.0204081632653061,0,0,0.00408163265306122,0,0,0,0,0,0,0,0,0,0,0.0163265306122449,0.269387755102041,0.212244897959184,0,0,0,0.00816326530612245,0,0,0,0,0,0,0,0.00408163265306122,0.244897959183673,0,0,0,0,0.208163265306122,0.0122448979591837,0,0,0,0,0,0,0,0
"000293.java",0,0,0,0.0287769784172662,0,0,0,0,0,0,0.0719424460431655,0,0,0,0,0,0,0,0,0,0.503597122302158,0,0,0,0,0,0,0,0,0,0,0,0,0,0,0,0,0,0,0,0.366906474820144,0.00719424460431655,0.0143884892086331,0,0,0.00719424460431655,0,0,0,0
"000294.java",0,0.00686629792103757,0,0.000190730497806599,0,0,0,0,0,0,0,0,0.00228876597367919,0,0,0,0,0,0,0.000190730497806599,0.137898149914171,0.0581728018310128,0,0.0137325958420751,0,0.000381460995613199,0.744611863436964,0.00133511348464619,0,0,0,0.0305168796490559,0,0,0,0,0,0,0,0,0,0,0,0,0,0,0.00133511348464619,0,0.00247949647148579,0
"000295.java",0,0,0,0,0,0,0,0,0,0,0,0.05,0,0.001,0.003,0,0,0,0,0,0.183,0,0,0,0,0,0.735,0.026,0,0,0,0,0,0,0,0,0,0,0,0,0,0.002,0,0,0,0,0,0,0,0
"000300.java",0,0,0,0.763657957244656,0,0,0.000296912114014252,0,0,0,0,0.000296912114014252,0,0,0,0,0,0,0,0,0.123218527315914,0.110154394299287,0,0,0.000296912114014252,0,0,0,0,0,0,0,0,0,0,0.000296912114014252,0,0,0,0,0,0.000593824228028504,0,0,0.000296912114014252,0,0.000890736342042755,0,0,0
"000305.java",0,0,0,0,0,0,0,0,0,0,0,0,0,0,0,0.000328191663931736,0,0,0,0,0.0932064325566131,0.0147686248769281,0.0613718411552347,0.000328191663931736,0,0,0,0.0190351165080407,0,0,0.000328191663931736,0,0,0,0,0,0,0,0.804069576632754,0,0,0,0.00623564161470299,0,0,0,0,0,0.000328191663931736,0
"000306.java",0,0,0.0301507537688442,0,0,0,0.0251256281407035,0,0,0,0.0251256281407035,0,0,0,0,0,0.78391959798995,0,0,0,0,0,0.0251256281407035,0,0,0,0,0.0351758793969849,0,0,0,0,0,0,0,0.0050251256281407,0.0251256281407035,0,0.0050251256281407,0.0050251256281407,0,0,0,0.0251256281407035,0,0,0,0,0.0100502512562814,0
"000364.java",0,0,0,0,0,0,0,0,0,0,0.0454545454545455,0,0,0,0,0,0.560606060606061,0,0,0,0,0,0,0,0,0,0,0.242424242424242,0,0,0,0,0,0,0,0,0,0.0454545454545455,0,0,0.0606060606060606,0,0,0.0454545454545455,0,0,0,0,0,0
"000367.java",0,0,0.847949886104784,0,0,0,0,0,0,0,0,0,0,0,0,0,0.00113895216400911,0,0,0,0.101366742596811,0,0.0438496583143508,0,0,0,0,0,0,0.000569476082004556,0.00113895216400911,0.00170842824601367,0,0,0.00227790432801822,0,0,0,0,0,0,0,0,0,0,0,0,0,0,0
"000377.java",0.0101010101010101,0,0,0,0,0,0,0,0,0,0,0,0,0,0,0,0.313131313131313,0,0,0,0.353535353535354,0,0,0,0,0,0,0,0,0,0,0,0,0,0,0,0,0,0.272727272727273,0,0.0505050505050505,0,0,0,0,0,0,0,0,0
"000379.java",0,0.00546448087431694,0,0,0,0,0,0,0,0.136612021857924,0,0,0,0,0,0,0.688524590163934,0,0,0,0,0,0.147540983606557,0,0,0,0,0,0,0,0,0.0218579234972678,0,0,0,0,0,0,0,0,0,0,0,0,0,0,0,0,0,0
"000463.java",0,0.174509803921569,0,0,0,0,0,0,0,0,0,0,0,0,0,0,0,0,0,0.657516339869281,0.0888888888888889,0.00196078431372549,0.00392156862745098,0,0,0,0.00130718954248366,0,0,0,0.00065359477124183,0,0,0,0,0,0,0,0,0,0.0673202614379085,0,0,0,0,0,0.00196078431372549,0.00196078431372549,0,0
"000481.java",0,0,0,0,0,0,0,0,0,0.165467625899281,0,0,0.00719424460431655,0,0,0,0,0,0,0.0575539568345324,0.223021582733813,0,0.201438848920863,0,0,0,0,0.251798561151079,0,0,0,0,0,0.00719424460431655,0,0,0,0,0,0,0,0,0,0.0863309352517986,0,0,0,0,0,0
"000482.java",0,0,0,0,0,0,0,0,0,0,0,0,0,0.00275482093663912,0,0,0,0,0.0413223140495868,0.0495867768595041,0.00275482093663912,0.00275482093663912,0.0633608815426997,0,0.00275482093663912,0,0.0633608815426997,0.74931129476584,0,0,0,0,0,0,0.00826446280991736,0.00550964187327824,0,0,0.00826446280991736,0,0,0,0,0,0,0,0,0,0,0
"000488.java",0,0.000191424196018377,0.0300535987748851,0,0,0,0,0,0,0,0,0.000191424196018377,0,0,0.000382848392036753,0.000382848392036753,0,0,0,0,0.117343032159265,0.192381316998469,0,0,0,0,0,0,0,0,0,0,0,0.658690658499234,0,0,0,0,0,0.000382848392036753,0,0,0,0,0,0,0,0,0,0
"000489.java",0,0,0,0,0,0,0,0,0,0.0555555555555556,0,0,0,0,0.0277777777777778,0,0.25,0,0,0,0,0,0,0,0,0,0,0.0555555555555556,0,0,0,0,0,0,0,0,0,0,0,0,0,0,0,0,0.611111111111111,0,0,0,0,0
"000490.java",0,0,0,0,0,0,0.00431965442764579,0.416846652267819,0,0,0,0,0,0,0,0,0,0,0,0,0,0.408207343412527,0.166306695464363,0,0,0,0,0,0,0,0,0,0,0,0.00215982721382289,0,0,0,0,0,0,0,0,0,0,0,0,0,0,0.00215982721382289
"000491.java",0,0.0131291028446389,0,0,0,0,0,0,0,0,0,0.00218818380743982,0,0.00218818380743982,0,0,0.0218818380743982,0,0,0,0.135667396061269,0.150984682713348,0.0175054704595186,0,0,0.00437636761487965,0,0.159737417943107,0,0.00218818380743982,0,0,0.0087527352297593,0,0.00437636761487965,0,0.00218818380743982,0,0,0,0,0,0,0,0.468271334792123,0,0.00218818380743982,0,0.00437636761487965,0
