"V1","V2","V3","V4","V5","V6","V7","V8","V9","V10","V11","V12","V13","V14","V15","V16","V17","V18","V19","V20","V21","V22","V23","V24","V25","V26","V27","V28","V29","V30","V31","V32","V33","V34","V35","V36","V37","V38","V39","V40","V41","V42","V43","V44","V45","V46","V47","V48","V49","V50"
"000001.java",0,0,0,0.00218818380743982,0,0,0,0,0,0,0,0.547045951859956,0,0,0.00218818380743982,0.0087527352297593,0,0.0175054704595186,0,0,0,0,0,0.00218818380743982,0,0,0.00218818380743982,0,0,0,0.00656455142231947,0,0.107221006564551,0,0,0,0,0.225382932166302,0,0,0,0,0,0.0087527352297593,0,0,0.00218818380743982,0,0.0656455142231947,0.00218818380743982
"000002.java",0,0,0,0,0,0.00122549019607843,0,0,0.00245098039215686,0.00122549019607843,0.115196078431373,0.718137254901961,0.00367647058823529,0,0,0,0,0,0.00245098039215686,0,0.00245098039215686,0.017156862745098,0,0,0,0,0,0,0,0,0.00122549019607843,0,0,0,0,0,0.00367647058823529,0.110294117647059,0,0,0,0,0,0,0,0,0,0,0,0.0208333333333333
"000003.java",0,0,0,0.0570944036178632,0,0,0,0,0,0,0.00113058224985868,0.814584511023177,0.000565291124929339,0,0,0,0,0,0.0163934426229508,0.00113058224985868,0,0,0,0,0,0,0,0,0,0,0,0,0.0231769361221029,0.000565291124929339,0,0,0,0.0633126059920859,0.00621820237422272,0,0,0,0,0.0146975692481628,0.00113058224985868,0,0,0,0,0
"000004.java",0,0,0,0,0,0,0,0,0,0,0,0,0,0,0,0,0,0,0,0.0860927152317881,0,0,0,0.28476821192053,0,0.0165562913907285,0,0,0,0,0,0,0,0,0.0033112582781457,0,0,0.589403973509934,0.0165562913907285,0.0033112582781457,0,0,0,0,0,0,0,0,0,0
"000005.java",0,0,0,0,0,0,0,0.00440528634361234,0,0,0,0,0,0,0,0,0,0.00881057268722467,0.00440528634361234,0,0,0.00881057268722467,0,0,0,0,0,0.00440528634361234,0,0,0,0,0,0,0,0,0,0.502202643171806,0,0,0,0.400881057268722,0,0.0616740088105727,0,0,0.00440528634361234,0,0,0
"000006.java",0,0,0,0,0.0202429149797571,0.00404858299595142,0,0,0,0,0,0.00404858299595142,0,0.00404858299595142,0,0,0,0,0,0,0,0.153846153846154,0,0,0,0,0,0,0,0,0.157894736842105,0,0,0,0,0,0,0.595141700404858,0,0,0,0,0,0,0,0,0.00809716599190283,0.0526315789473684,0,0
"000019.java",0,0,0,0,0,0,0,0,0,0,0,0,0,0.00495049504950495,0,0,0,0,0,0.00495049504950495,0,0,0,0,0,0,0,0.0594059405940594,0,0,0,0,0,0,0,0,0,0.930693069306931,0,0,0,0,0,0,0,0,0,0,0,0
"000020.java",0,0,0,0,0.02,0,0,0,0,0,0,0,0,0,0,0,0,0,0.00333333333333333,0,0,0,0,0.02,0,0.206666666666667,0,0,0,0,0,0,0,0.00333333333333333,0,0,0,0.746666666666667,0,0,0,0,0,0,0,0,0,0,0,0
"000021.java",0,0,0.0048780487804878,0,0,0,0,0,0,0,0.0146341463414634,0,0,0,0,0,0,0,0,0,0.0048780487804878,0,0,0.00975609756097561,0,0,0,0,0,0,0,0,0,0,0.0536585365853659,0,0,0.892682926829268,0,0,0,0,0,0,0,0,0.0146341463414634,0,0.0048780487804878,0
"000024.java",0,0,0,0,0,0,0,0,0,0,0,0,0.739470517448857,0,0,0,0,0,0,0,0,0,0,0.000601684717208183,0,0,0,0,0,0,0,0,0,0.0445246690734055,0,0,0,0.214199759326113,0,0,0.00120336943441637,0,0,0,0,0,0,0,0,0
"000026.java",0,0,0,0,0.0189098998887653,0,0,0,0,0.00111234705228031,0,0,0,0,0.0278086763070078,0,0.00222469410456062,0.0233592880978865,0,0,0,0,0,0.353726362625139,0,0,0,0,0,0,0,0,0,0,0,0.00444938820912125,0.0111234705228031,0.548387096774194,0.00111234705228031,0,0,0,0,0,0,0.00444938820912125,0.00111234705228031,0,0.00222469410456062,0
"000027.java",0,0,0,0.000169836956521739,0,0,0,0,0,0,0,0,0,0.000169836956521739,0,0,0,0.000169836956521739,0,0,0,0,0,0,0,0,0.000339673913043478,0,0,0,0,0,0.000169836956521739,0,0,0,0,0.0346467391304348,0,0,0.962975543478261,0,0.00135869565217391,0,0,0,0,0,0,0
"000031.java",0,0,0,0.0618768792530464,0,0,0,0,0,0,0.000633011552460832,0,0,0,0,0,0,0,0,0.893179300522234,0,0,0,0.000474758664345624,0.000474758664345624,0,0,0,0,0,0,0,0,0,0.000158252888115208,0,0,0.0428865326792214,0.000158252888115208,0,0,0,0,0,0,0,0,0,0.000158252888115208,0
"000036.java",0,0.000609384521633151,0,0,0,0,0,0,0,0,0,0,0,0,0,0,0,0,0,0,0,0.000609384521633151,0,0,0,0,0,0,0,0,0,0,0,0,0.722120658135283,0,0,0.275441803778184,0,0,0,0,0.000609384521633151,0,0,0,0,0.000609384521633151,0,0
"000037.java",0,0,0.00300751879699248,0,0,0,0,0,0,0,0,0,0,0,0,0,0,0,0,0,0,0,0,0,0,0,0,0,0,0,0,0,0,0,0.574436090225564,0,0,0.422556390977444,0,0,0,0,0,0,0,0,0,0,0,0
"000041.java",0,0.784225352112676,0,0.0152112676056338,0,0,0,0,0,0,0.00169014084507042,0,0,0,0,0,0.00169014084507042,0,0.000563380281690141,0,0.000563380281690141,0,0.000563380281690141,0,0,0,0,0,0,0,0,0,0,0,0,0,0,0.195492957746479,0,0,0,0,0,0,0,0,0,0,0,0
"000044.java",0,0,0.0545851528384279,0,0,0,0,0,0,0,0,0.00218340611353712,0,0,0.235807860262009,0,0,0,0,0,0,0,0,0,0.00655021834061135,0,0.00218340611353712,0,0,0,0,0,0,0,0.150655021834061,0,0,0.532751091703057,0,0,0,0,0,0,0,0,0.0152838427947598,0,0,0
"000045.java",0,0,0,0.00096665055582407,0,0,0,0,0,0.000805542129853391,0.000161108425970678,0,0,0,0,0.000322216851941357,0.00112775898179475,0,0,0.000161108425970678,0,0,0,0,0,0,0,0.95247301433865,0,0,0,0,0,0,0,0,0,0.0407604317705816,0,0,0,0,0,0,0,0,0,0.00322216851941357,0,0
"000046.java",0,0.000226603217765692,0,0,0,0,0.0847496034443689,0,0.0181282574212554,0,0,0,0,0,0,0,0,0,0,0,0,0,0.000226603217765692,0,0,0,0,0.815091774303195,0,0,0,0.000226603217765692,0,0,0,0,0,0.0738726489916157,0,0,0,0,0,0.000226603217765692,0,0,0,0,0,0.00725130296850215
"000060.java",0,0,0,0,0,0,0,0.000879507475813544,0,0,0,0,0,0,0,0,0,0,0,0,0,0,0.000879507475813544,0,0,0,0,0,0,0,0,0,0.00527704485488127,0,0,0,0.933157431838171,0.059806508355321,0,0,0,0,0,0,0,0,0,0,0,0
"000063.java",0,0,0,0.10826359832636,0,0,0,0,0,0,0,0,0,0,0,0,0,0.00209205020920502,0.000523012552301255,0,0,0,0,0,0,0,0,0,0.658995815899582,0,0,0,0,0,0,0,0.00104602510460251,0.228033472803347,0,0,0,0,0,0,0,0,0,0,0.00104602510460251,0
"000067.java",0,0,0,0,0,0,0,0,0,0,0,0,0,0,0,0.921633769786985,0,0,0,0.000195427008012507,0,0,0.000977135040062537,0,0,0,0,0.000195427008012507,0,0,0,0,0,0,0,0,0.000195427008012507,0.0764119601328904,0,0,0.000195427008012507,0,0,0,0,0,0,0.000195427008012507,0,0
"000070.java",0,0,0,0,0,0,0,0,0.308441558441558,0,0,0.025974025974026,0,0,0.00162337662337662,0,0,0.00811688311688312,0,0,0,0,0.073051948051948,0,0,0,0,0,0,0,0,0,0.0454545454545455,0,0.00162337662337662,0,0,0.534090909090909,0,0,0,0,0,0,0.00162337662337662,0,0,0,0,0
"000077.java",0,0,0.0050761421319797,0,0,0.00253807106598985,0,0,0,0,0.0939086294416244,0.0279187817258883,0,0,0,0,0.0279187817258883,0,0.00761421319796954,0,0,0,0.0050761421319797,0,0,0.00253807106598985,0,0,0,0,0,0,0,0,0,0,0.00761421319796954,0.517766497461929,0,0.296954314720812,0.00253807106598985,0,0,0,0,0.00253807106598985,0,0,0,0
"000082.java",0,0,0,0,0,0,0.00588235294117647,0,0,0,0,0,0,0,0,0,0.00588235294117647,0,0.0647058823529412,0,0,0,0,0,0,0,0,0,0,0,0,0,0,0,0,0,0.252941176470588,0.464705882352941,0,0,0,0,0,0,0,0.205882352941176,0,0,0,0
"000084.java",0,0,0,0.0904977375565611,0,0,0,0,0,0.0361990950226244,0,0,0.00904977375565611,0,0,0,0,0,0,0,0,0,0,0,0,0.00452488687782805,0,0,0,0,0.135746606334842,0,0,0,0,0,0,0.67420814479638,0,0,0,0,0.0226244343891403,0.00904977375565611,0,0.00452488687782805,0,0.0135746606334842,0,0
"000085.java",0.00272479564032698,0.00817438692098093,0,0,0,0,0,0,0,0,0,0,0,0,0,0,0,0,0,0.00272479564032698,0.00272479564032698,0,0,0,0,0.275204359673025,0,0,0,0,0,0,0.00272479564032698,0,0,0,0,0.705722070844687,0,0,0,0,0,0,0,0,0,0,0,0
"000096.java",0.00104602510460251,0,0,0,0,0.000348675034867503,0,0,0,0,0,0,0,0,0,0.000348675034867503,0,0,0,0,0,0,0.000697350069735007,0,0,0,0,0,0,0,0.000348675034867503,0,0.836820083682008,0,0,0.000348675034867503,0,0.159693165969317,0,0,0,0,0,0,0,0,0,0.000348675034867503,0,0
"000102.java",0,0,0.00016220600162206,0,0.00340632603406326,0,0,0,0.00778588807785888,0.00762368207623682,0.0032441200324412,0.0008110300081103,0,0,0.00032441200324412,0,0,0.953284671532847,0.00389294403892944,0.00178426601784266,0,0,0,0.00113544201135442,0,0,0,0,0.00032441200324412,0,0.00032441200324412,0,0.00032441200324412,0,0.00032441200324412,0.00178426601784266,0,0.00210867802108678,0,0.00178426601784266,0,0,0,0.0024330900243309,0,0,0,0.00713706407137064,0,0
"000108.java",0,0,0,0,0,0,0.00649350649350649,0,0,0,0,0,0,0,0.00649350649350649,0,0,0,0,0.00649350649350649,0,0,0,0.038961038961039,0,0,0,0,0,0,0,0.012987012987013,0,0,0.11038961038961,0,0,0.779220779220779,0,0.025974025974026,0,0,0,0,0,0.012987012987013,0,0,0,0
"000112.java",0,0.0222222222222222,0,0,0,0,0,0,0,0,0,0,0,0,0.2,0,0,0,0,0,0,0,0,0,0,0,0,0,0,0,0,0,0,0,0,0.666666666666667,0,0.0666666666666667,0,0,0.0222222222222222,0,0,0.0222222222222222,0,0,0,0,0,0
"000114.java",0,0,0,0.0021551724137931,0,0,0,0.667025862068966,0,0.00107758620689655,0,0,0,0,0,0,0,0.00107758620689655,0,0,0,0,0.0247844827586207,0,0,0.00107758620689655,0,0.00107758620689655,0,0,0,0,0,0,0,0,0,0.300646551724138,0,0,0,0,0,0,0,0,0,0,0.00107758620689655,0
"000118.java",0,0,0,0,0.00238663484486874,0,0,0,0,0,0,0,0,0.00238663484486874,0,0,0,0,0,0,0,0,0,0.16945107398568,0,0,0,0,0,0,0,0,0,0,0,0,0,0.613365155131265,0,0.205250596658711,0,0,0,0,0,0.00715990453460621,0,0,0,0
"000119.java",0.0402298850574713,0,0.014367816091954,0.000957854406130268,0,0,0,0,0,0,0,0.000957854406130268,0,0,0,0,0,0,0,0,0,0.0402298850574713,0,0,0.542145593869732,0,0,0,0,0,0,0,0,0,0.000957854406130268,0,0,0.360153256704981,0,0,0,0,0,0,0,0,0,0,0,0
"000121.java",0,0,0,0,0.0427807486631016,0,0,0,0,0,0,0,0,0,0,0.0053475935828877,0,0,0,0,0,0,0,0.0320855614973262,0,0,0,0,0,0,0,0,0,0,0,0.149732620320856,0,0.304812834224599,0.0053475935828877,0,0,0,0,0.417112299465241,0,0,0,0,0,0.0427807486631016
"000122.java",0,0,0.0323069156991418,0,0,0.568399798081777,0,0,0,0,0,0,0,0,0,0,0,0.0383644623927309,0.00151438667339727,0,0,0,0,0,0,0.00151438667339727,0,0,0,0,0,0,0,0.00454316002019182,0,0,0,0.350832912670368,0,0,0.000504795557799091,0,0.00201918223119637,0,0,0,0,0,0,0
"000123.java",0,0,0,0,0,0.100864553314121,0,0,0,0,0,0,0,0,0,0,0.0720461095100865,0.135446685878963,0,0,0,0,0,0,0,0.00288184438040346,0,0,0,0,0,0,0,0,0,0.00576368876080692,0,0.288184438040346,0,0,0,0,0,0.389048991354467,0,0.00576368876080692,0,0,0,0
"000124.java",0,0,0,0.0229574611748818,0,0.012829169480081,0,0,0,0.00270087778528022,0,0,0.00202565833896016,0.000675219446320054,0,0,0,0,0.000675219446320054,0,0,0,0.0580688723835246,0.000675219446320054,0,0,0.468602295746118,0,0,0,0,0,0,0.0263335584064821,0,0,0,0.387575962187711,0,0,0.012153950033761,0,0,0,0,0,0,0,0.00472653612424038,0
"000125.java",0,0,0,0,0,0,0,0.106976744186047,0,0,0,0,0,0,0,0,0,0.00930232558139535,0,0,0,0,0.232558139534884,0,0,0,0,0.0418604651162791,0,0,0,0,0,0,0,0,0,0.576744186046512,0,0,0,0,0.00465116279069767,0.027906976744186,0,0,0,0,0,0
"000126.java",0,0,0,0,0.00273224043715847,0,0,0,0,0,0,0,0,0,0.00273224043715847,0,0,0,0,0,0,0.00273224043715847,0,0,0,0,0,0,0,0,0,0,0,0,0,0.969945355191257,0,0,0,0,0,0,0,0,0,0,0.0218579234972678,0,0,0
"000127.java",0,0,0.0524441566850113,0.0628034962771123,0,0.000647458724506313,0,0,0,0.00129491744901263,0,0,0,0,0,0,0.00420848170929103,0,0.000323729362253156,0,0,0,0,0,0.00356102298478472,0,0.582389122693428,0.00388475234703788,0,0,0,0,0.00258983489802525,0,0,0,0.000323729362253156,0.273551311103917,0.000971188086759469,0.000323729362253156,0.000971188086759469,0,0,0.000647458724506313,0,0,0,0.00906442214308838,0,0
"000128.java",0,0,0,0,0,0,0,0,0,0,0,0,0,0,0.0032258064516129,0.00967741935483871,0,0.0032258064516129,0,0,0,0,0,0,0,0,0,0,0,0,0,0,0,0,0,0.629032258064516,0,0.354838709677419,0,0,0,0,0,0,0,0,0,0,0,0
"000130.java",0,0,0,0,0,0,0,0,0,0,0.00904977375565611,0,0,0,0,0,0,0,0,0,0,0,0,0,0,0,0,0,0,0,0,0,0,0,0,0.945701357466063,0.0361990950226244,0.00452488687782805,0,0,0,0,0.00452488687782805,0,0,0,0,0,0,0
"000131.java",0,0,0,0,0,0,0,0,0,0,0,0,0,0,0,0,0,0,0,0,0,0,0,0,0,0,0,0,0,0,0,0,0,0,0,0.975,0,0,0,0,0,0,0,0.025,0,0,0,0,0,0
"000132.java",0,0,0,0,0,0,0,0,0,0,0,0,0,0,0,0.0204081632653061,0,0,0,0.0408163265306122,0,0,0,0,0,0,0,0.0204081632653061,0,0,0,0,0,0,0,0.326530612244898,0,0,0.0204081632653061,0,0,0,0,0.551020408163265,0,0,0,0.0204081632653061,0,0
"000133.java",0,0,0,0,0,0,0,0,0,0,0,0,0,0,0,0,0,0,0,0,0,0,0,0,0,0,0,0,0,0,0,0,0,0,0,0.997714285714286,0.00114285714285714,0,0,0,0,0,0.00114285714285714,0,0,0,0,0,0,0
"000134.java",0,0,0,0,0,0,0,0,0,0,0,0,0,0,0,0,0,0,0,0,0,0,0,0.00470219435736677,0,0,0,0,0,0,0,0,0,0,0,0.981191222570533,0,0.0125391849529781,0,0,0,0,0,0.00156739811912226,0,0,0,0,0,0
"000135.java",0,0.0041407867494824,0,0,0,0,0,0.0020703933747412,0,0.0020703933747412,0,0,0,0,0,0.010351966873706,0,0.0020703933747412,0,0,0,0.0020703933747412,0,0,0,0,0,0,0.0041407867494824,0,0.0041407867494824,0,0,0,0,0.478260869565217,0.488612836438923,0,0,0,0,0,0.0020703933747412,0,0,0,0,0,0,0
"000136.java",0,0,0,0,0,0,0,0,0.00273972602739726,0,0,0,0.00547945205479452,0.00273972602739726,0,0,0,0,0,0,0,0,0,0,0,0,0,0.00273972602739726,0,0,0,0,0,0,0,0.986301369863014,0,0,0,0,0,0,0,0,0,0,0,0,0,0
"000149.java",0,0,0,0.0013251227687271,0,0,0,0,0.000155896796320836,7.79483981604178e-05,0,0,0,0.172188011536363,0,0,0,0,0,0,0,7.79483981604178e-05,0.767869670278276,0,0,0,0,0.0149660924468002,0,0,0,0,0.000467690388962507,0,0,0,7.79483981604178e-05,0.0407670122378985,0.000155896796320836,0,0,0,0,0,0,0,0,0.000779483981604178,0.00109127757424585,0
"000150.java",0.100490196078431,0.602941176470588,0.00245098039215686,0,0,0.00245098039215686,0,0,0.0294117647058824,0,0,0,0,0,0,0,0,0,0,0,0,0,0.00490196078431373,0,0,0,0,0.00245098039215686,0,0,0,0,0,0,0,0,0.00980392156862745,0.245098039215686,0,0,0,0,0,0,0,0,0,0,0,0
"000152.java",0,0,0,0,0.2734375,0,0,0.00223214285714286,0,0,0.606026785714286,0,0,0,0,0,0,0,0,0,0,0,0,0,0,0,0,0.00223214285714286,0,0,0,0,0,0,0,0,0,0.114955357142857,0,0,0,0,0,0,0,0,0,0,0,0.00111607142857143
"000155.java",0.00116959064327485,0,0.0409356725146199,0.0444444444444444,0.00116959064327485,0,0,0,0,0.00467836257309942,0.00233918128654971,0,0,0,0,0.00116959064327485,0,0.00233918128654971,0,0,0,0.00233918128654971,0.0198830409356725,0,0,0,0,0,0,0,0,0,0,0,0,0,0,0.394152046783626,0,0,0,0,0,0,0.485380116959064,0,0,0,0,0
"000159.java",0,0,0,0.00228440890919475,0,0,0,0,0,0,0,0,0,0,0,0,0,0,0,0,0,0.748143917761279,0,0.000571102227298686,0,0,0,0,0,0,0,0,0,0.0165619645916619,0,0,0,0.225585379782981,0,0,0.000571102227298686,0,0,0,0,0,0,0.00628212450028555,0,0
"000160.java",0,0,0.000734214390602056,0,0,0,0,0,0,0,0,0,0,0,0,0,0,0,0,0,0,0,0,0.00881057268722467,0,0,0,0,0,0,0,0,0,0,0,0,0,0.0323054331864905,0,0,0,0,0,0.958149779735683,0,0,0,0,0,0
"000161.java",0,0,0.0319148936170213,0,0,0,0,0,0,0,0,0,0,0.00354609929078014,0,0.00354609929078014,0,0,0.00354609929078014,0,0,0.00354609929078014,0,0,0,0.0460992907801418,0,0.00709219858156028,0,0.00354609929078014,0,0,0,0,0,0,0,0.829787234042553,0,0.0673758865248227,0,0,0,0,0,0,0,0,0,0
"000162.java",0,0,0,0,0,0,0,0.00194552529182879,0,0.00194552529182879,0,0,0,0,0,0.00194552529182879,0.0155642023346304,0.0389105058365759,0,0.00194552529182879,0,0,0.0350194552529183,0,0,0,0,0,0,0.00194552529182879,0,0,0,0,0,0,0,0.521400778210117,0.32295719844358,0,0,0,0.00972762645914397,0.0447470817120623,0,0,0,0.00194552529182879,0,0
"000163.java",0,0.0274193548387097,0,0,0,0,0,0,0,0,0,0,0,0.00806451612903226,0,0,0,0,0.00967741935483871,0,0,0,0.00483870967741936,0.00161290322580645,0,0,0,0.0145161290322581,0,0,0,0,0,0,0,0,0,0.490322580645161,0.0032258064516129,0,0.0032258064516129,0,0.0032258064516129,0.00161290322580645,0,0,0,0,0.432258064516129,0
"000164.java",0,0,0,0.000332115576220525,0,0,0,0,0.0305546330122883,0.0039853869146463,0,0,0,0,0,0,0.565924941879774,0,0,0,0,0,0.0461640650946529,0.000332115576220525,0,0.0013284623048821,0,0,0,0,0,0,0,0,0,0,0,0.307206908003985,0,0,0.0421786781800066,0,0,0,0,0,0.000332115576220525,0,0,0.00166057788110262
"000165.java",0.00108342361863489,0.00108342361863489,0,0.037919826652221,0,0,0,0,0,0.0227518959913326,0,0,0,0,0,0,0.028169014084507,0,0,0,0,0.382448537378115,0,0,0,0,0,0,0.00216684723726977,0,0,0,0,0,0.00216684723726977,0,0.114842903575298,0.361863488624052,0,0,0.00108342361863489,0,0,0,0,0,0,0,0.0444203683640303,0
"000170.java",0.0494752623688156,0,0,0,0,0,0,0,0.00149925037481259,0,0,0,0.00449775112443778,0.00449775112443778,0,0,0,0,0,0,0,0,0,0,0,0.3928035982009,0,0.0119940029985007,0,0,0,0,0,0.0179910044977511,0,0,0,0.497751124437781,0,0,0,0,0,0.00599700149925037,0,0,0.0134932533733133,0,0,0
"000171.java",0.00593723494486853,0.000848176420695505,0,0,0,0,0.000848176420695505,0,0,0.0407124681933842,0,0.00339270568278202,0.516539440203562,0,0,0,0.0932994062765055,0,0,0,0,0,0,0,0,0,0.00508905852417303,0,0,0,0,0,0,0,0,0,0.000848176420695505,0.299406276505513,0,0,0,0,0,0.0322307039864292,0,0,0,0,0.000848176420695505,0
"000172.java",0,0,0,0,0,0,8.95335303071e-05,0,0,0.352224908228131,0.0006267347121497,0,0.0002686005909213,0,0,0,8.95335303071e-05,0,0.0006267347121497,0,0.0001790670606142,0,0,0,0,0,0,0,0,0.0002686005909213,0,0,0,8.95335303071e-05,0,0,0,0.146387322052109,0,0,0,0,0.498970364401468,0,0,0,0,0.0001790670606142,0,0
"000173.java",0,0,0.000174855744011191,0.00297254764819024,0,0,0,0,0,0,0,0,0.000174855744011191,0,0,0,0,0,0,0,0,0.00122399020807834,0.000349711488022382,0.000174855744011191,0,0,0.000174855744011191,0,0.000174855744011191,0,0,0,0,0.930232558139535,0,0,0,0.0627732121000175,0.000174855744011191,0,0,0.000174855744011191,0,0,0,0,0,0,0.00122399020807834,0
"000174.java",0,0,0,0.0161849710982659,0,0,0.0358381502890173,0,0.269364161849711,0,0,0,0,0,0.00346820809248555,0,0.0104046242774566,0.00115606936416185,0,0,0,0,0,0,0,0.0554913294797688,0,0,0.0115606936416185,0,0,0,0,0,0,0,0,0.589595375722543,0.00115606936416185,0,0.00346820809248555,0,0,0,0,0,0,0.0023121387283237,0,0
"000175.java",0,0,0,0.00128369704749679,0.62002567394095,0.000641848523748395,0,0,0,0,0,0,0,0,0.000641848523748395,0,0,0.00577663671373556,0,0,0,0,0,0,0,0,0,0,0,0,0,0,0.00128369704749679,0.000641848523748395,0,0.000641848523748395,0,0.366495507060334,0,0,0,0.000641848523748395,0,0,0,0,0,0,0,0.00192554557124519
"000176.java",0.00208333333333333,0,0.0395833333333333,0,0,0,0.08125,0,0,0.139583333333333,0,0.00208333333333333,0,0.00208333333333333,0,0,0.00208333333333333,0,0,0,0,0,0,0,0,0.15625,0,0,0,0,0,0,0,0.05625,0,0,0,0.5125,0,0,0,0,0,0,0,0,0.00416666666666667,0.00208333333333333,0,0
"000177.java",0,0,0.059016393442623,0.00327868852459016,0,0,0.0622950819672131,0,0,0,0,0,0,0,0,0,0,0,0,0,0.00327868852459016,0,0.00655737704918033,0,0,0,0,0,0,0,0,0,0,0,0,0,0,0.695081967213115,0,0,0,0,0,0,0,0,0.170491803278689,0,0,0
"000178.java",0,0.00420168067226891,0,0,0,0,0.0546218487394958,0,0.00420168067226891,0,0,0,0,0,0,0,0.00420168067226891,0,0,0,0,0,0.180672268907563,0,0,0,0,0,0.0168067226890756,0,0,0,0,0,0.00420168067226891,0,0,0.516806722689076,0,0,0.172268907563025,0.0420168067226891,0,0,0,0,0,0,0,0
"000179.java",0.00148148148148148,0,0,0,0,0,0,0,0,0.222222222222222,0.475555555555556,0,0,0,0,0,0.00148148148148148,0,0,0,0,0.0844444444444444,0,0,0,0,0.00444444444444444,0.00148148148148148,0.00296296296296296,0.00148148148148148,0,0,0,0,0,0,0,0.197037037037037,0,0,0.00740740740740741,0,0,0,0,0,0,0,0,0
"000183.java",0,0.000353857041755131,0.00141542816702052,0,0,0,0.000707714083510262,0,0,0,0.00176928520877565,0,0,0,0,0,0,0,0,0,0,0,0,0,0,0,0,0,0.000353857041755131,0,0,0,0,0,0.00495399858457183,0,0,0.199221514508139,0,0,0.00106157112526539,0,0,0,0,0,0.790162774239207,0,0,0
"000185.java",0,0,0.896510638297872,0,0,0.000170212765957447,0,0,0,0,0,0.000680851063829787,0,0,0,0,0,0,0,0,0,0,0.000170212765957447,0,0,0,0,0,0,0.000170212765957447,0,0,0,0,0,0,0,0.101276595744681,0,0,0.000680851063829787,0,0.000170212765957447,0,0,0,0,0,0,0.000170212765957447
"000187.java",0,0,0,0,0,0,0,0,0,0,0,0,0,0,0,0,0,0,0,0,0,0,0,0,0,0.0862533692722372,0,0,0,0,0,0,0.00808625336927224,0,0,0.0134770889487871,0,0.555256064690027,0,0,0,0,0,0,0,0,0.309973045822102,0,0.0269541778975741,0
"000188.java",0,0,0.0034965034965035,0.013986013986014,0,0,0,0,0,0,0,0,0,0,0,0,0,0,0,0,0,0.0996503496503496,0,0,0,0.314685314685315,0,0,0,0,0,0,0,0,0,0,0,0.547202797202797,0,0,0,0,0,0,0,0,0,0,0.020979020979021,0
"000189.java",0,0,0,0,0.00142146410803127,0,0,0,0,0,0,0,0,0,0,0,0,0,0,0,0,0,0,0,0,0,0,0,0,0,0,0,0,0,0,0,0,0.402985074626866,0.595593461265103,0,0,0,0,0,0,0,0,0,0,0
"000190.java",0,0,0,0,0,0,0,0,0,0,0.0034965034965035,0,0,0,0,0,0.195804195804196,0,0.00699300699300699,0.00699300699300699,0.00699300699300699,0,0.0034965034965035,0,0,0.0909090909090909,0,0,0,0,0,0,0,0,0,0,0,0.608391608391608,0,0,0,0,0,0,0,0,0,0,0.0769230769230769,0
"000191.java",0,0.00171526586620926,0.00171526586620926,0.032590051457976,0,0,0,0,0,0,0,0,0,0,0,0,0,0,0,0,0.00171526586620926,0.00686106346483705,0,0,0,0,0,0,0,0,0.9073756432247,0,0.0171526586620926,0,0,0.00857632933104631,0,0.00171526586620926,0,0,0,0.00171526586620926,0,0,0,0,0,0,0,0.0188679245283019
"000193.java",0,0,0,0.00158931977113795,0,0,0,0,0,0,0.000317863954227591,0,0,0,0,0.000317863954227591,0.000317863954227591,0,0,0,0,0,0,0,0,0,0,0,0,0.000953591862682772,0,0,0,0,0,0,0,0.155117609663064,0,0,0,0,0,0,0,0,0,0.840114431023522,0.00127145581691036,0
"000194.java",0,0,0,0.0324074074074074,0,0,0.0216049382716049,0,0.0416666666666667,0,0,0.0262345679012346,0,0,0,0,0.256172839506173,0,0,0,0,0,0,0.0138888888888889,0,0,0,0,0,0,0,0,0,0,0,0,0.029320987654321,0.234567901234568,0,0,0,0,0,0.200617283950617,0,0,0.0709876543209877,0.0108024691358025,0.0617283950617284,0
"000195.java",0.00164338537387017,0,0.00328677074774034,0.0164338537387017,0,0.00410846343467543,0,0,0.358258011503698,0,0.0493015612161052,0,0,0,0,0,0,0.0525883319638455,0.00246507806080526,0,0,0,0,0,0,0,0,0,0,0,0.000821692686935086,0,0.00328677074774034,0,0.0180772391125719,0,0,0.464256368118324,0,0,0,0,0,0.00328677074774034,0,0,0,0.0221857025472473,0,0
"000196.java",0,0,0,0,0,0,0,0,0.569724393253805,0,0,0,0,0,0,0,0,0,0,0,0,0,0,0,0,0,0,0,0,0.00287947346770876,0,0,0,0,0.00329082682023859,0,0,0.250102838338132,0,0,0,0,0,0,0,0,0.00822706705059646,0,0,0.165775401069519
"000197.java",0,0.00398406374501992,0,0,0,0.00863213811420983,0.000664010624169987,0,0,0,0,0,0.000664010624169987,0,0,0,0,0.0365205843293493,0,0,0,0,0,0,0,0,0,0,0,0,0,0.00132802124833997,0.052456839309429,0,0,0.0106241699867198,0,0.268260292164675,0,0,0,0,0,0,0,0,0,0.000664010624169987,0.616201859229748,0
"000198.java",0,0,0,0.0149006622516556,0,0,0,0,0,0,0,0,0,0,0,0,0,0.0827814569536424,0,0,0,0,0,0.417218543046358,0,0,0,0.00165562913907285,0.00165562913907285,0,0,0,0,0,0,0,0,0.480132450331126,0,0,0,0,0.00165562913907285,0,0,0,0,0,0,0
"000199.java",0,0,0,0,0,0,0,0,0.09765625,0.083984375,0,0,0,0,0,0,0,0,0,0,0,0,0.3203125,0,0,0,0,0.123046875,0,0,0.025390625,0,0,0,0,0,0,0.33984375,0,0,0,0,0,0.009765625,0,0,0,0,0,0
"000200.java",0,0,0,0,0,0,0.00383141762452107,0,0.0421455938697318,0,0,0,0,0,0,0,0.0153256704980843,0,0,0,0,0,0.0498084291187739,0,0,0.0996168582375479,0,0,0,0,0,0,0,0,0,0,0,0.540229885057471,0.0229885057471264,0,0,0,0,0,0,0,0,0.226053639846743,0,0
"000201.java",0,0.00125628140703518,0.000628140703517588,0,0,0,0.843278894472362,0,0,0,0,0,0,0,0,0,0,0,0.00188442211055276,0,0.000314070351758794,0,0.000628140703517588,0,0,0,0.000628140703517588,0,0,0,0,0,0,0,0.000314070351758794,0,0,0.150439698492462,0.000314070351758794,0,0,0,0,0,0,0,0,0,0,0.000314070351758794
"000202.java",0,0,0,0,0,0,0.218045112781955,0,0,0,0,0,0,0,0.0075187969924812,0,0,0.0075187969924812,0,0,0,0,0,0,0,0,0,0,0,0.0150375939849624,0,0,0.0075187969924812,0,0,0.0300751879699248,0,0.458646616541353,0,0,0,0,0,0,0,0,0,0,0,0.255639097744361
"000225.java",0,0,0.00134228187919463,0.0161073825503356,0,0.00402684563758389,0,0,0,0.300671140939597,0,0,0,0,0,0,0,0,0,0,0.30738255033557,0,0.010738255033557,0,0,0,0,0,0,0,0,0.0201342281879195,0.00536912751677852,0,0,0,0,0.334228187919463,0,0,0,0,0,0,0,0,0,0,0,0
"000226.java",0,0,0,0,0.0213675213675214,0,0.0384615384615385,0,0,0,0,0,0,0.00427350427350427,0.0598290598290598,0,0,0,0,0,0,0,0,0,0,0,0,0,0,0,0.0598290598290598,0,0,0,0,0.102564102564103,0.179487179487179,0.504273504273504,0,0,0,0,0.00427350427350427,0,0,0,0,0,0,0.0256410256410256
"000228.java",0.00689655172413793,0,0,0.00689655172413793,0,0,0,0,0,0,0,0,0,0,0,0.00689655172413793,0,0,0,0.00689655172413793,0.0137931034482759,0.00689655172413793,0,0,0,0,0,0,0,0,0,0.151724137931034,0,0,0,0,0.103448275862069,0,0,0,0,0,0,0.675862068965517,0,0.0137931034482759,0,0,0,0.00689655172413793
"000232.java",0,0,0,0,0,0,0.000951474785918173,0,0,0,0.34348239771646,0,0,0,0,0,0,0,0,0,0.520456707897241,0,0,0,0,0,0,0,0,0,0,0,0,0,0,0.000951474785918173,0,0.133206470028544,0,0,0,0,0.000951474785918173,0,0,0,0,0,0,0
"000234.java",0,0,0,0,0,0,0,0,0,0,0.00194552529182879,0,0,0,0,0,0,0.00648508430609598,0,0,0.845006485084306,0,0,0,0,0,0.000648508430609598,0,0,0,0,0,0.000648508430609598,0,0,0,0,0.143968871595331,0,0,0,0,0,0,0,0,0,0.0012970168612192,0,0
"000236.java",0,0,0,0,0,0,0,0,0.00343642611683849,0,0,0,0,0.00687285223367698,0,0,0,0,0,0,0.701030927835051,0,0,0,0,0,0,0,0,0,0,0,0,0.013745704467354,0,0,0.109965635738832,0.144329896907216,0.00687285223367698,0,0,0,0,0.013745704467354,0,0,0,0,0,0
"000237.java",0,0,0,0,0,0,0,0,0,0,0.281385281385281,0,0,0,0,0,0,0,0.00216450216450216,0,0.142857142857143,0,0.00216450216450216,0.00216450216450216,0,0,0.00216450216450216,0.00216450216450216,0,0,0,0,0,0,0,0,0.106060606060606,0.177489177489178,0,0,0,0,0,0,0,0.281385281385281,0,0,0,0
"000247.java",0.643418467583497,0.00491159135559921,0,0,0,0,0,0,0,0,0,0,0,0,0.0579567779960707,0,0,0,0,0,0,0,0,0,0.000982318271119843,0,0.00196463654223969,0,0.000982318271119843,0,0.000982318271119843,0,0,0,0,0.00196463654223969,0,0.134577603143418,0,0,0,0,0.152259332023576,0,0,0,0,0,0,0
"000248.java",0,0,0,0,0.00236406619385343,0,0.00472813238770686,0.00236406619385343,0,0,0.00236406619385343,0,0,0,0.349881796690307,0,0,0,0,0,0,0,0,0,0,0.00236406619385343,0,0,0,0,0,0,0,0,0,0,0,0.626477541371158,0,0,0,0,0,0,0,0,0.00945626477541371,0,0,0
"000286.java",0,0,0.00173913043478261,0.0765217391304348,0,0,0,0,0,0.0139130434782609,0.0156521739130435,0,0,0,0,0.00869565217391304,0,0,0,0,0,0.0573913043478261,0,0,0.00173913043478261,0.00173913043478261,0,0,0,0,0.0104347826086957,0,0,0,0,0,0,0,0,0.00173913043478261,0,0,0.00521739130434783,0,0,0.758260869565217,0,0.0452173913043478,0,0.00173913043478261
"000287.java",0,0,0,0,0,0,0,0,0,0,0,0,0,0.0232558139534884,0,0,0,0,0,0,0.00775193798449612,0,0,0,0,0,0,0,0,0,0.0232558139534884,0.0155038759689922,0,0,0.00775193798449612,0.00775193798449612,0,0,0,0,0,0,0.0310077519379845,0,0,0.868217054263566,0,0.0155038759689922,0,0
"000288.java",0,0,0,0,0,0,0,0,0,0,0,0,0,0,0,0,0,0,0,0,0.00813008130081301,0.00813008130081301,0,0.00813008130081301,0,0,0,0,0,0,0,0,0,0,0,0.00813008130081301,0,0.130081300813008,0,0,0,0,0,0,0,0.83739837398374,0,0,0,0
"000289.java",0,0,0,0,0,0,0,0,0.00490196078431373,0,0.25,0,0,0.00245098039215686,0,0,0,0,0,0,0.0416666666666667,0,0,0,0,0,0,0.00245098039215686,0.00245098039215686,0,0,0,0,0,0.00245098039215686,0,0,0.21078431372549,0,0,0,0,0,0,0,0.482843137254902,0,0,0,0
"000290.java",0,0,0,0,0,0,0,0.0045662100456621,0,0,0.0228310502283105,0.0045662100456621,0,0,0,0,0,0,0,0,0,0,0.0045662100456621,0,0,0,0,0.0228310502283105,0,0,0,0,0,0,0,0,0,0.0639269406392694,0,0,0,0,0,0,0,0.876712328767123,0,0,0,0
"000291.java",0,0,0,0,0,0,0,0,0,0,0,0,0.0150375939849624,0,0,0,0.0075187969924812,0,0,0,0.240601503759398,0,0,0,0,0,0,0,0,0,0,0,0,0,0,0,0,0.503759398496241,0,0,0,0,0,0,0,0.233082706766917,0,0,0,0
"000292.java",0,0,0,0,0,0,0,0,0.00816326530612245,0,0,0,0,0.00408163265306122,0,0,0,0,0,0,0.0938775510204082,0,0,0,0,0,0,0.00408163265306122,0.00408163265306122,0,0,0.00408163265306122,0,0,0,0,0,0.395918367346939,0,0,0,0,0,0,0,0.46530612244898,0,0,0,0.0204081632653061
"000293.java",0,0,0,0,0,0,0,0,0,0,0,0,0,0,0,0,0,0,0,0,0,0,0,0,0,0,0,0,0.00719424460431655,0.00719424460431655,0,0,0,0.0287769784172662,0,0,0,0.503597122302158,0.0287769784172662,0.00719424460431655,0.00719424460431655,0,0.00719424460431655,0,0,0.402877697841727,0,0,0,0
"000294.java",0,0.000381460995613199,0.0246042342170513,0,0,0,0.000190730497806599,0,0.0328056456227351,0,0,0,0,0,0,0,0,0,0,0,0,0,0,0,0,0,0.000190730497806599,0,0,0,0,0.000572191493419798,0,0,0,0,0,0.0846843410261301,0,0,0,0,0,0.000381460995613199,0,0,0.00743848941445737,0.00152584398245279,0,0.847224871256914
"000295.java",0,0,0,0,0,0,0,0,0,0,0,0,0.001,0,0,0,0,0,0,0,0,0,0,0,0,0,0.001,0,0,0,0,0,0,0,0,0.003,0,0,0,0,0,0.002,0,0.042,0,0,0.001,0,0,0.95
"000300.java",0,0,0,0,0,0,0,0,0,0,0,0,0,0,0,0,0.000296912114014252,0,0,0,0,0,0,0,0,0,0,0,0,0.809085510688836,0,0,0,0,0,0.000296912114014252,0,0.175771971496437,0.000296912114014252,0.000296912114014252,0,0,0,0,0,0,0,0,0,0.0139548693586698
"000305.java",0,0,0,0.00196914998359042,0,0,0,0,0,0,0.000656383327863472,0.000328191663931736,0,0,0,0,0.000328191663931736,0.00196914998359042,0.815228093206433,0,0,0,0,0,0,0,0.000656383327863472,0.000328191663931736,0.000656383327863472,0,0,0,0,0,0,0.000656383327863472,0.00262553331145389,0.154578273711848,0.00262553331145389,0,0,0,0,0.017394158188382,0,0,0,0,0,0
"000306.java",0,0.0050251256281407,0,0,0,0.0150753768844221,0,0,0.0100502512562814,0.0201005025125628,0,0,0,0,0,0,0,0,0,0,0.0100502512562814,0.0050251256281407,0,0,0,0,0,0,0,0,0,0,0.0100502512562814,0,0,0.613065326633166,0,0.0100502512562814,0,0,0,0.266331658291457,0,0.0351758793969849,0,0,0,0,0,0
"000364.java",0,0,0,0,0,0,0,0,0,0,0.0303030303030303,0,0,0,0,0,0,0,0,0,0,0,0,0,0,0,0,0,0,0,0,0,0,0,0,0.590909090909091,0,0,0,0,0,0,0,0.303030303030303,0.0606060606060606,0,0.0151515151515152,0,0,0
"000367.java",0,0,0,0,0,0,0,0,0,0.834282460136674,0,0,0,0,0,0,0,0,0,0,0,0,0,0,0,0,0,0,0,0,0,0,0,0,0,0,0,0.164578587699317,0.000569476082004556,0,0,0,0,0,0,0,0.000569476082004556,0,0,0
"000377.java",0,0,0,0,0,0,0,0,0,0,0,0,0,0,0,0,0,0,0.272727272727273,0,0.0202020202020202,0,0,0,0,0,0,0,0,0,0,0,0,0,0,0.555555555555556,0.0101010101010101,0,0.131313131313131,0,0,0,0.0101010101010101,0,0,0,0,0,0,0
"000379.java",0,0,0,0,0.00546448087431694,0,0,0,0,0,0.00546448087431694,0,0,0,0.0218579234972678,0,0,0,0.00546448087431694,0,0,0.00546448087431694,0,0,0,0,0,0,0,0,0,0,0,0,0,0.797814207650273,0,0,0,0,0,0,0,0.120218579234973,0,0.0382513661202186,0,0,0,0
"000463.java",0,0,0,0,0,0,0,0,0.00196078431372549,0,0.106535947712418,0,0,0,0,0,0,0,0,0,0,0,0,0,0,0,0,0,0,0,0,0.765359477124183,0,0,0,0,0,0.1,0,0,0,0,0,0,0,0.0261437908496732,0,0,0,0
"000481.java",0,0,0,0,0,0,0,0,0,0,0.00719424460431655,0,0,0,0,0.0287769784172662,0,0,0,0,0,0,0,0.0143884892086331,0,0,0,0,0,0,0.23021582733813,0.079136690647482,0,0,0,0,0.107913669064748,0.23021582733813,0,0,0,0,0,0.287769784172662,0,0.0143884892086331,0,0,0,0
"000482.java",0,0,0,0.0440771349862259,0,0,0,0,0,0,0,0,0,0,0,0,0,0,0,0,0,0,0,0.046831955922865,0,0,0,0,0,0,0,0.0606060606060606,0.00275482093663912,0.00275482093663912,0.00275482093663912,0,0.0165289256198347,0.00275482093663912,0,0,0.00275482093663912,0,0,0.818181818181818,0,0,0,0,0,0
"000488.java",0.544218989280245,0,0,0.178981623277182,0,0.000382848392036753,0,0,0.000191424196018377,0.000191424196018377,0,0,0.000191424196018377,0.000191424196018377,0,0,0,0.000191424196018377,0,0,0,0.00210566615620214,0.010145482388974,0,0,0.000191424196018377,0.000191424196018377,0,0,0,0,0,0,0.000957120980091884,0,0,0.00172281776416539,0.2593797856049,0.000382848392036753,0,0,0,0.000382848392036753,0,0,0,0,0,0,0
"000489.java",0,0,0,0,0,0,0,0,0,0,0,0,0,0,0,0,0,0,0,0,0.194444444444444,0,0,0,0,0,0,0,0,0,0.388888888888889,0,0,0,0,0.361111111111111,0,0,0,0,0,0.0277777777777778,0,0.0277777777777778,0,0,0,0,0,0
"000490.java",0,0,0,0.00215982721382289,0,0,0.00647948164146868,0,0,0.00215982721382289,0,0,0,0,0,0,0,0,0.0151187904967603,0,0,0,0,0,0,0.00215982721382289,0.419006479481641,0,0,0,0,0,0.00215982721382289,0,0,0,0,0.548596112311015,0,0,0,0,0,0.00215982721382289,0,0,0,0,0,0
"000491.java",0,0,0.0109409190371991,0.00218818380743982,0.087527352297593,0.00218818380743982,0,0,0,0,0,0,0,0.00218818380743982,0,0,0,0,0,0,0,0,0,0,0,0,0,0,0,0,0,0,0,0,0.0415754923413567,0.074398249452954,0.0109409190371991,0.214442013129103,0,0.0831509846827133,0,0,0,0.461706783369803,0,0.0087527352297593,0,0,0,0
